xof 0303txt 0032

template XSkinMeshHeader {
  <3cf169ce-ff7c-44ab-93c0-f78f62d172e2>
  WORD nMaxSkinWeightsPerVertex;
  WORD nMaxSkinWeightsPerFace;
  WORD nBones;
}

template SkinWeights {
  <6f0d123b-bad2-4167-a0d0-80224f25fabb>
  STRING transformNodeName;
  DWORD nWeights;
  array DWORD vertexIndices[nWeights];
  array float weights[nWeights];
  Matrix4x4 matrixOffset;
}

Frame Root {
  FrameTransformMatrix {
     1.000000, 0.000000, 0.000000, 0.000000,
     0.000000,-0.000000,-1.000000, 0.000000,
     0.000000, 1.000000,-0.000000, 0.000000,
     0.000000, 0.000000, 0.000000, 1.000000;;
  }
  Frame Hips {
    FrameTransformMatrix {
       0.010000, 0.000000, 0.000000, 0.000000,
       0.000000,-0.000000, 0.010000, 0.000000,
       0.000000,-0.010000,-0.000000, 0.000000,
       0.000000, 0.000000, 0.000000, 1.000000;;
    }
    Frame Hips_Spine {
      FrameTransformMatrix {
         0.181813,-0.983333,-0.000000, 0.000000,
         0.983333, 0.181813,-0.000000, 0.000000,
         0.000000,-0.000000, 1.000000, 0.000000,
        2558.272217,-0.000243,-0.000000, 1.000000;;
      }
      Frame Hips_Armor_L {
        FrameTransformMatrix {
          -0.333244, 0.937232,-0.102686, 0.000000,
           0.124533,-0.064203,-0.990136, 0.000000,
          -0.934580,-0.342744,-0.095321, 0.000000,
          -551.105835,3598.996826,-6927.172363, 1.000000;;
        }
      } // End of Hips_Armor_L
      Frame Hips_Armor_R {
        FrameTransformMatrix {
           0.200863,-0.976269,-0.080950, 0.000000,
          -0.004370, 0.081740,-0.996644, 0.000000,
           0.979609, 0.200543, 0.012153, 0.000000,
          -551.271362,3601.772949,6921.429199, 1.000000;;
        }
      } // End of Hips_Armor_R
      Frame Hips_Head {
        FrameTransformMatrix {
           0.019702, 0.999806,-0.000000, 0.000000,
          -0.000000,-0.000000,-1.000000, 0.000000,
          -0.999806, 0.019702,-0.000000, 0.000000,
          -0.000366,6296.561035,-0.000000, 1.000000;;
        }
      } // End of Hips_Head
      Frame Hips_Upper_Arm_L {
        FrameTransformMatrix {
          -0.591804, 0.566533,-0.573418, 0.000000,
           0.592913,-0.175990,-0.785800, 0.000000,
          -0.546098,-0.805027,-0.231753, 0.000000,
          -343.424438,1402.745850,-2874.915283, 1.000000;;
        }
        Frame Hips_Lower_Arm_L {
          FrameTransformMatrix {
             1.000000, 0.000000, 0.000000, 0.000000,
            -0.000000, 0.625022,-0.780607, 0.000000,
            -0.000000, 0.780607, 0.625022, 0.000000,
            -0.000122,5313.355469, 0.000000, 1.000000;;
          }
          Frame Hips_Hand_L {
            FrameTransformMatrix {
               0.510596, 0.238619, 0.826046, 0.000000,
              -0.641433, 0.745489, 0.181135, 0.000000,
              -0.572586,-0.622340, 0.533702, 0.000000,
               0.000488,3030.516113,-0.000854, 1.000000;;
            }
            Frame Hips_Index_Proximal_L {
              FrameTransformMatrix {
                 1.000000, 0.000001, 0.000001, 0.000000,
                -0.000001, 0.999896, 0.014407, 0.000000,
                -0.000001,-0.014407, 0.999897, 0.000000,
                 0.000053,2003.540283,-0.000427, 1.000000;;
              }
            } // End of Hips_Index_Proximal_L
          } // End of Hips_Hand_L
        } // End of Hips_Lower_Arm_L
      } // End of Hips_Upper_Arm_L
      Frame Hips_Upper_Arm_R {
        FrameTransformMatrix {
           0.253397, 0.930379, 0.264924, 0.000000,
           0.249664,-0.327483, 0.911276, 0.000000,
           0.934590,-0.164773,-0.315265, 0.000000,
          -343.424866,1402.745850,2874.910156, 1.000000;;
        }
        Frame Hips_Rower_Arm_R {
          FrameTransformMatrix {
             1.000000,-0.000000, 0.000000, 0.000000,
            -0.000000,-0.351043, 0.936359, 0.000000,
            -0.000000,-0.936360,-0.351043, 0.000000,
             0.000099,5313.357422,-0.000132, 1.000000;;
          }
          Frame Hips_Hand_R {
            FrameTransformMatrix {
               0.940929,-0.196016,-0.276098, 0.000000,
              -0.010515, 0.798094,-0.602441, 0.000000,
               0.338441, 0.569757, 0.748889, 0.000000,
              -0.000061,3030.537354, 0.000000, 1.000000;;
            }
            Frame Hips_Index_Proximal_R {
              FrameTransformMatrix {
                -1.000000,-0.000000, 0.000000, 0.000000,
                 0.000000,-0.999896, 0.014407, 0.000000,
                 0.000000, 0.014384, 0.999082, 0.000000,
                 0.000183,2003.507202, 0.000202, 1.000000;;
              }
            } // End of Hips_Index_Proximal_R
          } // End of Hips_Hand_R
        } // End of Hips_Rower_Arm_R
      } // End of Hips_Upper_Arm_R
    } // End of Hips_Spine
    Frame Hips_Upper_Leg_L {
      FrameTransformMatrix {
         0.275149,-0.961396, 0.003307, 0.000000,
        -0.952187,-0.272985,-0.137182, 0.000000,
         0.132789, 0.034596,-0.990540, 0.000000,
        -958.039917,216.248520,-2118.205566, 1.000000;;
      }
      Frame Hips_Lower_Leg_L {
        FrameTransformMatrix {
           0.952178, 0.305474,-0.006546, 0.000000,
          -0.305544, 0.952004,-0.018181, 0.000000,
           0.000678, 0.019311, 0.999813, 0.000000,
           0.000088,1648.183472, 0.000065, 1.000000;;
        }
        Frame Hips_Foot_L {
          FrameTransformMatrix {
            -0.262348,-0.957201,-0.122226, 0.000000,
             0.964336,-0.264666, 0.002835, 0.000000,
            -0.035063,-0.117123, 0.992498, 0.000000,
             0.000267,1272.513184,-0.000574, 1.000000;;
          }
          Frame Hips_Toes_L {
            FrameTransformMatrix {
               0.968903, 0.089247, 0.230787, 0.000000,
              -0.231990, 0.003199, 0.972713, 0.000000,
               0.086073,-0.996004, 0.023804, 0.000000,
               0.000183,3023.224121,-0.000137, 1.000000;;
            }
          } // End of Hips_Toes_L
        } // End of Hips_Foot_L
      } // End of Hips_Lower_Leg_L
    } // End of Hips_Upper_Leg_L
    Frame Hips_Upper_Reg_R {
      FrameTransformMatrix {
         0.275146,-0.961397,-0.003312, 0.000000,
        -0.952183,-0.272981, 0.137214, 0.000000,
        -0.132821,-0.034601,-0.990536, 0.000000,
        -958.039185,216.248505,2118.209961, 1.000000;;
      }
      Frame Hips_Rower_Reg_R {
        FrameTransformMatrix {
           0.952179, 0.305468, 0.006545, 0.000000,
          -0.305538, 0.952005, 0.018261, 0.000000,
          -0.000653,-0.019388, 0.999812, 0.000000,
          -0.000035,1648.184570, 0.000036, 1.000000;;
        }
        Frame Hips_Foot_R {
          FrameTransformMatrix {
            -0.262335,-0.957162, 0.122564, 0.000000,
             0.964337,-0.264663,-0.002822, 0.000000,
             0.035139, 0.117453, 0.992457, 0.000000,
            -0.000122,1272.512085,-0.000379, 1.000000;;
          }
          Frame Hips_Toes_R {
            FrameTransformMatrix {
              -0.968835,-0.089247, 0.231072, 0.000000,
               0.232275,-0.003202, 0.972644, 0.000000,
              -0.086066, 0.996004, 0.023832, 0.000000,
              -0.000366,3023.229004,-0.000015, 1.000000;;
            }
          } // End of Hips_Toes_R
        } // End of Hips_Foot_R
      } // End of Hips_Rower_Reg_R
    } // End of Hips_Upper_Reg_R
    Frame LichMesh {
      FrameTransformMatrix {
         0.000000, 0.000000,-1.000000, 0.000000,
         0.983928, 0.178565, 0.000000, 0.000000,
         0.178565,-0.983928,-0.000000, 0.000000,
        -4311.173828,-581.424072, 0.000052, 1.000000;;
      }
      Mesh { // LichMesh mesh
        36;
        -4928.770996;10811.936523;2279.080078;,
        -8010.213379;8950.158203;2148.459717;,
        -4323.885254;8592.761719;3291.831299;,
        -4928.770996;10811.936523;2279.080078;,
        -8124.722168;10358.924805;1470.594727;,
        -8010.213379;8950.158203;2148.459717;,
        -5296.703125;12375.867188;-165.915680;,
        -8124.722168;10358.924805;1470.594727;,
        -4928.770996;10811.936523;2279.080078;,
        -8124.722168;10358.924805;1470.594727;,
        -10154.825195;9915.382812;-165.915680;,
        -8010.213379;8950.158203;2148.459717;,
        -5296.703125;12375.867188;-165.915680;,
        -8172.154297;11283.917969;-165.915680;,
        -8124.722168;10358.924805;1470.594727;,
        -8172.154297;11283.917969;-165.915680;,
        -10154.825195;9915.382812;-165.915680;,
        -8124.722168;10358.924805;1470.594727;,
        -4928.770996;10811.936523;-2610.912109;,
        -8172.154297;11283.917969;-165.915680;,
        -5296.703125;12375.867188;-165.915680;,
        -8124.722168;10358.924805;-1802.425903;,
        -10154.825195;9915.382812;-165.915680;,
        -8172.154297;11283.917969;-165.915680;,
        -4928.770996;10811.936523;-2610.912109;,
        -8124.722168;10358.924805;-1802.425903;,
        -8172.154297;11283.917969;-165.915680;,
        -8010.213379;8950.158203;-2480.290527;,
        -10154.825195;9915.382812;-165.915680;,
        -8124.722168;10358.924805;-1802.425903;,
        -4323.885254;8592.761719;-3623.662109;,
        -8124.722168;10358.924805;-1802.425903;,
        -4928.770996;10811.936523;-2610.912109;,
        -4323.885254;8592.761719;-3623.662109;,
        -8010.213379;8950.158203;-2480.290527;,
        -8124.722168;10358.924805;-1802.425903;;
        12;
        3;0,1,2;,
        3;3,4,5;,
        3;6,7,8;,
        3;9,10,11;,
        3;12,13,14;,
        3;15,16,17;,
        3;18,19,20;,
        3;21,22,23;,
        3;24,25,26;,
        3;27,28,29;,
        3;30,31,32;,
        3;33,34,35;;
        MeshNormals { // LichMesh normals
          36;
          -0.263955; 0.567736; 0.779717;,
          -0.396649; 0.357097; 0.845637;,
          -0.247230; 0.345683; 0.905179;,
          -0.263955; 0.567736; 0.779717;,
          -0.448317; 0.577563; 0.682180;,
          -0.396649; 0.357097; 0.845637;,
          -0.337321; 0.941282;-0.012940;,
          -0.448317; 0.577563; 0.682180;,
          -0.263955; 0.567736; 0.779717;,
          -0.448317; 0.577563; 0.682180;,
          -0.704642; 0.709525; 0.000000;,
          -0.396649; 0.357097; 0.845637;,
          -0.337321; 0.941282;-0.012940;,
          -0.440657; 0.897549;-0.012452;,
          -0.448317; 0.577563; 0.682180;,
          -0.440657; 0.897549;-0.012452;,
          -0.704642; 0.709525; 0.000000;,
          -0.448317; 0.577563; 0.682180;,
          -0.289560; 0.560808;-0.775628;,
          -0.440657; 0.897549;-0.012452;,
          -0.337321; 0.941282;-0.012940;,
          -0.432112; 0.587115;-0.684469;,
          -0.704642; 0.709525; 0.000000;,
          -0.440657; 0.897549;-0.012452;,
          -0.289560; 0.560808;-0.775628;,
          -0.432112; 0.587115;-0.684469;,
          -0.440657; 0.897549;-0.012452;,
          -0.376049; 0.376751;-0.846522;,
          -0.704642; 0.709525; 0.000000;,
          -0.432112; 0.587115;-0.684469;,
          -0.263497; 0.357006;-0.896146;,
          -0.432112; 0.587115;-0.684469;,
          -0.289560; 0.560808;-0.775628;,
          -0.263497; 0.357006;-0.896146;,
          -0.376049; 0.376751;-0.846522;,
          -0.432112; 0.587115;-0.684469;;
          12;
          3;0,1,2;,
          3;3,4,5;,
          3;6,7,8;,
          3;9,10,11;,
          3;12,13,14;,
          3;15,16,17;,
          3;18,19,20;,
          3;21,22,23;,
          3;24,25,26;,
          3;27,28,29;,
          3;30,31,32;,
          3;33,34,35;;
        } // End of LichMesh normals
        MeshTextureCoords { // LichMesh UV coordinates
          36;
           0.969014; 0.404799;,
           0.873361; 0.407760;,
           0.954333; 0.468941;,
           0.969014; 0.404799;,
           0.890325; 0.372175;,
           0.873361; 0.407760;,
           0.978465; 0.326519;,
           0.890325; 0.372175;,
           0.969014; 0.404799;,
           0.890325; 0.372175;,
           0.838174; 0.326451;,
           0.873361; 0.407760;,
           0.978465; 0.326519;,
           0.900699; 0.327147;,
           0.890325; 0.372175;,
           0.900699; 0.327147;,
           0.838174; 0.326451;,
           0.890325; 0.372175;,
           0.968256; 0.248775;,
           0.900699; 0.327147;,
           0.978465; 0.326519;,
           0.891216; 0.281665;,
           0.838174; 0.326451;,
           0.900699; 0.327147;,
           0.968256; 0.248775;,
           0.891216; 0.281665;,
           0.900699; 0.327147;,
           0.874178; 0.245415;,
           0.838174; 0.326451;,
           0.891216; 0.281665;,
           0.954313; 0.185450;,
           0.891216; 0.281665;,
           0.968256; 0.248775;,
           0.954313; 0.185450;,
           0.874178; 0.245415;,
           0.891216; 0.281665;;
        } // End of LichMesh UV coordinates
        MeshMaterialList { // LichMesh material list
          1;
          12;
          0,
          0,
          0,
          0,
          0,
          0,
          0,
          0,
          0,
          0,
          0,
          0;
          Material Default_Material {
             0.800000; 0.800000; 0.800000; 1.000000;;
             94.117647;
             0.500000; 0.500000; 0.500000;;
             0.000000; 0.000000; 0.000000;;
            TextureFilename {"Albedo.png";}
          }
        } // End of LichMesh material list
        XSkinMeshHeader {
          1;
          3;
          20;
        }
        SkinWeights {
          "Hips_Foot_L";
          0;
          -0.238576, 0.003871, 0.971116, 0.000000,
           0.970988,-0.015757, 0.238607, 0.000000,
           0.016225, 0.999869, 0.000000, 0.000000,
          -5.923936,563.839844,-2566.592773, 1.000000;;
        } // End of Hips_Foot_L skin weights
        SkinWeights {
          "Hips_Lower_Arm_L";
          0;
          -0.001179, 0.996618, 0.082169, 0.000000,
           0.996979, 0.007553,-0.077298, 0.000000,
          -0.077658, 0.081830,-0.993616, 0.000000,
          -8205.864258,-8201.112305,-137.740295, 1.000000;;
        } // End of Hips_Lower_Arm_L skin weights
        SkinWeights {
          "Hips_Hand_L";
          0;
          -0.000000, 0.999896, 0.014407, 0.000000,
           1.000000, 0.000000, 0.000000, 0.000000,
           0.000000, 0.014407,-0.999896, 0.000000,
          -8255.253906,-11196.214844,-16.331100, 1.000000;;
        } // End of Hips_Hand_L skin weights
        SkinWeights {
          "Hips_Upper_Reg_R";
          0;
           0.005723,-0.140660, 0.990041, 0.000000,
           0.040252,-0.989223,-0.140776, 0.000000,
           0.999173, 0.040657, 0.000000, 0.000000,
          59.533386,3114.207764,2581.621582, 1.000000;;
        } // End of Hips_Upper_Reg_R skin weights
        SkinWeights {
          "Hips_Upper_Leg_L";
          0;
          -0.005724, 0.140663, 0.990041, 0.000000,
           0.040252,-0.989222, 0.140779, 0.000000,
           0.999173, 0.040657,-0.000000, 0.000000,
          59.533173,3114.199463,-2581.627197, 1.000000;;
        } // End of Hips_Upper_Leg_L skin weights
        SkinWeights {
          "Hips_Armor_R";
          36;
          0,
          1,
          2,
          3,
          4,
          5,
          6,
          7,
          8,
          9,
          10,
          11,
          12,
          13,
          14,
          15,
          16,
          17,
          18,
          19,
          20,
          21,
          22,
          23,
          24,
          25,
          26,
          27,
          28,
          29,
          30,
          31,
          32,
          33,
          34,
          35;
           1.000000,
           1.000000,
           1.000000,
           1.000000,
           1.000000,
           1.000000,
           1.000000,
           1.000000,
           1.000000,
           1.000000,
           1.000000,
           1.000000,
           1.000000,
           1.000000,
           1.000000,
           1.000000,
           1.000000,
           1.000000,
           1.000000,
           1.000000,
           1.000000,
           1.000000,
           1.000000,
           1.000000,
           1.000000,
           1.000000,
           1.000000,
           1.000000,
           1.000000,
           1.000000,
           1.000000,
           1.000000,
           1.000000,
           1.000000,
           1.000000,
           1.000000;
          -0.000000, 1.000000,-0.000000, 0.000000,
          -1.000000,-0.000000,-0.000000, 0.000000,
           0.000000, 0.000000, 1.000000, 0.000000,
          10456.699219,6932.500488, 0.000031, 1.000000;;
        } // End of Hips_Armor_R skin weights
        SkinWeights {
          "Hips_Upper_Arm_R";
          0;
           0.001179,-0.997506,-0.070575, 0.000000,
           0.996979,-0.004308, 0.077547, 0.000000,
          -0.077657,-0.070454, 0.994488, 0.000000,
          -8205.860352,-2813.060303,-1112.899048, 1.000000;;
        } // End of Hips_Upper_Arm_R skin weights
        SkinWeights {
          "Hips_Rower_Arm_R";
          0;
           0.001179,-0.996618, 0.082168, 0.000000,
           0.996979, 0.007553, 0.077298, 0.000000,
          -0.077657, 0.081829, 0.993616, 0.000000,
          -8205.860352,-8201.112305,137.740173, 1.000000;;
        } // End of Hips_Rower_Arm_R skin weights
        SkinWeights {
          "Hips_Hand_R";
          0;
           0.000000,-0.999896, 0.014407, 0.000000,
           1.000000, 0.000000,-0.000000, 0.000000,
           0.000000, 0.014407, 0.999896, 0.000000,
          -8255.252930,-11196.232422,16.339310, 1.000000;;
        } // End of Hips_Hand_R skin weights
        SkinWeights {
          "Hips_Index_Proximal_R";
          0;
          -0.000000, 1.000000,-0.000000, 0.000000,
          -1.000000,-0.000000,-0.000000, 0.000000,
          -0.000000,-0.000012, 1.000815, 0.000000,
          8255.258789,13198.604492,-173.977463, 1.000000;;
        } // End of Hips_Index_Proximal_R skin weights
        SkinWeights {
          "Hips_Lower_Leg_L";
          0;
           0.040677, 0.109092, 0.993199, 0.000000,
          -0.346997,-0.930611, 0.116429, 0.000000,
           0.936984,-0.349373, 0.000000, 0.000000,
          644.491943,1387.601685,-2544.943604, 1.000000;;
        } // End of Hips_Lower_Leg_L skin weights
        SkinWeights {
          "Hips_Toes_L";
          0;
          -0.006690, 0.999977,-0.001274, 0.000000,
           0.994454, 0.006787, 0.104950, 0.000000,
           0.104956,-0.000565,-0.994477, 0.000000,
          -817.568481,-2503.052246,2387.952393, 1.000000;;
        } // End of Hips_Toes_L skin weights
        SkinWeights {
          "Hips_Rower_Reg_R";
          0;
          -0.040676,-0.109088, 0.993199, 0.000000,
          -0.346996,-0.930612,-0.116425, 0.000000,
           0.936984,-0.349372, 0.000000, 0.000000,
          644.493347,1387.609375,2544.937744, 1.000000;;
        } // End of Hips_Rower_Reg_R skin weights
        SkinWeights {
          "Hips_Spine";
          0;
          -0.000000, 0.000000,-1.000000, 0.000000,
           0.028480, 0.999594, 0.000000, 0.000000,
           0.999595,-0.028480,-0.000000, 0.000000,
          -849.753174,-6841.437500, 0.000052, 1.000000;;
        } // End of Hips_Spine skin weights
        SkinWeights {
          "Hips_Index_Proximal_L";
          0;
           0.000001, 1.000000, 0.000000, 0.000000,
           1.000000,-0.000001,-0.000001, 0.000000,
          -0.000001, 0.000000,-1.000000, 0.000000,
          -8255.264648,-13198.612305,173.839981, 1.000000;;
        } // End of Hips_Index_Proximal_L skin weights
        SkinWeights {
          "Hips_Toes_R";
          0;
          -0.006690, 0.999977,-0.001277, 0.000000,
          -0.994454,-0.006787,-0.104949, 0.000000,
          -0.104955, 0.000568, 0.994477, 0.000000,
          817.568359,2503.058105,-2387.965088, 1.000000;;
        } // End of Hips_Toes_R skin weights
        SkinWeights {
          "Hips_Head";
          0;
           0.000000, 1.000000, 0.000000, 0.000000,
           1.000000,-0.000000, 0.000000, 0.000000,
          -0.000000, 0.000000,-1.000000, 0.000000,
          -13156.870117,-0.000052,475.239868, 1.000000;;
        } // End of Hips_Head skin weights
        SkinWeights {
          "Hips_Foot_R";
          0;
           0.238862,-0.003876, 0.971046, 0.000000,
           0.970918,-0.015756,-0.238893, 0.000000,
           0.016226, 0.999869, 0.000000, 0.000000,
          -5.167769,563.826904,2566.592773, 1.000000;;
        } // End of Hips_Foot_R skin weights
        SkinWeights {
          "Hips_Armor_L";
          0;
           0.000000, 1.000000, 0.000000, 0.000000,
           1.000000,-0.000000, 0.000000, 0.000000,
          -0.000000, 0.000000,-1.000000, 0.000000,
          -10456.746094,-6932.501953,-0.000366, 1.000000;;
        } // End of Hips_Armor_L skin weights
        SkinWeights {
          "Hips_Upper_Arm_L";
          0;
          -0.001179, 0.997506,-0.070575, 0.000000,
           0.996979,-0.004308,-0.077547, 0.000000,
          -0.077657,-0.070454,-0.994488, 0.000000,
          -8205.862305,-2813.066406,1112.901245, 1.000000;;
        } // End of Hips_Upper_Arm_L skin weights
      } // End of LichMesh mesh
    } // End of LichMesh
    Frame LichMesh_004 {
      FrameTransformMatrix {
         0.000000, 0.000000,-1.000000, 0.000000,
         0.983928, 0.178565, 0.000000, 0.000000,
         0.178565,-0.983928,-0.000000, 0.000000,
        -4311.173828,-581.424072, 0.000052, 1.000000;;
      }
      Mesh { // LichMesh_004 mesh
        354;
        3485.461426;9548.456055;3083.048340;,
        4300.596191;12608.791992;3428.108887;,
        3788.859131;12390.409180;2956.904541;,
        4300.596191;12608.791992;3428.108887;,
        1754.724854;14835.121094;4476.629883;,
        3788.859131;12390.409180;2956.904541;,
        4300.596191;12608.791992;3428.108887;,
        2395.818604;14985.360352;4832.479004;,
        1754.724854;14835.121094;4476.629883;,
        2395.818604;14985.360352;4832.479004;,
        -0.000000;19942.880859;5468.096191;,
        1754.724854;14835.121094;4476.629883;,
        2395.818604;14985.360352;4832.479004;,
        -0.000000;20479.505859;5833.821777;,
        -0.000000;19942.880859;5468.096191;,
        -4300.596191;12608.791992;3428.108887;,
        -3485.461426;9548.456055;3083.048340;,
        -3788.859131;12390.409180;2956.904541;,
        -2395.818604;14985.360352;4832.479004;,
        -4300.596191;12608.791992;3428.108887;,
        -3788.859131;12390.409180;2956.904541;,
        -2395.818604;14985.360352;4832.479004;,
        -3788.859131;12390.409180;2956.904541;,
        -1754.724854;14835.121094;4476.629883;,
        -0.000000;20479.505859;5833.821777;,
        -2395.818604;14985.360352;4832.479004;,
        -1754.724854;14835.121094;4476.629883;,
        -0.000000;20479.505859;5833.821777;,
        -1754.724854;14835.121094;4476.629883;,
        -0.000000;19942.880859;5468.096191;,
        -0.000000;4523.715820;-4139.018066;,
        3043.835449;-0.000000;-3657.762451;,
        -0.000000;-0.000000;-5129.547363;,
        -0.000000;4523.715820;-4139.018066;,
        2804.065918;4456.025879;-2637.694580;,
        3043.835449;-0.000000;-3657.762451;,
        -0.000000;7522.668457;-4468.217285;,
        2804.065918;4456.025879;-2637.694580;,
        -0.000000;4523.715820;-4139.018066;,
        2804.065918;4456.025879;-2637.694580;,
        4304.632812;-0.000000;-79.350662;,
        3043.835449;-0.000000;-3657.762451;,
        -0.000000;7522.668457;-4468.217285;,
        3157.482910;7804.738770;-2922.647949;,
        2804.065918;4456.025879;-2637.694580;,
        -0.000000;9438.923828;-4604.037598;,
        3157.482910;7804.738770;-2922.647949;,
        -0.000000;7522.668457;-4468.217285;,
        2804.065918;4456.025879;-2637.694580;,
        3965.553223;4285.308594;222.946930;,
        4304.632812;-0.000000;-79.350662;,
        3157.482910;7804.738770;-2922.647949;,
        3965.553223;4285.308594;222.946930;,
        2804.065918;4456.025879;-2637.694580;,
        3965.553223;4285.308594;222.946930;,
        3043.835449;-0.000000;2934.232422;,
        4304.632812;-0.000000;-79.350662;,
        -0.000000;9438.923828;-4604.037598;,
        3372.540771;9869.882812;-3242.971436;,
        3157.482910;7804.738770;-2922.647949;,
        -0.000000;10703.451172;-5623.732910;,
        3372.540771;9869.882812;-3242.971436;,
        -0.000000;9438.923828;-4604.037598;,
        3965.553223;4285.308594;222.946930;,
        2804.065918;4148.935059;2462.994385;,
        3043.835449;-0.000000;2934.232422;,
        2804.065918;4148.935059;2462.994385;,
        -0.000000;-0.000000;4117.475098;,
        3043.835449;-0.000000;2934.232422;,
        3157.482910;7804.738770;-2922.647949;,
        4465.350586;7691.739746;245.815277;,
        3965.553223;4285.308594;222.946930;,
        3372.540771;9869.882812;-3242.971436;,
        4465.350586;7691.739746;245.815277;,
        3157.482910;7804.738770;-2922.647949;,
        4465.350586;7691.739746;245.815277;,
        2804.065918;4148.935059;2462.994385;,
        3965.553223;4285.308594;222.946930;,
        -0.000000;10703.451172;-5623.732910;,
        3798.549316;11572.295898;-3569.628906;,
        3372.540771;9869.882812;-3242.971436;,
        -0.000000;13495.065430;-5309.540039;,
        3798.549316;11572.295898;-3569.628906;,
        -0.000000;10703.451172;-5623.732910;,
        3372.540771;9869.882812;-3242.971436;,
        4619.290527;9869.882812;458.343872;,
        4465.350586;7691.739746;245.815277;,
        3798.549316;11572.295898;-3569.628906;,
        4619.290527;9869.882812;458.343872;,
        3372.540771;9869.882812;-3242.971436;,
        4465.350586;7691.739746;245.815277;,
        3157.482910;7301.683105;2884.676270;,
        2804.065918;4148.935059;2462.994385;,
        4619.290527;9869.882812;458.343872;,
        3157.482910;7301.683105;2884.676270;,
        4465.350586;7691.739746;245.815277;,
        2804.065918;4148.935059;2462.994385;,
        -0.000000;4081.244629;3667.183594;,
        -0.000000;-0.000000;4117.475098;,
        3157.482910;7301.683105;2884.676270;,
        -0.000000;4081.244629;3667.183594;,
        2804.065918;4148.935059;2462.994385;,
        -0.000000;13495.065430;-5309.540039;,
        2833.381348;14242.866211;-2949.893799;,
        3798.549316;11572.295898;-3569.628906;,
        2833.381348;14242.866211;-2949.893799;,
        -0.000000;13495.065430;-5309.540039;,
        -0.000000;17144.625000;-2865.896484;,
        3798.549316;11572.295898;-3569.628906;,
        5318.056641;11843.708008;585.670837;,
        4619.290527;9869.882812;458.343872;,
        2833.381348;14242.866211;-2949.893799;,
        5318.056641;11843.708008;585.670837;,
        3798.549316;11572.295898;-3569.628906;,
        4619.290527;9869.882812;458.343872;,
        3485.461426;9548.456055;3083.048340;,
        3157.482910;7301.683105;2884.676270;,
        5318.056641;11843.708008;585.670837;,
        3485.461426;9548.456055;3083.048340;,
        4619.290527;9869.882812;458.343872;,
        2833.381348;14242.866211;-2949.893799;,
        -0.000000;17144.625000;-2865.896484;,
        2047.613770;16348.562500;-1744.453369;,
        -0.000000;18471.171875;-178.809738;,
        2047.613770;16348.562500;-1744.453369;,
        -0.000000;17144.625000;-2865.896484;,
        2833.381348;14242.866211;-2949.893799;,
        4102.395508;14054.919922;703.182983;,
        5318.056641;11843.708008;585.670837;,
        4102.395508;14054.919922;703.182983;,
        2833.381348;14242.866211;-2949.893799;,
        2047.613770;16348.562500;-1744.453369;,
        -0.000000;18471.171875;-178.809738;,
        1887.472900;16747.734375;1451.360352;,
        2047.613770;16348.562500;-1744.453369;,
        4102.395508;14054.919922;703.182983;,
        2047.613770;16348.562500;-1744.453369;,
        1887.472900;16747.734375;1451.360352;,
        -0.000000;18471.171875;-178.809738;,
        -0.000000;20836.876953;4238.956543;,
        1887.472900;16747.734375;1451.360352;,
        -0.000000;20479.505859;5833.821777;,
        1887.472900;16747.734375;1451.360352;,
        -0.000000;20836.876953;4238.956543;,
        -0.000000;20479.505859;5833.821777;,
        2395.818604;14985.360352;4832.479004;,
        1887.472900;16747.734375;1451.360352;,
        4102.395508;14054.919922;703.182983;,
        1887.472900;16747.734375;1451.360352;,
        2395.818604;14985.360352;4832.479004;,
        4102.395508;14054.919922;703.182983;,
        2395.818604;14985.360352;4832.479004;,
        4300.596191;12608.791992;3428.108887;,
        4102.395508;14054.919922;703.182983;,
        4300.596191;12608.791992;3428.108887;,
        5318.056641;11843.708008;585.670837;,
        5318.056641;11843.708008;585.670837;,
        4300.596191;12608.791992;3428.108887;,
        3485.461426;9548.456055;3083.048340;,
        3485.461426;9548.456055;3083.048340;,
        -0.000000;6660.060059;3940.956787;,
        3157.482910;7301.683105;2884.676270;,
        3157.482910;7301.683105;2884.676270;,
        -0.000000;6660.060059;3940.956787;,
        -0.000000;4081.244629;3667.183594;,
        3485.461426;9548.456055;3083.048340;,
        -0.000000;8944.450195;3896.402832;,
        -0.000000;6660.060059;3940.956787;,
        3788.859131;12390.409180;2956.904541;,
        -0.000000;8944.450195;3896.402832;,
        3485.461426;9548.456055;3083.048340;,
        3788.859131;12390.409180;2956.904541;,
        -0.000000;12301.416016;4440.528320;,
        -0.000000;8944.450195;3896.402832;,
        1754.724854;14835.121094;4476.629883;,
        -0.000000;12301.416016;4440.528320;,
        3788.859131;12390.409180;2956.904541;,
        1754.724854;14835.121094;4476.629883;,
        -0.000000;14633.351562;4968.682617;,
        -0.000000;12301.416016;4440.528320;,
        1754.724854;14835.121094;4476.629883;,
        -0.000000;19942.880859;5468.096191;,
        -0.000000;14633.351562;4968.682617;,
        -1754.724854;14835.121094;4476.629883;,
        -0.000000;14633.351562;4968.682617;,
        -0.000000;19942.880859;5468.096191;,
        -1754.724854;14835.121094;4476.629883;,
        -0.000000;12301.416016;4440.528320;,
        -0.000000;14633.351562;4968.682617;,
        -1754.724854;14835.121094;4476.629883;,
        -3788.859131;12390.409180;2956.904541;,
        -0.000000;12301.416016;4440.528320;,
        -3788.859131;12390.409180;2956.904541;,
        -0.000000;8944.450195;3896.402832;,
        -0.000000;12301.416016;4440.528320;,
        -3788.859131;12390.409180;2956.904541;,
        -3485.461426;9548.456055;3083.048340;,
        -0.000000;8944.450195;3896.402832;,
        -3485.461426;9548.456055;3083.048340;,
        -0.000000;6660.060059;3940.956787;,
        -0.000000;8944.450195;3896.402832;,
        -3157.482910;7301.683105;2884.676270;,
        -0.000000;4081.244629;3667.183594;,
        -0.000000;6660.060059;3940.956787;,
        -3485.461426;9548.456055;3083.048340;,
        -3157.482910;7301.683105;2884.676270;,
        -0.000000;6660.060059;3940.956787;,
        -3157.482910;7301.683105;2884.676270;,
        -2804.065918;4148.935059;2462.994385;,
        -0.000000;4081.244629;3667.183594;,
        -2804.065918;4148.935059;2462.994385;,
        -0.000000;-0.000000;4117.475098;,
        -0.000000;4081.244629;3667.183594;,
        -2804.065918;4148.935059;2462.994385;,
        -3043.835449;-0.000000;2934.232422;,
        -0.000000;-0.000000;4117.475098;,
        -3965.553223;4285.308594;222.946930;,
        -3043.835449;-0.000000;2934.232422;,
        -2804.065918;4148.935059;2462.994385;,
        -3965.553223;4285.308594;222.946930;,
        -4304.638672;-0.000000;-79.350662;,
        -3043.835449;-0.000000;2934.232422;,
        -4465.350586;7691.739746;245.815277;,
        -2804.065918;4148.935059;2462.994385;,
        -3157.482910;7301.683105;2884.676270;,
        -4465.350586;7691.739746;245.815277;,
        -3965.553223;4285.308594;222.946930;,
        -2804.065918;4148.935059;2462.994385;,
        -4619.290527;9869.882812;458.343872;,
        -3157.482910;7301.683105;2884.676270;,
        -3485.461426;9548.456055;3083.048340;,
        -4619.290527;9869.882812;458.343872;,
        -4465.350586;7691.739746;245.815277;,
        -3157.482910;7301.683105;2884.676270;,
        -2804.065918;4456.025879;-2637.694580;,
        -4304.638672;-0.000000;-79.350662;,
        -3965.553223;4285.308594;222.946930;,
        -2804.065918;4456.025879;-2637.694580;,
        -3043.835449;-0.000000;-3657.762451;,
        -4304.638672;-0.000000;-79.350662;,
        -3157.482910;7804.738770;-2922.647949;,
        -3965.553223;4285.308594;222.946930;,
        -4465.350586;7691.739746;245.815277;,
        -3157.482910;7804.738770;-2922.647949;,
        -2804.065918;4456.025879;-2637.694580;,
        -3965.553223;4285.308594;222.946930;,
        -0.000000;4523.715820;-4139.018066;,
        -3043.835449;-0.000000;-3657.762451;,
        -2804.065918;4456.025879;-2637.694580;,
        -0.000000;4523.715820;-4139.018066;,
        -0.000000;-0.000000;-5129.547363;,
        -3043.835449;-0.000000;-3657.762451;,
        -0.000000;7522.668457;-4468.217285;,
        -0.000000;4523.715820;-4139.018066;,
        -2804.065918;4456.025879;-2637.694580;,
        -0.000000;7522.668457;-4468.217285;,
        -2804.065918;4456.025879;-2637.694580;,
        -3157.482910;7804.738770;-2922.647949;,
        -0.000000;9438.923828;-4604.037598;,
        -0.000000;7522.668457;-4468.217285;,
        -3157.482910;7804.738770;-2922.647949;,
        -3372.540771;9869.882812;-3242.971436;,
        -3157.482910;7804.738770;-2922.647949;,
        -4465.350586;7691.739746;245.815277;,
        -0.000000;9438.923828;-4604.037598;,
        -3157.482910;7804.738770;-2922.647949;,
        -3372.540771;9869.882812;-3242.971436;,
        -3372.540771;9869.882812;-3242.971436;,
        -4465.350586;7691.739746;245.815277;,
        -4619.290527;9869.882812;458.343872;,
        -0.000000;10703.451172;-5623.732910;,
        -0.000000;9438.923828;-4604.037598;,
        -3372.540771;9869.882812;-3242.971436;,
        -0.000000;10703.451172;-5623.732910;,
        -3372.540771;9869.882812;-3242.971436;,
        -3798.549316;11572.295898;-3569.628906;,
        -3798.549316;11572.295898;-3569.628906;,
        -3372.540771;9869.882812;-3242.971436;,
        -4619.290527;9869.882812;458.343872;,
        -0.000000;13495.065430;-5309.540039;,
        -0.000000;10703.451172;-5623.732910;,
        -3798.549316;11572.295898;-3569.628906;,
        -3798.549316;11572.295898;-3569.628906;,
        -4619.290527;9869.882812;458.343872;,
        -5318.056641;11843.708008;585.670837;,
        -5318.056641;11843.708008;585.670837;,
        -4619.290527;9869.882812;458.343872;,
        -3485.461426;9548.456055;3083.048340;,
        -5318.056641;11843.708008;585.670837;,
        -3485.461426;9548.456055;3083.048340;,
        -4300.596191;12608.791992;3428.108887;,
        -0.000000;13495.065430;-5309.540039;,
        -3798.549316;11572.295898;-3569.628906;,
        -2833.381348;14242.866211;-2949.893799;,
        -2833.381348;14242.866211;-2949.893799;,
        -3798.549316;11572.295898;-3569.628906;,
        -5318.056641;11843.708008;585.670837;,
        -2833.381348;14242.866211;-2949.893799;,
        -0.000000;17144.625000;-2865.896484;,
        -0.000000;13495.065430;-5309.540039;,
        -4102.395508;14054.919922;703.182983;,
        -5318.056641;11843.708008;585.670837;,
        -4300.596191;12608.791992;3428.108887;,
        -2833.381348;14242.866211;-2949.893799;,
        -5318.056641;11843.708008;585.670837;,
        -4102.395508;14054.919922;703.182983;,
        -4102.395508;14054.919922;703.182983;,
        -4300.596191;12608.791992;3428.108887;,
        -2395.818604;14985.360352;4832.479004;,
        -2833.381348;14242.866211;-2949.893799;,
        -2047.613770;16348.562500;-1744.453369;,
        -0.000000;17144.625000;-2865.896484;,
        -4102.395508;14054.919922;703.182983;,
        -2047.613770;16348.562500;-1744.453369;,
        -2833.381348;14242.866211;-2949.893799;,
        -0.000000;18471.171875;-178.809738;,
        -0.000000;17144.625000;-2865.896484;,
        -2047.613770;16348.562500;-1744.453369;,
        -4102.395508;14054.919922;703.182983;,
        -2395.818604;14985.360352;4832.479004;,
        -1887.472900;16747.734375;1451.360352;,
        -4102.395508;14054.919922;703.182983;,
        -1887.472900;16747.734375;1451.360352;,
        -2047.613770;16348.562500;-1744.453369;,
        -0.000000;18471.171875;-178.809738;,
        -2047.613770;16348.562500;-1744.453369;,
        -1887.472900;16747.734375;1451.360352;,
        -0.000000;20479.505859;5833.821777;,
        -1887.472900;16747.734375;1451.360352;,
        -2395.818604;14985.360352;4832.479004;,
        -0.000000;18471.171875;-178.809738;,
        -1887.472900;16747.734375;1451.360352;,
        -0.000000;20836.876953;4238.956543;,
        -0.000000;20479.505859;5833.821777;,
        -0.000000;20836.876953;4238.956543;,
        -1887.472900;16747.734375;1451.360352;,
        3043.835449;-0.000000;2934.232422;,
        -0.000000;-0.000000;4117.475098;,
        -3043.835449;-0.000000;2934.232422;,
        4304.632812;-0.000000;-79.350662;,
        3043.835449;-0.000000;2934.232422;,
        -3043.835449;-0.000000;2934.232422;,
        4304.632812;-0.000000;-79.350662;,
        -3043.835449;-0.000000;2934.232422;,
        -4304.638672;-0.000000;-79.350662;,
        -4304.638672;-0.000000;-79.350662;,
        3043.835449;-0.000000;-3657.762451;,
        4304.632812;-0.000000;-79.350662;,
        -4304.638672;-0.000000;-79.350662;,
        -3043.835449;-0.000000;-3657.762451;,
        3043.835449;-0.000000;-3657.762451;,
        -3043.835449;-0.000000;-3657.762451;,
        -0.000000;-0.000000;-5129.547363;,
        3043.835449;-0.000000;-3657.762451;;
        118;
        3;0,1,2;,
        3;3,4,5;,
        3;6,7,8;,
        3;9,10,11;,
        3;12,13,14;,
        3;15,16,17;,
        3;18,19,20;,
        3;21,22,23;,
        3;24,25,26;,
        3;27,28,29;,
        3;30,31,32;,
        3;33,34,35;,
        3;36,37,38;,
        3;39,40,41;,
        3;42,43,44;,
        3;45,46,47;,
        3;48,49,50;,
        3;51,52,53;,
        3;54,55,56;,
        3;57,58,59;,
        3;60,61,62;,
        3;63,64,65;,
        3;66,67,68;,
        3;69,70,71;,
        3;72,73,74;,
        3;75,76,77;,
        3;78,79,80;,
        3;81,82,83;,
        3;84,85,86;,
        3;87,88,89;,
        3;90,91,92;,
        3;93,94,95;,
        3;96,97,98;,
        3;99,100,101;,
        3;102,103,104;,
        3;105,106,107;,
        3;108,109,110;,
        3;111,112,113;,
        3;114,115,116;,
        3;117,118,119;,
        3;120,121,122;,
        3;123,124,125;,
        3;126,127,128;,
        3;129,130,131;,
        3;132,133,134;,
        3;135,136,137;,
        3;138,139,140;,
        3;141,142,143;,
        3;144,145,146;,
        3;147,148,149;,
        3;150,151,152;,
        3;153,154,155;,
        3;156,157,158;,
        3;159,160,161;,
        3;162,163,164;,
        3;165,166,167;,
        3;168,169,170;,
        3;171,172,173;,
        3;174,175,176;,
        3;177,178,179;,
        3;180,181,182;,
        3;183,184,185;,
        3;186,187,188;,
        3;189,190,191;,
        3;192,193,194;,
        3;195,196,197;,
        3;198,199,200;,
        3;201,202,203;,
        3;204,205,206;,
        3;207,208,209;,
        3;210,211,212;,
        3;213,214,215;,
        3;216,217,218;,
        3;219,220,221;,
        3;222,223,224;,
        3;225,226,227;,
        3;228,229,230;,
        3;231,232,233;,
        3;234,235,236;,
        3;237,238,239;,
        3;240,241,242;,
        3;243,244,245;,
        3;246,247,248;,
        3;249,250,251;,
        3;252,253,254;,
        3;255,256,257;,
        3;258,259,260;,
        3;261,262,263;,
        3;264,265,266;,
        3;267,268,269;,
        3;270,271,272;,
        3;273,274,275;,
        3;276,277,278;,
        3;279,280,281;,
        3;282,283,284;,
        3;285,286,287;,
