xof 0303txt 0032

template XSkinMeshHeader {
  <3cf169ce-ff7c-44ab-93c0-f78f62d172e2>
  WORD nMaxSkinWeightsPerVertex;
  WORD nMaxSkinWeightsPerFace;
  WORD nBones;
}

template SkinWeights {
  <6f0d123b-bad2-4167-a0d0-80224f25fabb>
  STRING transformNodeName;
  DWORD nWeights;
  array DWORD vertexIndices[nWeights];
  array float weights[nWeights];
  Matrix4x4 matrixOffset;
}

Frame Root {
  FrameTransformMatrix {
     1.000000, 0.000000, 0.000000, 0.000000,
     0.000000,-0.000000,-1.000000, 0.000000,
     0.000000, 1.000000,-0.000000, 0.000000,
     0.000000, 0.000000, 0.000000, 1.000000;;
  }
  Frame Armature {
    FrameTransformMatrix {
       0.010000, 0.000000, 0.000000, 0.000000,
       0.000000, 0.010000, 0.000000, 0.000000,
       0.000000, 0.000000, 0.010000, 0.000000,
       0.000000, 0.000000, 0.000000, 1.000000;;
    }
    Frame Armature_Body {
      FrameTransformMatrix {
        -0.000000,-0.104192, 0.994557, 0.000000,
        -0.000000,-0.994557,-0.104192, 0.000000,
         0.999989, 0.000001, 0.000000, 0.000000,
         0.000000,56.922386,13.463865, 1.000000;;
      }
      Frame Armature_Spine01 {
        FrameTransformMatrix {
           0.982884,-0.184227, 0.000000, 0.000000,
           0.184227, 0.982884, 0.000000, 0.000000,
          -0.000000, 0.000000, 1.000000, 0.000000,
           0.000001,31.336260,-0.000000, 1.000000;;
        }
        Frame Armature_Shell {
          FrameTransformMatrix {
            -0.089122, 0.996021,-0.000001, 0.000000,
             0.996021, 0.089122,-0.000000, 0.000000,
            -0.000000,-0.000001,-1.000000, 0.000000,
            37.512909,14.992228,-0.000006, 1.000000;;
          }
          Frame Armature_HornL01 {
            FrameTransformMatrix {
              -0.999983,-0.003934,-0.004219, 0.000000,
               0.000079, 0.721943,-0.691953, 0.000000,
               0.005768,-0.691942,-0.721930, 0.000000,
               1.772913,22.098843,-21.630371, 1.000000;;
            }
            Frame Armature_HornLTip01 {
              FrameTransformMatrix {
                 0.999981,-0.006097,-0.000000, 0.000000,
                 0.004219, 0.691953, 0.721931, 0.000000,
                -0.004401,-0.721917, 0.691966, 0.000000,
                 0.000000,26.061644,-0.000005, 1.000000;;
              }
            } // End of Armature_HornLTip01
          } // End of Armature_HornL01
          Frame Armature_HornL02 {
            FrameTransformMatrix {
              -0.863740, 0.261626,-0.430703, 0.000000,
               0.503888, 0.460365,-0.730863, 0.000000,
               0.007067,-0.848302,-0.529466, 0.000000,
              24.946095, 5.954980,-32.448830, 1.000000;;
            }
            Frame Armature_HornLTip02 {
              FrameTransformMatrix {
                 0.861529,-0.507708, 0.000005, 0.000000,
                 0.430702, 0.730863, 0.529466, 0.000000,
                -0.268818,-0.456149, 0.848331, 0.000000,
                -0.000002,22.917961,-0.000002, 1.000000;;
              }
            } // End of Armature_HornLTip02
          } // End of Armature_HornL02
          Frame Armature_HornL03 {
            FrameTransformMatrix {
              -0.825636,-0.306001, 0.474013, 0.000000,
              -0.564159, 0.437253,-0.700382, 0.000000,
               0.007054,-0.845679,-0.533645, 0.000000,
              -25.218187, 6.419462,-31.772219, 1.000000;;
            }
            Frame Armature_HornLTip03 {
              FrameTransformMatrix {
                 0.828158, 0.560494,-0.000004, 0.000000,
                -0.474013, 0.700382, 0.533645, 0.000000,
                 0.299108,-0.441940, 0.845709, 0.000000,
                -0.000001,21.928827,-0.000002, 1.000000;;
              }
            } // End of Armature_HornLTip03
          } // End of Armature_HornL03
          Frame Armature_HornL04 {
            FrameTransformMatrix {
              -0.999925,-0.010402, 0.006519, 0.000000,
              -0.009356, 0.302043,-0.953249, 0.000000,
               0.007946,-0.953238,-0.302117, 0.000000,
               3.628018,-10.459241,-42.497318, 1.000000;;
            }
            Frame Armature_HornLTip04 {
              FrameTransformMatrix {
                 0.999977, 0.006838,-0.000000, 0.000000,
                -0.006518, 0.953248, 0.302117, 0.000000,
                 0.002066,-0.302110, 0.953270, 0.000000,
                 0.000002,25.214075,-0.000002, 1.000000;;
              }
            } // End of Armature_HornLTip04
          } // End of Armature_HornL04
          Frame Armature_HornMid01 {
            FrameTransformMatrix {
              -0.484909,-0.874565,-0.000000, 0.000000,
              -0.874565, 0.484909, 0.000001, 0.000000,
              -0.000001, 0.000001,-1.000000, 0.000000,
              -37.650902, 1.860807, 0.000048, 1.000000;;
            }
            Frame Armature_HornMidTip01 {
              FrameTransformMatrix {
                 0.492182, 0.870492, 0.000001, 0.000000,
                 0.000000,-0.000001, 1.000000, 0.000000,
                 0.870492,-0.492182,-0.000001, 0.000000,
                -0.000002,23.230297,-0.000000, 1.000000;;
              }
            } // End of Armature_HornMidTip01
          } // End of Armature_HornMid01
          Frame Armature_HornMid02 {
            FrameTransformMatrix {
              -0.985332,-0.170649, 0.000000, 0.000000,
              -0.170649, 0.985332, 0.000000, 0.000000,
              -0.000000, 0.000000,-1.000000, 0.000000,
               0.541829,34.079460, 0.000000, 1.000000;;
            }
            Frame Armature_HornMidTip02 {
              FrameTransformMatrix {
                 0.986720, 0.162430, 0.000000, 0.000000,
                 0.000000,-0.000000, 1.000000, 0.000000,
                 0.162430,-0.986720,-0.000000, 0.000000,
                 0.000001,23.869209, 0.000000, 1.000000;;
              }
            } // End of Armature_HornMidTip02
          } // End of Armature_HornMid02
          Frame Armature_HornMid03 {
            FrameTransformMatrix {
              -0.742934, 0.669365, 0.000000, 0.000000,
               0.669365, 0.742934,-0.000001, 0.000000,
              -0.000001,-0.000001,-1.000000, 0.000000,
              37.328312,17.870409,-0.000047, 1.000000;;
            }
            Frame Armature_HornMidTip03 {
              FrameTransformMatrix {
                 0.737328,-0.675534, 0.000001, 0.000000,
                -0.000000, 0.000001, 1.000000, 0.000000,
                -0.675534,-0.737328, 0.000001, 0.000000,
                 0.000004,23.350195,-0.000000, 1.000000;;
              }
            } // End of Armature_HornMidTip03
          } // End of Armature_HornMid03
          Frame Armature_HornR01 {
            FrameTransformMatrix {
              -0.999983,-0.003934, 0.004219, 0.000000,
               0.000079, 0.721944, 0.691951, 0.000000,
              -0.005768, 0.691940,-0.721932, 0.000000,
               1.772884,22.098848,21.630346, 1.000000;;
            }
            Frame Armature_HornRTip01 {
              FrameTransformMatrix {
                -0.999981, 0.006097,-0.000000, 0.000000,
                -0.004219,-0.691951, 0.721932, 0.000000,
                 0.004402, 0.721919, 0.691964, 0.000000,
                 0.000000,26.061678, 0.000001, 1.000000;;
              }
            } // End of Armature_HornRTip01
          } // End of Armature_HornR01
          Frame Armature_HornR02 {
            FrameTransformMatrix {
              -0.863739, 0.261627, 0.430705, 0.000000,
               0.503891, 0.460365, 0.730862, 0.000000,
              -0.007068, 0.848301,-0.529466, 0.000000,
              24.946064, 5.954971,32.448730, 1.000000;;
            }
            Frame Armature_HornRTip02 {
              FrameTransformMatrix {
                -0.861528, 0.507710, 0.000004, 0.000000,
                -0.430705,-0.730862, 0.529466, 0.000000,
                 0.268818, 0.456148, 0.848331, 0.000000,
                -0.000004,22.917984,-0.000007, 1.000000;;
              }
            } // End of Armature_HornRTip02
          } // End of Armature_HornR02
          Frame Armature_HornR03 {
            FrameTransformMatrix {
              -0.825636,-0.306000,-0.474014, 0.000000,
              -0.564159, 0.437250, 0.700383, 0.000000,
              -0.007054, 0.845681,-0.533643, 0.000000,
              -25.218151, 6.419503,31.772291, 1.000000;;
            }
            Frame Armature_HornRTip03 {
              FrameTransformMatrix {
                -0.828158,-0.560495,-0.000005, 0.000000,
                 0.474014,-0.700383, 0.533642, 0.000000,
                -0.299107, 0.441938, 0.845710, 0.000000,
                 0.000004,21.928848, 0.000005, 1.000000;;
              }
            } // End of Armature_HornRTip03
          } // End of Armature_HornR03
          Frame Armature_HornR04 {
            FrameTransformMatrix {
              -0.999925,-0.010401,-0.006518, 0.000000,
              -0.009355, 0.302042, 0.953249, 0.000000,
              -0.007946, 0.953238,-0.302116, 0.000000,
               3.628050,-10.459208,42.497276, 1.000000;;
            }
            Frame Armature_HornRTip04 {
              FrameTransformMatrix {
                -0.999977,-0.006837,-0.000000, 0.000000,
                 0.006518,-0.953249, 0.302117, 0.000000,
                -0.002066, 0.302110, 0.953271, 0.000000,
                -0.000000,25.214046, 0.000001, 1.000000;;
              }
            } // End of Armature_HornRTip04
          } // End of Armature_HornR04
        } // End of Armature_Shell
        Frame Armature_Spine02 {
          FrameTransformMatrix {
             0.967918,-0.251268, 0.000000, 0.000000,
             0.251268, 0.967918,-0.000000, 0.000000,
            -0.000000, 0.000000, 1.000000, 0.000000,
            -0.000000,33.054729,-0.000000, 1.000000;;
          }
          Frame Armature_Head {
            FrameTransformMatrix {
               0.994427, 0.105429,-0.000000, 0.000000,
              -0.105429, 0.994427, 0.000000, 0.000000,
               0.000000,-0.000000, 1.000000, 0.000000,
              -0.000002,26.597687,-0.000000, 1.000000;;
            }
            Frame Armature_BottomCover {
              FrameTransformMatrix {
                 0.227265,-0.973833, 0.000001, 0.000000,
                -0.000000, 0.000001, 1.000000, 0.000000,
                -0.973833,-0.227265, 0.000000, 0.000000,
                 0.000000,13.390946,-0.000000, 1.000000;;
              }
            } // End of Armature_BottomCover
            Frame Armature_Eyeball {
              FrameTransformMatrix {
                 0.227265,-0.973833, 0.000001, 0.000000,
                -0.000000, 0.000001, 1.000000, 0.000000,
                -0.973833,-0.227265, 0.000000, 0.000000,
                 0.000000,13.390946,-0.000000, 1.000000;;
              }
            } // End of Armature_Eyeball
            Frame Armature_UpperCover {
              FrameTransformMatrix {
                 0.227265,-0.973833, 0.000001, 0.000000,
                -0.000000, 0.000001, 1.000000, 0.000000,
                -0.973833,-0.227265, 0.000000, 0.000000,
                 0.000000,13.390946,-0.000000, 1.000000;;
              }
            } // End of Armature_UpperCover
          } // End of Armature_Head
        } // End of Armature_Spine02
      } // End of Armature_Spine01
    } // End of Armature_Body
    Frame TurtleShell {
      FrameTransformMatrix {
         1.000000,-0.000000, 0.000000, 0.000000,
        -0.000000, 1.000000, 0.000000, 0.000000,
         0.000000, 0.000000, 1.000000, 0.000000,
         0.000002, 0.000001,-1.233471, 1.000000;;
      }
      Mesh { // TurtleShell mesh
        3063;
         6.858293;-36.980900;50.420273;,
         0.013785;-33.362099;59.728500;,
         0.013785;-37.653889;51.028881;,
         6.858293;-36.980900;50.420273;,
        16.869617;-33.362099;52.379810;,
         8.875424;-33.362099;57.845245;,
        14.974693;-36.010822;48.743816;,
        23.242277;-33.422688;44.111546;,
        16.869617;-33.362099;52.379810;,
        12.210784;-21.781342;71.619003;,
         0.013785;-33.362099;59.728500;,
         8.875424;-33.362099;57.845245;,
        23.213850;-21.781342;64.096466;,
         8.875424;-33.362099;57.845245;,
        16.869617;-33.362099;52.379810;,
        31.945932;-21.781342;52.379883;,
        16.869617;-33.362099;52.379810;,
        23.242277;-33.422688;44.111546;,
        33.410679;-28.044315;34.473015;,
        31.945932;-21.781342;52.379883;,
        23.242277;-33.422688;44.111546;,
        33.410679;-28.044315;34.473015;,
        40.058796;-19.707439;27.214745;,
        37.552273;-20.989435;37.305122;,
        14.352217;-7.188790;80.462227;,
         0.013785;-21.781342;74.211090;,
        12.210784;-21.781342;71.619003;,
        27.287090;-7.188790;71.619003;,
        12.210784;-21.781342;71.619003;,
        23.213850;-21.781342;64.096466;,
        37.552273;-7.188790;57.845287;,
        23.213850;-21.781342;64.096466;,
        31.945932;-21.781342;52.379883;,
        44.142918;-7.188790;40.489429;,
        31.945932;-21.781342;52.379883;,
        37.552273;-20.989435;37.305122;,
        44.142918;-7.188790;40.489429;,
        40.058796;-19.707439;27.214745;,
        46.413910;-7.188790;23.567772;,
        15.090099; 8.987084;83.509430;,
         0.013785;-7.188790;83.509430;,
        14.352217;-7.188790;80.462227;,
        28.690643; 8.987084;74.211044;,
        14.352217;-7.188790;80.462227;,
        27.287090;-7.188790;71.619003;,
        39.484089; 8.987084;59.728561;,
        27.287090;-7.188790;71.619003;,
        37.552273;-7.188790;57.845287;,
        46.413910; 8.987084;41.479507;,
        37.552273;-7.188790;57.845287;,
        44.142918;-7.188790;40.489429;,
        46.413910;-7.188790;23.567772;,
        46.413910; 8.987084;41.479507;,
        44.142918;-7.188790;40.489429;,
        15.090099; 8.987084;83.509430;,
         0.013785;25.162909;83.509438;,
         0.013785; 8.987084;86.713417;,
        28.690643; 8.987084;74.211044;,
        14.352217;25.162909;80.462257;,
        15.090099; 8.987084;83.509430;,
        39.484089; 8.987084;59.728561;,
        27.287090;25.162909;71.619003;,
        28.690643; 8.987084;74.211044;,
        46.413910; 8.987084;41.479507;,
        37.552273;25.162909;57.845287;,
        39.484089; 8.987084;59.728561;,
        48.801765; 8.987084;22.177299;,
        44.142918;25.162909;40.489429;,
        46.413910; 8.987084;41.479507;,
        14.352217;25.162909;80.462257;,
         0.013785;39.755409;74.211121;,
         0.013785;25.162909;83.509438;,
        27.287090;25.162909;71.619003;,
        12.210784;39.755409;71.619003;,
        14.352217;25.162909;80.462257;,
        37.552273;25.162909;57.845287;,
        23.213850;39.755409;64.096466;,
        27.287090;25.162909;71.619003;,
        44.142918;25.162909;40.489429;,
        31.945932;39.755409;52.379883;,
        37.552273;25.162909;57.845287;,
        46.413910;25.162909;21.983530;,
        37.552273;39.755409;37.616070;,
        44.142918;25.162909;40.489429;,
        12.210784;39.755409;71.619003;,
         0.013785;51.336079;59.728561;,
         0.013785;39.755409;74.211121;,
        23.213850;39.755409;64.096466;,
         8.875424;51.336079;57.845287;,
        12.210784;39.755409;71.619003;,
        31.945932;39.755409;52.379883;,
        16.869617;51.336079;52.379883;,
        23.213850;39.755409;64.096466;,
        37.552273;39.755409;37.616070;,
        23.213850;51.336079;43.867264;,
        31.945932;39.755409;52.379883;,
        28.690643;51.336079;25.099747;,
        37.552273;39.755409;37.616070;,
        39.484089;39.755409;23.083364;,
         8.875424;51.336079;57.845287;,
         0.013785;58.771248;41.479527;,
         0.013785;51.336079;59.728561;,
        16.869617;51.336079;52.379883;,
         4.672628;58.771248;40.489429;,
         8.875424;51.336079;57.845287;,
        23.213850;51.336079;43.867264;,
         8.875425;58.771248;37.616093;,
        16.869617;51.336079;52.379883;,
        27.287098;51.336079;33.140747;,
        12.210784;58.771248;33.140747;,
        23.213850;51.336079;43.867264;,
        28.690643;51.336079;25.099747;,
        14.352217;58.771248;28.325314;,
        27.287098;51.336079;33.140747;,
         0.013785;58.771248;41.479527;,
         4.672628;58.771248;40.489429;,
         0.013785;60.688786;29.056067;,
         4.672628;58.771248;40.489429;,
         6.436473;60.004948;28.897358;,
         0.013785;60.688786;29.056067;,
         8.875425;58.771248;37.616093;,
        12.210784;58.771248;33.140747;,
         6.436473;60.004948;28.897358;,
        12.210784;58.771248;33.140747;,
        14.352217;58.771248;28.325314;,
         6.436473;60.004948;28.897358;,
         0.013785;-37.653889;51.028881;,
         7.686227;-41.262917;53.842869;,
         6.858293;-36.980900;50.420273;,
        14.974693;-36.010822;48.743816;,
         7.686227;-41.262917;53.842869;,
        16.628330;-40.080112;51.920979;,
        46.413910;-7.188790;23.567772;,
        53.839733; 9.069489;23.931652;,
        48.801765; 8.987084;22.177299;,
        48.801765; 8.987084;22.177299;,
        51.256683;26.568890;23.687044;,
        46.413910;25.162909;21.983530;,
        39.484089;39.755409;23.083364;,
        51.256683;26.568890;23.687044;,
        43.733013;42.435814;24.669815;,
        28.690643;51.336079;25.099747;,
        43.733013;42.435814;24.669815;,
        31.851217;55.188255;26.443308;,
        46.413910;-7.188790;23.567772;,
        44.605782;-21.932365;28.869341;,
        51.250301;-8.467063;25.322290;,
        14.974693;-36.010822;48.743816;,
        26.220249;-36.909752;47.006527;,
        23.242277;-33.422688;44.111546;,
        23.242277;-33.422688;44.111546;,
        37.341995;-30.826889;36.718071;,
        33.410679;-28.044315;34.473015;,
        33.410679;-28.044315;34.473015;,
        44.605782;-21.932365;28.869341;,
        40.058796;-19.707439;27.214745;,
        14.352217;58.771248;28.325314;,
        31.851217;55.188255;26.443308;,
        16.030481;63.459747;29.350065;,
        14.352217;58.771248;28.325314;,
         7.127989;65.033936;30.082632;,
         6.436473;60.004948;28.897358;,
         0.013785;60.688786;29.056067;,
         7.127989;65.033936;30.082632;,
         0.013785;65.689880;30.479885;,
         0.013785;-41.940552;54.444378;,
         7.726063;-46.568531;51.750690;,
         7.686227;-41.262917;53.842869;,
         7.686227;-41.262917;53.842869;,
        16.594772;-45.479984;49.911915;,
        16.628330;-40.080112;51.920979;,
        51.250301;-8.467063;25.322290;,
        57.161812; 8.757444;19.628227;,
        53.839733; 9.069489;23.931652;,
        53.839733; 9.069489;23.931652;,
        54.350643;27.620165;19.361134;,
        51.256683;26.568890;23.687044;,
        43.733013;42.435814;24.669815;,
        54.350643;27.620165;19.361134;,
        46.148693;44.623699;20.392185;,
        31.851217;55.188255;26.443308;,
        46.148693;44.623699;20.392185;,
        33.201653;58.125313;22.262774;,
        44.605782;-21.932365;28.869341;,
        54.213490;-10.347068;21.161753;,
        51.250301;-8.467063;25.322290;,
        16.628330;-40.080112;51.920979;,
        26.148825;-42.496479;45.161415;,
        26.220249;-36.909752;47.006527;,
        26.220249;-36.909752;47.006527;,
        37.925476;-36.089882;34.334236;,
        37.341995;-30.826889;36.718071;,
        37.341995;-30.826889;36.718071;,
        46.460236;-25.717939;25.372631;,
        44.605782;-21.932365;28.869341;,
        31.851217;55.188255;26.443308;,
        16.413076;66.687737;25.292191;,
        16.030481;63.459747;29.350065;,
        16.030481;63.459747;29.350065;,
         7.209661;68.257889;26.038536;,
         7.127989;65.033936;30.082632;,
         0.013785;65.689880;30.479885;,
         7.209661;68.257889;26.038536;,
         0.013785;68.984772;26.457996;,
         0.013785;-47.248936;52.344631;,
         7.131057;-48.529850;46.711555;,
         7.726063;-46.568531;51.750690;,
         7.726063;-46.568531;51.750690;,
        15.234456;-47.587791;45.153210;,
        16.594772;-45.479984;49.911915;,
        54.213490;-10.347068;21.161753;,
        55.603985; 8.503058;14.661249;,
        57.161812; 8.757444;19.628227;,
        54.350643;27.620165;19.361134;,
        55.603985; 8.503058;14.661249;,
        52.764309;27.351700;14.436299;,
        46.148693;44.623699;20.392185;,
        52.764309;27.351700;14.436299;,
        44.550652;44.204857;15.600485;,
        33.201653;58.125313;22.262774;,
        44.550652;44.204857;15.600485;,
        31.691143;57.435108;17.623434;,
        46.460236;-25.717939;25.372631;,
        52.585663;-10.850079;16.190441;,
        54.213490;-10.347068;21.161753;,
        16.594772;-45.479984;49.911915;,
        23.599249;-44.775879;41.090084;,
        26.148825;-42.496479;45.161415;,
        26.148825;-42.496479;45.161415;,
        35.035736;-38.309280;30.453739;,
        37.925476;-36.089882;34.334236;,
        37.925476;-36.089882;34.334236;,
        44.140530;-27.135054;20.890173;,
        46.460236;-25.717939;25.372631;,
        16.413076;66.687737;25.292191;,
        31.691143;57.435108;17.623434;,
        15.278065;65.730621;20.760309;,
         7.209661;68.257889;26.038536;,
        15.278065;65.730621;20.760309;,
         6.640665;67.037361;21.420328;,
         7.209661;68.257889;26.038536;,
         0.013785;67.797668;21.844854;,
         0.013785;68.984772;26.457996;,
         7.131057;-48.529850;46.711555;,
        13.399865;-45.536758;39.343666;,
        15.234456;-47.587791;45.153210;,
        55.603985; 8.503058;14.661249;,
        46.249027;-8.422072;13.871861;,
        48.903542; 8.598372;12.526987;,
        55.603985; 8.503058;14.661249;,
        46.406139;25.175125;12.329152;,
        52.764309;27.351700;14.436299;,
        44.550652;44.204857;15.600485;,
        46.406139;25.175125;12.329152;,
        39.182499;41.756184;13.057675;,
        31.691143;57.435108;17.623434;,
        39.182499;41.756184;13.057675;,
        27.872982;55.150978;14.738344;,
        44.140530;-27.135054;20.890173;,
        46.249027;-8.422072;13.871861;,
        52.585663;-10.850079;16.190441;,
        23.599249;-44.775879;41.090084;,
        13.399865;-45.536758;39.343666;,
        20.756426;-43.063778;35.770283;,
        35.035736;-38.309280;30.453739;,
        20.756426;-43.063778;35.770283;,
        30.814440;-36.992210;26.415964;,
        44.140530;-27.135054;20.890173;,
        30.814440;-36.992210;26.415964;,
        38.821808;-26.203840;18.005121;,
        15.278065;65.730621;20.760309;,
        27.872982;55.150978;14.738344;,
        13.438217;63.498741;17.559134;,
         6.640665;67.037361;21.420328;,
        13.438217;63.498741;17.559134;,
         5.841908;64.647980;18.139597;,
         6.640665;67.037361;21.420328;,
         0.013785;65.316643;18.512957;,
         0.013785;67.797668;21.844854;,
         6.046356;-46.365265;40.714180;,
         0.013785;-47.736633;33.793251;,
         7.602082;-47.063751;33.793251;,
        13.399865;-45.536758;39.343666;,
         7.602082;-47.063751;33.793251;,
        14.426865;-46.180305;32.422733;,
        48.903542; 8.598372;12.526987;,
        48.852032;-9.588753; 9.790048;,
        51.710201; 8.560050; 8.445175;,
        46.406139;25.175125;12.329152;,
        51.710201; 8.560050; 8.445175;,
        49.021191;26.235722; 8.247339;,
        39.182499;41.756184;13.057675;,
        49.021191;26.235722; 8.247339;,
        41.243340;43.916012; 8.975863;,
        27.872982;55.150978;14.738344;,
        41.243340;43.916012; 8.975863;,
        29.066139;58.198795;10.656532;,
        46.249027;-8.422072;13.871861;,
        40.854984;-28.549337;12.715573;,
        48.852032;-9.588753; 9.790048;,
        20.756426;-43.063778;35.770283;,
        14.426865;-46.180305;32.422733;,
        22.347836;-44.164001;28.682346;,
        30.814440;-36.992210;26.415964;,
        22.347836;-44.164001;28.682346;,
        31.710150;-38.590816;21.544161;,
        38.821808;-26.203840;18.005121;,
        31.710150;-38.590816;21.544161;,
        40.854984;-28.549337;12.715573;,
        13.438217;63.498741;17.559134;,
        29.066139;58.198795;10.656532;,
        14.468163;67.099945;13.477319;,
         5.841908;64.647980;18.139597;,
         0.013785;69.038376;14.431143;,
         0.013785;65.316643;18.512957;,
         0.013785;-49.126511;23.975624;,
         7.602082;-47.063751;33.793251;,
         0.013785;-47.736633;33.793251;,
        14.426865;-46.180305;32.422733;,
         8.107133;-48.499325;23.975624;,
        16.196737;-47.135075;22.883837;,
        51.710201; 8.560050; 8.445175;,
        50.500237;-10.328674; 3.984323;,
        53.471111; 8.535731; 3.984325;,
        49.021191;26.235722; 8.247339;,
        53.471111; 8.535731; 3.984325;,
        50.676067;26.908373; 3.984325;,
        41.243340;43.916012; 8.975863;,
        50.676067;26.908373; 3.984325;,
        42.591534;45.285797; 3.984325;,
        29.066139;58.198795;10.656532;,
        42.591534;45.285797; 3.984325;,
        29.934181;60.131767; 5.136652;,
        48.852032;-9.588753; 9.790048;,
        42.187862;-28.891859; 3.984325;,
        50.500237;-10.328674; 3.984323;,
        22.347836;-44.164001;28.682346;,
        16.196737;-47.135075;22.883837;,
        23.228479;-44.967316;20.290308;,
        31.710150;-38.590816;21.544161;,
        23.228479;-44.967316;20.290308;,
        33.185226;-39.289307;14.787255;,
        40.854984;-28.549337;12.715573;,
        31.710150;-38.590816;21.544161;,
        33.185226;-39.289307;14.787255;,
        29.066139;58.198795;10.656532;,
        15.038107;69.383904; 8.068667;,
        14.468163;67.099945;13.477319;,
         0.013785;71.398766; 9.060103;,
        14.468163;67.099945;13.477319;,
        15.038107;69.383904; 8.068667;,
        42.187862;-28.891859; 3.984325;,
         0.013785;-10.328674; 0.924958;,
        50.500237;-10.328674; 3.984323;,
        50.500237;-10.328674; 3.984323;,
         0.013785; 8.535731; 0.924960;,
        53.471111; 8.535731; 3.984325;,
        50.676067;26.908373; 3.984325;,
         0.013785; 8.535731; 0.924960;,
         0.013785;26.908373; 0.924960;,
        42.591534;45.285797; 3.984325;,
         0.013785;26.908373; 0.924960;,
         0.013785;45.285797; 1.264588;,
        29.934181;60.131767; 5.136652;,
         0.013785;45.285797; 1.264588;,
         0.013785;60.131767; 3.096178;,
        15.038107;69.383904; 8.068667;,
         0.013785;60.131767; 3.096178;,
         0.013785;71.398766; 9.060103;,
         8.706265;-48.434818;13.974327;,
         0.013785;-47.365314; 3.984325;,
         8.839680;-46.739410; 3.984325;,
         7.131057;-48.529850;46.711555;,
         0.013785;-46.888477;41.153378;,
         6.046356;-46.365265;40.714180;,
         0.013785;-28.891872; 1.264588;,
        34.671825;-38.046421; 3.984325;,
         0.013785;-40.213539; 1.943847;,
         0.013785;-47.365314; 3.984325;,
         0.013785;-40.213539; 1.943847;,
         8.839680;-46.739410; 3.984325;,
        17.133253;-46.644222;14.155584;,
         8.839680;-46.739410; 3.984325;,
        17.593576;-45.226753; 3.984325;,
        33.185226;-39.289307;14.787255;,
        24.926218;-43.441490; 3.984325;,
        34.671825;-38.046421; 3.984325;,
        23.883968;-44.534660;14.551907;,
        17.593576;-45.226753; 3.984325;,
        24.926218;-43.441490; 3.984325;,
        40.854984;-28.549337;12.715573;,
        34.671825;-38.046421; 3.984325;,
        42.187862;-28.891859; 3.984325;,
        23.883968;-44.534660;14.551907;,
        33.185226;-39.289307;14.787255;,
        23.228479;-44.967316;20.290308;,
        17.133253;-46.644222;14.155584;,
        23.228479;-44.967316;20.290308;,
        16.196737;-47.135075;22.883837;,
         8.706265;-48.434818;13.974327;,
        16.196737;-47.135075;22.883837;,
         8.107133;-48.499325;23.975624;,
         0.013785;-48.940773;14.065441;,
         8.107133;-48.499325;23.975624;,
         0.013785;-49.126511;23.975624;,
         0.013785;-33.362099;59.728500;,
        -6.830722;-36.980900;50.420273;,
         0.013785;-37.653889;51.028881;,
        -6.830722;-36.980900;50.420273;,
        -16.842051;-33.362099;52.379810;,
        -14.947125;-36.010822;48.743816;,
        -14.947125;-36.010822;48.743816;,
        -16.842051;-33.362099;52.379810;,
        -23.214708;-33.422688;44.111546;,
         0.013785;-33.362099;59.728500;,
        -12.183214;-21.781342;71.619003;,
        -8.847855;-33.362099;57.845245;,
        -8.847855;-33.362099;57.845245;,
        -23.186279;-21.781342;64.096466;,
        -16.842051;-33.362099;52.379810;,
        -16.842051;-33.362099;52.379810;,
        -31.918364;-21.781342;52.379883;,
        -23.214708;-33.422688;44.111546;,
        -33.383106;-28.044315;34.473015;,
        -31.918364;-21.781342;52.379883;,
        -37.524708;-20.989435;37.305122;,
        -33.383106;-28.044315;34.473015;,
        -37.524708;-20.989435;37.305122;,
        -40.031227;-19.707439;27.214745;,
         0.013785;-21.781342;74.211090;,
        -14.324649;-7.188790;80.462227;,
        -12.183214;-21.781342;71.619003;,
        -12.183214;-21.781342;71.619003;,
        -27.259521;-7.188790;71.619003;,
        -23.186279;-21.781342;64.096466;,
        -23.186279;-21.781342;64.096466;,
        -37.524708;-7.188790;57.845287;,
        -31.918364;-21.781342;52.379883;,
        -31.918364;-21.781342;52.379883;,
        -44.115353;-7.188790;40.489429;,
        -37.524708;-20.989435;37.305122;,
        -40.031227;-19.707439;27.214745;,
        -44.115353;-7.188790;40.489429;,
        -46.386341;-7.188790;23.567772;,
         0.013785;-7.188790;83.509430;,
        -15.062531; 8.987084;83.509430;,
        -14.324649;-7.188790;80.462227;,
        -14.324649;-7.188790;80.462227;,
        -28.663074; 8.987084;74.211044;,
        -27.259521;-7.188790;71.619003;,
        -27.259521;-7.188790;71.619003;,
        -39.456524; 8.987084;59.728561;,
        -37.524708;-7.188790;57.845287;,
        -37.524708;-7.188790;57.845287;,
        -46.386341; 8.987084;41.479507;,
        -44.115353;-7.188790;40.489429;,
        -46.386341;-7.188790;23.567772;,
        -46.386341; 8.987084;41.479507;,
        -48.774193; 8.987084;22.177299;,
        -15.062531; 8.987084;83.509430;,
         0.013785;25.162909;83.509438;,
        -14.324649;25.162909;80.462257;,
        -28.663074; 8.987084;74.211044;,
        -14.324649;25.162909;80.462257;,
        -27.259521;25.162909;71.619003;,
        -39.456524; 8.987084;59.728561;,
        -27.259521;25.162909;71.619003;,
        -37.524708;25.162909;57.845287;,
        -46.386341; 8.987084;41.479507;,
        -37.524708;25.162909;57.845287;,
        -44.115353;25.162909;40.489429;,
        -48.774193; 8.987084;22.177299;,
        -44.115353;25.162909;40.489429;,
        -46.386341;25.162909;21.983530;,
        -14.324649;25.162909;80.462257;,
         0.013785;39.755409;74.211121;,
        -12.183214;39.755409;71.619003;,
        -27.259521;25.162909;71.619003;,
        -12.183214;39.755409;71.619003;,
        -23.186279;39.755409;64.096466;,
        -37.524708;25.162909;57.845287;,
        -23.186279;39.755409;64.096466;,
        -31.918364;39.755409;52.379883;,
        -44.115353;25.162909;40.489429;,
        -31.918364;39.755409;52.379883;,
        -37.524708;39.755409;37.616070;,
        -46.386341;25.162909;21.983530;,
        -37.524708;39.755409;37.616070;,
        -39.456524;39.755409;23.083364;,
        -12.183214;39.755409;71.619003;,
         0.013785;51.336079;59.728561;,
        -8.847855;51.336079;57.845287;,
        -23.186279;39.755409;64.096466;,
        -8.847855;51.336079;57.845287;,
        -16.842051;51.336079;52.379883;,
        -31.918364;39.755409;52.379883;,
        -16.842051;51.336079;52.379883;,
        -23.186279;51.336079;43.867264;,
        -37.524708;39.755409;37.616070;,
        -23.186279;51.336079;43.867264;,
        -27.259531;51.336079;33.140747;,
        -37.524708;39.755409;37.616070;,
        -28.663074;51.336079;25.099747;,
        -39.456524;39.755409;23.083364;,
        -8.847855;51.336079;57.845287;,
         0.013785;58.771248;41.479527;,
        -4.645058;58.771248;40.489429;,
        -16.842051;51.336079;52.379883;,
        -4.645058;58.771248;40.489429;,
        -8.847855;58.771248;37.616093;,
        -23.186279;51.336079;43.867264;,
        -8.847855;58.771248;37.616093;,
        -12.183214;58.771248;33.140747;,
        -27.259531;51.336079;33.140747;,
        -12.183214;58.771248;33.140747;,
        -14.324649;58.771248;28.325314;,
        -28.663074;51.336079;25.099747;,
        -27.259531;51.336079;33.140747;,
        -14.324649;58.771248;28.325314;,
         0.013785;58.771248;41.479527;,
         0.013785;60.688786;29.056067;,
        -4.645058;58.771248;40.489429;,
        -4.645058;58.771248;40.489429;,
        -6.408903;60.004948;28.897358;,
        -8.847855;58.771248;37.616093;,
        -8.847855;58.771248;37.616093;,
        -6.408903;60.004948;28.897358;,
        -12.183214;58.771248;33.140747;,
        -12.183214;58.771248;33.140747;,
        -6.408903;60.004948;28.897358;,
        -14.324649;58.771248;28.325314;,
        -7.658657;-41.262917;53.842869;,
         0.013785;-37.653889;51.028881;,
        -6.830722;-36.980900;50.420273;,
        -14.947125;-36.010822;48.743816;,
        -7.658657;-41.262917;53.842869;,
        -6.830722;-36.980900;50.420273;,
        -53.812164; 9.069489;23.931652;,
        -46.386341;-7.188790;23.567772;,
        -48.774193; 8.987084;22.177299;,
        -51.229118;26.568890;23.687044;,
        -48.774193; 8.987084;22.177299;,
        -46.386341;25.162909;21.983530;,
        -39.456524;39.755409;23.083364;,
        -51.229118;26.568890;23.687044;,
        -46.386341;25.162909;21.983530;,
        -28.663074;51.336079;25.099747;,
        -43.705444;42.435814;24.669815;,
        -39.456524;39.755409;23.083364;,
        -46.386341;-7.188790;23.567772;,
        -44.578213;-21.932365;28.869341;,
        -40.031227;-19.707439;27.214745;,
        -26.192682;-36.909752;47.006527;,
        -14.947125;-36.010822;48.743816;,
        -23.214708;-33.422688;44.111546;,
        -37.314423;-30.826889;36.718071;,
        -23.214708;-33.422688;44.111546;,
        -33.383106;-28.044315;34.473015;,
        -44.578213;-21.932365;28.869341;,
        -33.383106;-28.044315;34.473015;,
        -40.031227;-19.707439;27.214745;,
        -14.324649;58.771248;28.325314;,
        -31.823650;55.188255;26.443308;,
        -28.663074;51.336079;25.099747;,
        -7.100420;65.033936;30.082632;,
        -14.324649;58.771248;28.325314;,
        -6.408903;60.004948;28.897358;,
         0.013785;60.688786;29.056067;,
        -7.100420;65.033936;30.082632;,
        -6.408903;60.004948;28.897358;,
        -7.698493;-46.568531;51.750690;,
         0.013785;-41.940552;54.444378;,
        -7.658657;-41.262917;53.842869;,
        -16.567202;-45.479984;49.911915;,
        -7.658657;-41.262917;53.842869;,
        -16.600761;-40.080112;51.920979;,
        -57.134247; 8.757444;19.628227;,
        -51.222736;-8.467063;25.322290;,
        -53.812164; 9.069489;23.931652;,
        -54.323078;27.620165;19.361134;,
        -53.812164; 9.069489;23.931652;,
        -51.229118;26.568890;23.687044;,
        -43.705444;42.435814;24.669815;,
        -54.323078;27.620165;19.361134;,
        -51.229118;26.568890;23.687044;,
        -31.823650;55.188255;26.443308;,
        -46.121124;44.623699;20.392185;,
        -43.705444;42.435814;24.669815;,
        -54.185925;-10.347068;21.161753;,
        -44.578213;-21.932365;28.869341;,
        -51.222736;-8.467063;25.322290;,
        -26.121254;-42.496479;45.161415;,
        -16.600761;-40.080112;51.920979;,
        -26.192682;-36.909752;47.006527;,
        -37.897903;-36.089882;34.334236;,
        -26.192682;-36.909752;47.006527;,
        -37.314423;-30.826889;36.718071;,
        -46.432663;-25.717939;25.372631;,
        -37.314423;-30.826889;36.718071;,
        -44.578213;-21.932365;28.869341;,
        -16.385509;66.687737;25.292191;,
        -31.823650;55.188255;26.443308;,
        -16.002913;63.459747;29.350065;,
        -7.182090;68.257889;26.038536;,
        -16.002913;63.459747;29.350065;,
        -7.100420;65.033936;30.082632;,
         0.013785;65.689880;30.479885;,
        -7.182090;68.257889;26.038536;,
        -7.100420;65.033936;30.082632;,
        -7.103487;-48.529850;46.711555;,
         0.013785;-47.248936;52.344631;,
        -7.698493;-46.568531;51.750690;,
        -15.206888;-47.587791;45.153210;,
        -7.698493;-46.568531;51.750690;,
        -16.567202;-45.479984;49.911915;,
        -55.576420; 8.503058;14.661249;,
        -54.185925;-10.347068;21.161753;,
        -57.134247; 8.757444;19.628227;,
        -54.323078;27.620165;19.361134;,
        -55.576420; 8.503058;14.661249;,
        -57.134247; 8.757444;19.628227;,
        -46.121124;44.623699;20.392185;,
        -52.736740;27.351700;14.436299;,
        -54.323078;27.620165;19.361134;,
        -33.174084;58.125313;22.262774;,
        -44.523087;44.204857;15.600485;,
        -46.121124;44.623699;20.392185;,
        -52.558094;-10.850079;16.190441;,
        -46.432663;-25.717939;25.372631;,
        -54.185925;-10.347068;21.161753;,
        -23.571680;-44.775879;41.090084;,
        -16.567202;-45.479984;49.911915;,
        -26.121254;-42.496479;45.161415;,
        -35.008171;-38.309280;30.453739;,
        -26.121254;-42.496479;45.161415;,
        -37.897903;-36.089882;34.334236;,
        -44.112961;-27.135054;20.890173;,
        -37.897903;-36.089882;34.334236;,
        -46.432663;-25.717939;25.372631;,
        -16.385509;66.687737;25.292191;,
        -31.663578;57.435108;17.623434;,
        -33.174084;58.125313;22.262774;,
        -7.182090;68.257889;26.038536;,
        -15.250496;65.730621;20.760309;,
        -16.385509;66.687737;25.292191;,
         0.013785;67.797668;21.844854;,
        -7.182090;68.257889;26.038536;,
         0.013785;68.984772;26.457996;,
        -13.372295;-45.536758;39.343666;,
        -7.103487;-48.529850;46.711555;,
        -15.206888;-47.587791;45.153210;,
        -55.576420; 8.503058;14.661249;,
        -46.221458;-8.422072;13.871861;,
        -52.558094;-10.850079;16.190441;,
        -46.378571;25.175125;12.329152;,
        -55.576420; 8.503058;14.661249;,
        -52.736740;27.351700;14.436299;,
        -44.523087;44.204857;15.600485;,
        -46.378571;25.175125;12.329152;,
        -52.736740;27.351700;14.436299;,
        -31.663578;57.435108;17.623434;,
        -39.154930;41.756184;13.057675;,
        -44.523087;44.204857;15.600485;,
        -46.221458;-8.422072;13.871861;,
        -44.112961;-27.135054;20.890173;,
        -52.558094;-10.850079;16.190441;,
        -23.571680;-44.775879;41.090084;,
        -13.372295;-45.536758;39.343666;,
        -15.206888;-47.587791;45.153210;,
        -35.008171;-38.309280;30.453739;,
        -20.728859;-43.063778;35.770283;,
        -23.571680;-44.775879;41.090084;,
        -44.112961;-27.135054;20.890173;,
        -30.786869;-36.992210;26.415964;,
        -35.008171;-38.309280;30.453739;,
        -15.250496;65.730621;20.760309;,
        -27.845413;55.150978;14.738344;,
        -31.663578;57.435108;17.623434;,
        -6.613094;67.037361;21.420328;,
        -13.410649;63.498741;17.559134;,
        -15.250496;65.730621;20.760309;,
         0.013785;65.316643;18.512957;,
        -6.613094;67.037361;21.420328;,
         0.013785;67.797668;21.844854;,
         0.013785;-47.736633;33.793251;,
        -6.018786;-46.365265;40.714180;,
        -7.574512;-47.063751;33.793251;,
        -13.372295;-45.536758;39.343666;,
        -7.574512;-47.063751;33.793251;,
        -6.018786;-46.365265;40.714180;,
        -48.875977; 8.598372;12.526987;,
        -48.824459;-9.588753; 9.790048;,
        -46.221458;-8.422072;13.871861;,
        -46.378571;25.175125;12.329152;,
        -51.682632; 8.560050; 8.445175;,
