xof 0303txt 0032

Frame Root {
  FrameTransformMatrix {
     1.000000, 0.000000, 0.000000, 0.000000,
     0.000000,-0.000000,-1.000000, 0.000000,
     0.000000, 1.000000,-0.000000, 0.000000,
     0.000000, 0.000000, 0.000000, 1.000000;;
  }
  Frame Armature {
    FrameTransformMatrix {
       0.010000, 0.000000, 0.000000, 0.000000,
       0.000000,-0.000000, 0.010000, 0.000000,
       0.000000,-0.010000,-0.000000, 0.000000,
       0.000000, 0.000000, 0.000000, 1.000000;;
    }
    Frame Armature_mixamorig_Hips {
      FrameTransformMatrix {
         0.996108, 0.088092, 0.003022, 0.000000,
        -0.088003, 0.995872,-0.022234, 0.000000,
        -0.004969, 0.021881, 0.999748, 0.000000,
        -1.512732,30.686390,-1.132118, 1.000000;;
      }
      Frame Armature_mixamorig_LeftUpLeg {
        FrameTransformMatrix {
          -0.967444,-0.101408, 0.231880, 0.000000,
           0.136887,-0.980297, 0.142403, 0.000000,
           0.212871, 0.169509, 0.962264, 0.000000,
          10.875100,-4.789500, 1.555900, 1.000000;;
        }
        Frame Armature_mixamorig_LeftLeg {
          FrameTransformMatrix {
             0.916618,-0.330159, 0.225402, 0.000000,
             0.162957,-0.206279,-0.964828, 0.000000,
             0.365043, 0.921110,-0.135277, 0.000000,
             0.000002,14.866001, 0.000000, 1.000000;;
          }
          Frame Armature_mixamorig_LeftFoot {
            FrameTransformMatrix {
               0.964667, 0.000347, 0.263472, 0.000000,
              -0.243759,-0.378358, 0.892987, 0.000000,
               0.099996,-0.925659,-0.364905, 0.000000,
              -0.000000, 6.184702, 0.000001, 1.000000;;
            }
            Frame Armature_mixamorig_LeftToeBase {
              FrameTransformMatrix {
                 0.991464,-0.065080, 0.112975, 0.000000,
                -0.076714, 0.409441, 0.909106, 0.000000,
                -0.105421,-0.910013, 0.400953, 0.000000,
                -0.000000,13.216908, 0.000001, 1.000000;;
              }
              Frame Armature_mixamorig_LeftToe_End {
                FrameTransformMatrix {
                   1.000000,-0.000000,-0.000000, 0.000000,
                   0.000000, 1.000000, 0.000000, 0.000000,
                   0.000000,-0.000000, 1.000000, 0.000000,
                  -0.000001, 5.788505,-0.000000, 1.000000;;
                }
              } // End of Armature_mixamorig_LeftToe_End
            } // End of Armature_mixamorig_LeftToeBase
          } // End of Armature_mixamorig_LeftFoot
        } // End of Armature_mixamorig_LeftLeg
      } // End of Armature_mixamorig_LeftUpLeg
      Frame Armature_mixamorig_RightUpLeg {
        FrameTransformMatrix {
          -0.991016,-0.042339,-0.126865, 0.000000,
          -0.058763,-0.714267, 0.697402, 0.000000,
          -0.120143, 0.698591, 0.705362, 0.000000,
          -10.875100,-4.789500, 0.850100, 1.000000;;
        }
        Frame Armature_mixamorig_RightLeg {
          FrameTransformMatrix {
             0.979624,-0.097482, 0.175594, 0.000000,
             0.096568,-0.537983,-0.837407, 0.000000,
             0.176099, 0.837300,-0.517607, 0.000000,
            -0.000000,18.547506, 0.000000, 1.000000;;
          }
          Frame Armature_mixamorig_RightFoot {
            FrameTransformMatrix {
               0.993090, 0.042522,-0.109382, 0.000000,
               0.113191,-0.593172, 0.797079, 0.000000,
              -0.030989,-0.803952,-0.593886, 0.000000,
              -0.000000,12.489807, 0.000001, 1.000000;;
            }
            Frame Armature_mixamorig_RightToeBase {
              FrameTransformMatrix {
                 0.961382,-0.000899,-0.275215, 0.000000,
                 0.176228, 0.770112, 0.613083, 0.000000,
                 0.211395,-0.637908, 0.740531, 0.000000,
                 0.000001,13.166504, 0.000000, 1.000000;;
              }
              Frame Armature_mixamorig_RightToe_End {
                FrameTransformMatrix {
                   1.000000,-0.000000, 0.000000, 0.000000,
                   0.000000, 1.000000, 0.000000, 0.000000,
                  -0.000000,-0.000000, 1.000000, 0.000000,
                   0.000001, 6.107001,-0.000000, 1.000000;;
                }
              } // End of Armature_mixamorig_RightToe_End
            } // End of Armature_mixamorig_RightToeBase
          } // End of Armature_mixamorig_RightFoot
        } // End of Armature_mixamorig_RightLeg
      } // End of Armature_mixamorig_RightUpLeg
      Frame Armature_mixamorig_Spine {
        FrameTransformMatrix {
           0.985701,-0.077883, 0.149422, 0.000000,
           0.019819, 0.934201, 0.356196, 0.000000,
          -0.167332,-0.348142, 0.922387, 0.000000,
           0.000000, 8.576900, 0.088300, 1.000000;;
        }
        Frame Armature_mixamorig_Spine1 {
          FrameTransformMatrix {
             0.999067,-0.009921, 0.042020, 0.000000,
             0.008830, 0.999621, 0.026078, 0.000000,
            -0.042263,-0.025682, 0.998776, 0.000000,
            -0.000000,10.006902, 0.000001, 1.000000;;
          }
          Frame Armature_mixamorig_Spine2 {
            FrameTransformMatrix {
               0.999100,-0.008751, 0.041496, 0.000000,
               0.007664, 0.999625, 0.026296, 0.000000,
              -0.041710,-0.025954, 0.998793, 0.000000,
               0.000000,11.436507, 0.000003, 1.000000;;
            }
            Frame Armature_mixamorig_LeftShoulder {
              FrameTransformMatrix {
                 0.240986,-0.017890,-0.970364, 0.000000,
                 0.887558, 0.408557, 0.212889, 0.000000,
                 0.392640,-0.912557, 0.114335, 0.000000,
                 7.649899,15.424210,-0.027898, 1.000000;;
              }
              Frame Armature_mixamorig_LeftArm {
                FrameTransformMatrix {
                   0.915069, 0.116787, 0.386019, 0.000000,
                  -0.401449, 0.355328, 0.844145, 0.000000,
                  -0.038578,-0.927417, 0.372033, 0.000000,
                   0.000000,16.032505,-0.000006, 1.000000;;
                }
                Frame Armature_mixamorig_LeftForeArm {
                  FrameTransformMatrix {
                    -0.133057,-0.357085, 0.924547, 0.000000,
                    -0.990437, 0.082241,-0.110776, 0.000000,
                    -0.036479,-0.930444,-0.364613, 0.000000,
                    -0.000002,29.519001,-0.000008, 1.000000;;
                  }
                  Frame Armature_mixamorig_LeftHand {
                    FrameTransformMatrix {
                      -0.457850, 0.108184,-0.882423, 0.000000,
                       0.015941, 0.993408, 0.113520, 0.000000,
                       0.888887, 0.037909,-0.456556, 0.000000,
                       0.000001,18.002506,-0.000008, 1.000000;;
                    }
                    Frame Armature_mixamorig_LeftHandIndex1 {
                      FrameTransformMatrix {
                         0.559732, 0.684320, 0.467339, 0.000000,
                        -0.686070, 0.066383, 0.724501, 0.000000,
                         0.464767,-0.726153, 0.506648, 0.000000,
                        -0.000002, 9.685101, 0.103501, 1.000000;;
                      }
                      Frame Armature_mixamorig_LeftHandIndex2 {
                        FrameTransformMatrix {
                           0.848411, 0.478227, 0.226930, 0.000000,
                          -0.465211, 0.469104, 0.750680, 0.000000,
                           0.252542,-0.742455, 0.620470, 0.000000,
                           0.593800, 5.291202,-0.000005, 1.000000;;
                        }
                        Frame Armature_mixamorig_LeftHandIndex3 {
                          FrameTransformMatrix {
                             0.820116, 0.537398, 0.196501, 0.000000,
                            -0.443408, 0.379819, 0.811866, 0.000000,
                             0.361661,-0.752955, 0.549783, 0.000000,
                            -0.257702, 4.660706,-0.000003, 1.000000;;
                          }
                          Frame Armature_mixamorig_LeftHandIndex4 {
                            FrameTransformMatrix {
                               1.000000, 0.000000, 0.000000, 0.000000,
                              -0.000000, 1.000000, 0.000000, 0.000000,
                              -0.000000,-0.000000, 1.000000, 0.000000,
                              -0.336108, 3.119906,-0.000005, 1.000000;;
                            }
                          } // End of Armature_mixamorig_LeftHandIndex4
                        } // End of Armature_mixamorig_LeftHandIndex3
                      } // End of Armature_mixamorig_LeftHandIndex2
                    } // End of Armature_mixamorig_LeftHandIndex1
                    Frame Armature_mixamorig_LeftHandThumb1 {
                      FrameTransformMatrix {
                         0.578718, 0.806641, 0.120068, 0.000000,
                        -0.792393, 0.521354, 0.316707, 0.000000,
                         0.192871,-0.278425, 0.940893, 0.000000,
                        -3.734805, 4.019001, 0.000004, 1.000000;;
                      }
                      Frame Armature_mixamorig_LeftHandThumb2 {
                        FrameTransformMatrix {
                           0.734483,-0.629306,-0.253986, 0.000000,
                           0.659598, 0.750012, 0.049122, 0.000000,
                           0.159580,-0.203608, 0.965960, 0.000000,
                           0.608905, 4.346704, 0.000003, 1.000000;;
                        }
                        Frame Armature_mixamorig_LeftHandThumb3 {
                          FrameTransformMatrix {
                             0.498832, 0.619917,-0.605698, 0.000000,
                            -0.122471, 0.742262, 0.658824, 0.000000,
                             0.858002,-0.254461, 0.446186, 0.000000,
                            -1.309706, 4.552702,-0.000005, 1.000000;;
                          }
                          Frame Armature_mixamorig_LeftHandThumb4 {
                            FrameTransformMatrix {
                               1.000000, 0.000000,-0.000000, 0.000000,
                              -0.000000, 1.000000, 0.000000, 0.000000,
                               0.000000,-0.000000, 1.000000, 0.000000,
                               0.700804, 3.269000, 0.000005, 1.000000;;
                            }
                          } // End of Armature_mixamorig_LeftHandThumb4
                        } // End of Armature_mixamorig_LeftHandThumb3
                      } // End of Armature_mixamorig_LeftHandThumb2
                    } // End of Armature_mixamorig_LeftHandThumb1
                  } // End of Armature_mixamorig_LeftHand
                } // End of Armature_mixamorig_LeftForeArm
              } // End of Armature_mixamorig_LeftArm
            } // End of Armature_mixamorig_LeftShoulder
            Frame Armature_mixamorig_Neck {
              FrameTransformMatrix {
                 0.997691,-0.062151,-0.027376, 0.000000,
                 0.065360, 0.988201, 0.138519, 0.000000,
                 0.018444,-0.139989, 0.989981, 0.000000,
                 0.000000,12.866003, 0.000001, 1.000000;;
              }
              Frame Armature_mixamorig_Head {
                FrameTransformMatrix {
                   0.979181,-0.007193,-0.202861, 0.000000,
                  -0.053729, 0.954544,-0.293186, 0.000000,
                   0.195749, 0.297982, 0.934285, 0.000000,
                  -0.000000, 9.790697, 0.891201, 1.000000;;
                }
                Frame Armature_mixamorig_HeadTop_End {
                  FrameTransformMatrix {
                     1.000000, 0.000000, 0.000000, 0.000000,
                    -0.000000, 1.000000,-0.000000, 0.000000,
                     0.000000,-0.000000, 1.000000, 0.000000,
                    -0.000000,38.809296, 3.532802, 1.000000;;
                  }
                } // End of Armature_mixamorig_HeadTop_End
              } // End of Armature_mixamorig_Head
            } // End of Armature_mixamorig_Neck
            Frame Armature_mixamorig_RightShoulder {
              FrameTransformMatrix {
                -0.018532,-0.021047, 0.999607, 0.000000,
                -0.930740, 0.365557,-0.009558, 0.000000,
                -0.365212,-0.930551,-0.026364, 0.000000,
                -7.649899,15.424305,-0.024697, 1.000000;;
              }
              Frame Armature_mixamorig_RightArm {
                FrameTransformMatrix {
                   0.995036,-0.086196, 0.049743, 0.000000,
                  -0.026323, 0.254079, 0.966825, 0.000000,
                  -0.095975,-0.963335, 0.250549, 0.000000,
                  -0.000002,16.032499,-0.000005, 1.000000;;
                }
                Frame Armature_mixamorig_RightForeArm {
                  FrameTransformMatrix {
                    -0.136459, 0.268105,-0.953676, 0.000000,
                     0.989244, 0.088062,-0.116792, 0.000000,
                     0.052670,-0.959357,-0.277238, 0.000000,
                     0.000002,29.515003,-0.000002, 1.000000;;
                  }
                  Frame Armature_mixamorig_RightHand {
                    FrameTransformMatrix {
                      -0.414001,-0.280994, 0.865820, 0.000000,
                      -0.218491, 0.954031, 0.205149, 0.000000,
                      -0.883665,-0.104242,-0.456365, 0.000000,
                       0.000001,17.998909, 0.000000, 1.000000;;
                    }
                    Frame Armature_mixamorig_RightHandIndex1 {
                      FrameTransformMatrix {
                         0.887603,-0.408820,-0.212193, 0.000000,
                         0.409611, 0.489887, 0.769565, 0.000000,
                        -0.210663,-0.769985, 0.602282, 0.000000,
                        -0.000004,10.367395, 0.072196, 1.000000;;
                      }
                      Frame Armature_mixamorig_RightHandIndex2 {
                        FrameTransformMatrix {
                           0.771327,-0.588721,-0.241791, 0.000000,
                           0.528711, 0.381236, 0.758369, 0.000000,
                          -0.354289,-0.712788, 0.605320, 0.000000,
                           0.220794, 5.278708,-0.000001, 1.000000;;
                        }
                        Frame Armature_mixamorig_RightHandIndex3 {
                          FrameTransformMatrix {
                             0.812717,-0.514229,-0.273970, 0.000000,
                             0.528978, 0.454050, 0.716953, 0.000000,
                            -0.244282,-0.727604, 0.641030, 0.000000,
                             0.056101, 4.373297,-0.000003, 1.000000;;
                          }
                          Frame Armature_mixamorig_RightHandIndex4 {
                            FrameTransformMatrix {
                               1.000000,-0.000000,-0.000000, 0.000000,
                               0.000000, 1.000000, 0.000000, 0.000000,
                               0.000000,-0.000000, 1.000000, 0.000000,
                              -0.276895, 2.801299, 0.000003, 1.000000;;
                            }
                          } // End of Armature_mixamorig_RightHandIndex4
                        } // End of Armature_mixamorig_RightHandIndex3
                      } // End of Armature_mixamorig_RightHandIndex2
                    } // End of Armature_mixamorig_RightHandIndex1
                    Frame Armature_mixamorig_RightHandThumb1 {
                      FrameTransformMatrix {
                         0.805699,-0.559607,-0.194135, 0.000000,
                         0.504524, 0.476649, 0.719903, 0.000000,
                        -0.310328,-0.677971, 0.666371, 0.000000,
                         3.870497, 3.727997, 0.000000, 1.000000;;
                      }
                      Frame Armature_mixamorig_RightHandThumb2 {
                        FrameTransformMatrix {
                           0.833895, 0.497141, 0.239730, 0.000000,
                          -0.437939, 0.860348,-0.260788, 0.000000,
                          -0.335899, 0.112483, 0.935157, 0.000000,
                          -0.775104, 4.228704, 0.000001, 1.000000;;
                        }
                        Frame Armature_mixamorig_RightHandThumb3 {
                          FrameTransformMatrix {
                             0.960847,-0.043466,-0.273650, 0.000000,
                             0.018677, 0.995533,-0.092549, 0.000000,
                             0.276450, 0.083815, 0.957366, 0.000000,
                             1.262101, 4.811301,-0.000003, 1.000000;;
                          }
                          Frame Armature_mixamorig_RightHandThumb4 {
                            FrameTransformMatrix {
                               1.000000, 0.000000, 0.000000, 0.000000,
                              -0.000000, 1.000000,-0.000000, 0.000000,
                               0.000000, 0.000000, 1.000000, 0.000000,
                              -0.486903, 3.520803,-0.000002, 1.000000;;
                            }
                          } // End of Armature_mixamorig_RightHandThumb4
                        } // End of Armature_mixamorig_RightHandThumb3
                      } // End of Armature_mixamorig_RightHandThumb2
                    } // End of Armature_mixamorig_RightHandThumb1
                  } // End of Armature_mixamorig_RightHand
                } // End of Armature_mixamorig_RightForeArm
              } // End of Armature_mixamorig_RightArm
            } // End of Armature_mixamorig_RightShoulder
          } // End of Armature_mixamorig_Spine2
        } // End of Armature_mixamorig_Spine1
      } // End of Armature_mixamorig_Spine
    } // End of Armature_mixamorig_Hips
  } // End of Armature
} // End of Root
AnimationSet Global {
  Animation {
    {Armature}
    AnimationKey { // Rotation
      0;
      66;
      0;4;-0.707107, 0.707107, 0.000000, 0.000000;;,
      1;4;-0.707107, 0.707107, 0.000000, 0.000000;;,
      2;4;-0.707107, 0.707107, 0.000000, 0.000000;;,
      3;4;-0.707107, 0.707107, 0.000000, 0.000000;;,
      4;4;-0.707107, 0.707107, 0.000000, 0.000000;;,
      5;4;-0.707107, 0.707107, 0.000000, 0.000000;;,
      6;4;-0.707107, 0.707107, 0.000000, 0.000000;;,
      7;4;-0.707107, 0.707107, 0.000000, 0.000000;;,
      8;4;-0.707107, 0.707107, 0.000000, 0.000000;;,
      9;4;-0.707107, 0.707107, 0.000000, 0.000000;;,
      10;4;-0.707107, 0.707107, 0.000000, 0.000000;;,
      11;4;-0.707107, 0.707107, 0.000000, 0.000000;;,
      12;4;-0.707107, 0.707107, 0.000000, 0.000000;;,
      13;4;-0.707107, 0.707107, 0.000000, 0.000000;;,
      14;4;-0.707107, 0.707107, 0.000000, 0.000000;;,
      15;4;-0.707107, 0.707107, 0.000000, 0.000000;;,
      16;4;-0.707107, 0.707107, 0.000000, 0.000000;;,
      17;4;-0.707107, 0.707107, 0.000000, 0.000000;;,
      18;4;-0.707107, 0.707107, 0.000000, 0.000000;;,
      19;4;-0.707107, 0.707107, 0.000000, 0.000000;;,
      20;4;-0.707107, 0.707107, 0.000000, 0.000000;;,
      21;4;-0.707107, 0.707107, 0.000000, 0.000000;;,
      22;4;-0.707107, 0.707107, 0.000000, 0.000000;;,
      23;4;-0.707107, 0.707107, 0.000000, 0.000000;;,
      24;4;-0.707107, 0.707107, 0.000000, 0.000000;;,
      25;4;-0.707107, 0.707107, 0.000000, 0.000000;;,
      26;4;-0.707107, 0.707107, 0.000000, 0.000000;;,
      27;4;-0.707107, 0.707107, 0.000000, 0.000000;;,
      28;4;-0.707107, 0.707107, 0.000000, 0.000000;;,
      29;4;-0.707107, 0.707107, 0.000000, 0.000000;;,
      30;4;-0.707107, 0.707107, 0.000000, 0.000000;;,
      31;4;-0.707107, 0.707107, 0.000000, 0.000000;;,
      32;4;-0.707107, 0.707107, 0.000000, 0.000000;;,
      33;4;-0.707107, 0.707107, 0.000000, 0.000000;;,
      34;4;-0.707107, 0.707107, 0.000000, 0.000000;;,
      35;4;-0.707107, 0.707107, 0.000000, 0.000000;;,
      36;4;-0.707107, 0.707107, 0.000000, 0.000000;;,
      37;4;-0.707107, 0.707107, 0.000000, 0.000000;;,
      38;4;-0.707107, 0.707107, 0.000000, 0.000000;;,
      39;4;-0.707107, 0.707107, 0.000000, 0.000000;;,
      40;4;-0.707107, 0.707107, 0.000000, 0.000000;;,
      41;4;-0.707107, 0.707107, 0.000000, 0.000000;;,
      42;4;-0.707107, 0.707107, 0.000000, 0.000000;;,
      43;4;-0.707107, 0.707107, 0.000000, 0.000000;;,
      44;4;-0.707107, 0.707107, 0.000000, 0.000000;;,
      45;4;-0.707107, 0.707107, 0.000000, 0.000000;;,
      46;4;-0.707107, 0.707107, 0.000000, 0.000000;;,
      47;4;-0.707107, 0.707107, 0.000000, 0.000000;;,
      48;4;-0.707107, 0.707107, 0.000000, 0.000000;;,
      49;4;-0.707107, 0.707107, 0.000000, 0.000000;;,
      50;4;-0.707107, 0.707107, 0.000000, 0.000000;;,
      51;4;-0.707107, 0.707107, 0.000000, 0.000000;;,
      52;4;-0.707107, 0.707107, 0.000000, 0.000000;;,
      53;4;-0.707107, 0.707107, 0.000000, 0.000000;;,
      54;4;-0.707107, 0.707107, 0.000000, 0.000000;;,
      55;4;-0.707107, 0.707107, 0.000000, 0.000000;;,
      56;4;-0.707107, 0.707107, 0.000000, 0.000000;;,
      57;4;-0.707107, 0.707107, 0.000000, 0.000000;;,
      58;4;-0.707107, 0.707107, 0.000000, 0.000000;;,
      59;4;-0.707107, 0.707107, 0.000000, 0.000000;;,
      60;4;-0.707107, 0.707107, 0.000000, 0.000000;;,
      61;4;-0.707107, 0.707107, 0.000000, 0.000000;;,
      62;4;-0.707107, 0.707107, 0.000000, 0.000000;;,
      63;4;-0.707107, 0.707107, 0.000000, 0.000000;;,
      64;4;-0.707107, 0.707107, 0.000000, 0.000000;;,
      65;4;-0.707107, 0.707107, 0.000000, 0.000000;;;
    }
    AnimationKey { // Scale
      1;
      66;
      0;3; 0.010000, 0.010000, 0.010000;;,
      1;3; 0.010000, 0.010000, 0.010000;;,
      2;3; 0.010000, 0.010000, 0.010000;;,
      3;3; 0.010000, 0.010000, 0.010000;;,
      4;3; 0.010000, 0.010000, 0.010000;;,
      5;3; 0.010000, 0.010000, 0.010000;;,
      6;3; 0.010000, 0.010000, 0.010000;;,
      7;3; 0.010000, 0.010000, 0.010000;;,
      8;3; 0.010000, 0.010000, 0.010000;;,
      9;3; 0.010000, 0.010000, 0.010000;;,
      10;3; 0.010000, 0.010000, 0.010000;;,
      11;3; 0.010000, 0.010000, 0.010000;;,
      12;3; 0.010000, 0.010000, 0.010000;;,
      13;3; 0.010000, 0.010000, 0.010000;;,
      14;3; 0.010000, 0.010000, 0.010000;;,
      15;3; 0.010000, 0.010000, 0.010000;;,
      16;3; 0.010000, 0.010000, 0.010000;;,
      17;3; 0.010000, 0.010000, 0.010000;;,
      18;3; 0.010000, 0.010000, 0.010000;;,
      19;3; 0.010000, 0.010000, 0.010000;;,
      20;3; 0.010000, 0.010000, 0.010000;;,
      21;3; 0.010000, 0.010000, 0.010000;;,
      22;3; 0.010000, 0.010000, 0.010000;;,
      23;3; 0.010000, 0.010000, 0.010000;;,
      24;3; 0.010000, 0.010000, 0.010000;;,
      25;3; 0.010000, 0.010000, 0.010000;;,
      26;3; 0.010000, 0.010000, 0.010000;;,
      27;3; 0.010000, 0.010000, 0.010000;;,
      28;3; 0.010000, 0.010000, 0.010000;;,
      29;3; 0.010000, 0.010000, 0.010000;;,
      30;3; 0.010000, 0.010000, 0.010000;;,
      31;3; 0.010000, 0.010000, 0.010000;;,
      32;3; 0.010000, 0.010000, 0.010000;;,
      33;3; 0.010000, 0.010000, 0.010000;;,
      34;3; 0.010000, 0.010000, 0.010000;;,
      35;3; 0.010000, 0.010000, 0.010000;;,
      36;3; 0.010000, 0.010000, 0.010000;;,
      37;3; 0.010000, 0.010000, 0.010000;;,
      38;3; 0.010000, 0.010000, 0.010000;;,
      39;3; 0.010000, 0.010000, 0.010000;;,
      40;3; 0.010000, 0.010000, 0.010000;;,
      41;3; 0.010000, 0.010000, 0.010000;;,
      42;3; 0.010000, 0.010000, 0.010000;;,
      43;3; 0.010000, 0.010000, 0.010000;;,
      44;3; 0.010000, 0.010000, 0.010000;;,
      45;3; 0.010000, 0.010000, 0.010000;;,
      46;3; 0.010000, 0.010000, 0.010000;;,
      47;3; 0.010000, 0.010000, 0.010000;;,
      48;3; 0.010000, 0.010000, 0.010000;;,
      49;3; 0.010000, 0.010000, 0.010000;;,
      50;3; 0.010000, 0.010000, 0.010000;;,
      51;3; 0.010000, 0.010000, 0.010000;;,
      52;3; 0.010000, 0.010000, 0.010000;;,
      53;3; 0.010000, 0.010000, 0.010000;;,
      54;3; 0.010000, 0.010000, 0.010000;;,
      55;3; 0.010000, 0.010000, 0.010000;;,
      56;3; 0.010000, 0.010000, 0.010000;;,
      57;3; 0.010000, 0.010000, 0.010000;;,
      58;3; 0.010000, 0.010000, 0.010000;;,
      59;3; 0.010000, 0.010000, 0.010000;;,
      60;3; 0.010000, 0.010000, 0.010000;;,
      61;3; 0.010000, 0.010000, 0.010000;;,
      62;3; 0.010000, 0.010000, 0.010000;;,
      63;3; 0.010000, 0.010000, 0.010000;;,
      64;3; 0.010000, 0.010000, 0.010000;;,
      65;3; 0.010000, 0.010000, 0.010000;;;
    }
    AnimationKey { // Position
      2;
      66;
      0;3; 0.000000, 0.000000, 0.000000;;,
      1;3; 0.000000, 0.000000, 0.000000;;,
      2;3; 0.000000, 0.000000, 0.000000;;,
      3;3; 0.000000, 0.000000, 0.000000;;,
      4;3; 0.000000, 0.000000, 0.000000;;,
      5;3; 0.000000, 0.000000, 0.000000;;,
      6;3; 0.000000, 0.000000, 0.000000;;,
      7;3; 0.000000, 0.000000, 0.000000;;,
      8;3; 0.000000, 0.000000, 0.000000;;,
      9;3; 0.000000, 0.000000, 0.000000;;,
      10;3; 0.000000, 0.000000, 0.000000;;,
      11;3; 0.000000, 0.000000, 0.000000;;,
      12;3; 0.000000, 0.000000, 0.000000;;,
      13;3; 0.000000, 0.000000, 0.000000;;,
      14;3; 0.000000, 0.000000, 0.000000;;,
      15;3; 0.000000, 0.000000, 0.000000;;,
      16;3; 0.000000, 0.000000, 0.000000;;,
      17;3; 0.000000, 0.000000, 0.000000;;,
      18;3; 0.000000, 0.000000, 0.000000;;,
      19;3; 0.000000, 0.000000, 0.000000;;,
      20;3; 0.000000, 0.000000, 0.000000;;,
      21;3; 0.000000, 0.000000, 0.000000;;,
      22;3; 0.000000, 0.000000, 0.000000;;,
      23;3; 0.000000, 0.000000, 0.000000;;,
      24;3; 0.000000, 0.000000, 0.000000;;,
      25;3; 0.000000, 0.000000, 0.000000;;,
      26;3; 0.000000, 0.000000, 0.000000;;,
      27;3; 0.000000, 0.000000, 0.000000;;,
      28;3; 0.000000, 0.000000, 0.000000;;,
      29;3; 0.000000, 0.000000, 0.000000;;,
      30;3; 0.000000, 0.000000, 0.000000;;,
      31;3; 0.000000, 0.000000, 0.000000;;,
      32;3; 0.000000, 0.000000, 0.000000;;,
      33;3; 0.000000, 0.000000, 0.000000;;,
      34;3; 0.000000, 0.000000, 0.000000;;,
      35;3; 0.000000, 0.000000, 0.000000;;,
      36;3; 0.000000, 0.000000, 0.000000;;,
      37;3; 0.000000, 0.000000, 0.000000;;,
      38;3; 0.000000, 0.000000, 0.000000;;,
      39;3; 0.000000, 0.000000, 0.000000;;,
      40;3; 0.000000, 0.000000, 0.000000;;,
      41;3; 0.000000, 0.000000, 0.000000;;,
      42;3; 0.000000, 0.000000, 0.000000;;,
      43;3; 0.000000, 0.000000, 0.000000;;,
      44;3; 0.000000, 0.000000, 0.000000;;,
      45;3; 0.000000, 0.000000, 0.000000;;,
      46;3; 0.000000, 0.000000, 0.000000;;,
      47;3; 0.000000, 0.000000, 0.000000;;,
      48;3; 0.000000, 0.000000, 0.000000;;,
      49;3; 0.000000, 0.000000, 0.000000;;,
      50;3; 0.000000, 0.000000, 0.000000;;,
      51;3; 0.000000, 0.000000, 0.000000;;,
      52;3; 0.000000, 0.000000, 0.000000;;,
      53;3; 0.000000, 0.000000, 0.000000;;,
      54;3; 0.000000, 0.000000, 0.000000;;,
      55;3; 0.000000, 0.000000, 0.000000;;,
      56;3; 0.000000, 0.000000, 0.000000;;,
      57;3; 0.000000, 0.000000, 0.000000;;,
      58;3; 0.000000, 0.000000, 0.000000;;,
      59;3; 0.000000, 0.000000, 0.000000;;,
      60;3; 0.000000, 0.000000, 0.000000;;,
      61;3; 0.000000, 0.000000, 0.000000;;,
      62;3; 0.000000, 0.000000, 0.000000;;,
      63;3; 0.000000, 0.000000, 0.000000;;,
      64;3; 0.000000, 0.000000, 0.000000;;,
      65;3; 0.000000, 0.000000, 0.000000;;;
    }
  }
  Animation {
    {Armature_mixamorig_Hips}
    AnimationKey { // Rotation
      0;
      66;
      0;4;-0.998966,-0.011040,-0.002000, 0.044069;;,
      1;4;-0.998913,-0.010806,-0.004986, 0.045065;;,
      2;4;-0.998880,-0.010158,-0.007557, 0.045600;;,
      3;4;-0.998862,-0.009446,-0.010814, 0.045479;;,
      4;4;-0.998838,-0.009009,-0.014716, 0.044991;;,
      5;4;-0.998787,-0.008566,-0.019538, 0.044388;;,
      6;4;-0.998667,-0.007872,-0.025583, 0.044132;;,
      7;4;-0.998475,-0.006895,-0.032512, 0.044083;;,
      8;4;-0.998253,-0.006309,-0.040443, 0.042612;;,
      9;4;-0.997949,-0.005789,-0.048650, 0.041200;;,
      10;4;-0.997559,-0.004980,-0.057064, 0.039926;;,
      11;4;-0.997111,-0.003834,-0.065338, 0.038548;;,
      12;4;-0.996693,-0.002832,-0.072298, 0.036985;;,
      13;4;-0.996323,-0.002056,-0.077963, 0.035483;;,
      14;4;-0.996101,-0.001903,-0.081080, 0.034727;;,
      15;4;-0.995947,-0.002074,-0.083106, 0.034345;;,
      16;4;-0.995821,-0.002596,-0.084570, 0.034362;;,
      17;4;-0.995713,-0.003584,-0.085724, 0.034559;;,
      18;4;-0.995629,-0.005049,-0.086661, 0.034471;;,
      19;4;-0.995579,-0.006792,-0.087137, 0.034408;;,
      20;4;-0.995599,-0.008649,-0.086709, 0.034499;;,
      21;4;-0.995634,-0.010616,-0.085565, 0.035759;;,
      22;4;-0.995666,-0.012480,-0.084407, 0.037002;;,
      23;4;-0.995695,-0.014252,-0.083109, 0.038480;;,
      24;4;-0.995739,-0.015818,-0.081562, 0.040027;;,
      25;4;-0.995861,-0.016509,-0.079159, 0.041491;;,
      26;4;-0.996083,-0.016133,-0.076260, 0.041751;;,
      27;4;-0.996392,-0.014895,-0.073032, 0.040585;;,
      28;4;-0.996735,-0.013183,-0.069632, 0.038697;;,
      29;4;-0.997085,-0.011006,-0.065712, 0.037176;;,
      30;4;-0.997396,-0.008652,-0.061572, 0.036537;;,
      31;4;-0.997683,-0.006176,-0.057042, 0.036557;;,
      32;4;-0.997965,-0.003270,-0.052002, 0.036764;;,
      33;4;-0.998248,-0.000304,-0.046221, 0.036929;;,
      34;4;-0.998523, 0.002655,-0.040038, 0.036633;;,
      35;4;-0.998793, 0.005398,-0.033427, 0.035573;;,
      36;4;-0.999045, 0.007834,-0.026823, 0.033601;;,
      37;4;-0.999257, 0.009880,-0.020954, 0.030807;;,
      38;4;-0.999413, 0.011292,-0.015710, 0.028286;;,
      39;4;-0.999538, 0.012175,-0.011179, 0.025521;;,
      40;4;-0.999644, 0.012445,-0.006895, 0.022567;;,
      41;4;-0.999738, 0.012279,-0.002728, 0.019116;;,
      42;4;-0.999809, 0.011389, 0.001879, 0.015757;;,
      43;4;-0.999840, 0.010487, 0.006458, 0.013001;;,
      44;4;-0.999822, 0.009651, 0.011001, 0.011925;;,
      45;4;-0.999789, 0.009110, 0.014788, 0.010993;;,
      46;4;-0.999695, 0.008762, 0.019295, 0.012704;;,
      47;4;-0.999587, 0.008883, 0.023433, 0.014055;;,
      48;4;-0.999464, 0.009180, 0.027530, 0.015152;;,
      49;4;-0.999338, 0.009648, 0.031711, 0.014969;;,
      50;4;-0.999216, 0.009661, 0.035680, 0.014212;;,
      51;4;-0.999048, 0.009216, 0.039979, 0.014805;;,
      52;4;-0.998787, 0.008339, 0.045148, 0.017801;;,
      53;4;-0.998592, 0.006998, 0.048681, 0.019901;;,
      54;4;-0.998450, 0.004630, 0.051088, 0.021585;;,
      55;4;-0.998405, 0.000704, 0.051532, 0.023056;;,
      56;4;-0.998426,-0.003672, 0.050124, 0.024890;;,
      57;4;-0.998548,-0.007869, 0.046162, 0.026642;;,
      58;4;-0.998783,-0.010230, 0.039187, 0.028161;;,
      59;4;-0.998963,-0.011748, 0.032013, 0.030169;;,
      60;4;-0.999059,-0.011986, 0.025487, 0.032971;;,
      61;4;-0.999088,-0.011783, 0.019549, 0.036098;;,
      62;4;-0.999065,-0.011381, 0.014006, 0.039292;;,
      63;4;-0.999030,-0.011120, 0.008579, 0.041731;;,
      64;4;-0.998999,-0.011055, 0.003112, 0.043243;;,
      65;4;-0.998966,-0.011040,-0.001999, 0.044054;;;
    }
    AnimationKey { // Scale
      1;
      66;
      0;3; 1.000000, 1.000000, 1.000000;;,
      1;3; 1.000000, 1.000000, 1.000000;;,
      2;3; 1.000000, 1.000000, 1.000000;;,
      3;3; 1.000000, 1.000000, 1.000000;;,
      4;3; 1.000000, 1.000000, 1.000000;;,
      5;3; 1.000000, 1.000000, 1.000000;;,
      6;3; 1.000000, 1.000000, 1.000000;;,
      7;3; 1.000000, 1.000000, 1.000000;;,
      8;3; 1.000000, 1.000000, 1.000000;;,
      9;3; 1.000000, 1.000000, 1.000000;;,
      10;3; 1.000000, 1.000000, 1.000000;;,
      11;3; 1.000000, 1.000000, 1.000000;;,
      12;3; 1.000000, 1.000000, 1.000000;;,
      13;3; 1.000000, 1.000000, 1.000000;;,
      14;3; 1.000000, 1.000000, 1.000000;;,
      15;3; 1.000000, 1.000000, 1.000000;;,
      16;3; 1.000000, 1.000000, 1.000000;;,
      17;3; 1.000000, 1.000000, 1.000000;;,
      18;3; 1.000000, 1.000000, 1.000000;;,
      19;3; 1.000000, 1.000000, 1.000000;;,
      20;3; 1.000000, 1.000000, 1.000000;;,
      21;3; 1.000000, 1.000000, 1.000000;;,
      22;3; 1.000000, 1.000000, 1.000000;;,
      23;3; 1.000000, 1.000000, 1.000000;;,
      24;3; 1.000000, 1.000000, 1.000000;;,
      25;3; 1.000000, 1.000000, 1.000000;;,
      26;3; 1.000000, 1.000000, 1.000000;;,
      27;3; 1.000000, 1.000000, 1.000000;;,
      28;3; 1.000000, 1.000000, 1.000000;;,
      29;3; 1.000000, 1.000000, 1.000000;;,
      30;3; 1.000000, 1.000000, 1.000000;;,
      31;3; 1.000000, 1.000000, 1.000000;;,
      32;3; 1.000000, 1.000000, 1.000000;;,
      33;3; 1.000000, 1.000000, 1.000000;;,
      34;3; 1.000000, 1.000000, 1.000000;;,
      35;3; 1.000000, 1.000000, 1.000000;;,
      36;3; 1.000000, 1.000000, 1.000000;;,
      37;3; 1.000000, 1.000000, 1.000000;;,
      38;3; 1.000000, 1.000000, 1.000000;;,
      39;3; 1.000000, 1.000000, 1.000000;;,
      40;3; 1.000000, 1.000000, 1.000000;;,
      41;3; 1.000000, 1.000000, 1.000000;;,
      42;3; 1.000000, 1.000000, 1.000000;;,
      43;3; 1.000000, 1.000000, 1.000000;;,
      44;3; 1.000000, 1.000000, 1.000000;;,
      45;3; 1.000000, 1.000000, 1.000000;;,
      46;3; 1.000000, 1.000000, 1.000000;;,
      47;3; 1.000000, 1.000000, 1.000000;;,
      48;3; 1.000000, 1.000000, 1.000000;;,
      49;3; 1.000000, 1.000000, 1.000000;;,
      50;3; 1.000000, 1.000000, 1.000000;;,
      51;3; 1.000000, 1.000000, 1.000000;;,
      52;3; 1.000000, 1.000000, 1.000000;;,
      53;3; 1.000000, 1.000000, 1.000000;;,
      54;3; 1.000000, 1.000000, 1.000000;;,
      55;3; 1.000000, 1.000000, 1.000000;;,
      56;3; 1.000000, 1.000000, 1.000000;;,
      57;3; 1.000000, 1.000000, 1.000000;;,
      58;3; 1.000000, 1.000000, 1.000000;;,
      59;3; 1.000000, 1.000000, 1.000000;;,
      60;3; 1.000000, 1.000000, 1.000000;;,
      61;3; 1.000000, 1.000000, 1.000000;;,
      62;3; 1.000000, 1.000000, 1.000000;;,
      63;3; 1.000000, 1.000000, 1.000000;;,
      64;3; 1.000000, 1.000000, 1.000000;;,
      65;3; 1.000000, 1.000000, 1.000000;;;
    }
    AnimationKey { // Position
      2;
      66;
      0;3;-1.512732,30.686390,-1.132118;;,
      1;3;-1.488561,30.863029,-1.466398;;,
      2;3;-1.471277,30.902624,-1.762592;;,
      3;3;-1.452560,30.834225,-2.000181;;,
      4;3;-1.435134,30.645298,-2.208931;;,
      5;3;-1.418893,30.402020,-2.369473;;,
      6;3;-1.406116,30.112932,-2.499619;;,
      7;3;-1.397466,29.803356,-2.658209;;,
      8;3;-1.361390,29.435123,-2.770689;;,
      9;3;-1.308615,29.105736,-2.917357;;,
      10;3;-1.279009,28.787773,-3.082570;;,
      11;3;-1.242180,28.470009,-3.238267;;,
      12;3;-1.188564,28.144571,-3.388417;;,
      13;3;-1.116922,27.850601,-3.518425;;,
      14;3;-1.031131,27.619076,-3.664779;;,
      15;3;-0.939572,27.454247,-3.812438;;,
      16;3;-0.862593,27.368778,-3.968428;;,
      17;3;-0.775431,27.315437,-4.078850;;,
      18;3;-0.694942,27.282566,-4.168227;;,
      19;3;-0.643976,27.206909,-4.201200;;,
      20;3;-0.615712,27.147703,-4.225096;;,
      21;3;-0.631202,27.132088,-4.302618;;,
      22;3;-0.674382,27.102776,-4.403034;;,
      23;3;-0.699741,27.083061,-4.422069;;,
      24;3;-0.730497,27.102367,-4.310992;;,
      25;3;-0.761474,27.246948,-3.913845;;,
      26;3;-0.761016,27.576797,-3.364120;;,
      27;3;-0.740787,28.029278,-2.775540;;,
      28;3;-0.733266,28.465893,-2.275488;;,
      29;3;-0.690039,28.794907,-1.780456;;,
      30;3;-0.657263,28.943718,-1.344474;;,
      31;3;-0.642112,28.971504,-0.890701;;,
      32;3;-0.683267,28.919628,-0.384031;;,
      33;3;-0.731943,28.812920, 0.156793;;,
      34;3;-0.749603,28.704639, 0.670680;;,
      35;3;-0.722187,28.642277, 1.137609;;,
      36;3;-0.655850,28.675711, 1.521201;;,
      37;3;-0.552865,28.865082, 1.661973;;,
      38;3;-0.426953,29.058773, 1.613966;;,
      39;3;-0.242761,29.311995, 1.364066;;,
      40;3;-0.022665,29.643663, 1.015877;;,
      41;3; 0.232725,30.092224, 0.573669;;,
      42;3; 0.461967,30.529495, 0.130504;;,
      43;3; 0.670658,30.917269,-0.314785;;,
      44;3; 0.826076,31.137466,-0.686789;;,
      45;3; 1.044796,31.457146,-1.193812;;,
      46;3; 0.975382,31.156036,-1.200287;;,
      47;3; 0.906494,30.849136,-1.196133;;,
      48;3; 0.798244,30.512825,-1.136970;;,
      49;3; 0.707731,30.239809,-1.091358;;,
      50;3; 0.601640,30.033577,-1.064199;;,
      51;3; 0.270861,29.575775,-0.554510;;,
      52;3;-0.189352,28.775406, 0.221637;;,
      53;3;-0.491043,28.239674, 0.606734;;,
      54;3;-0.727554,27.821938, 0.816326;;,
      55;3;-0.913918,27.652273, 0.905007;;,
      56;3;-1.089132,27.652187, 0.924168;;,
      57;3;-1.247499,27.773912, 0.858196;;,
      58;3;-1.337960,28.047218, 0.721164;;,
      59;3;-1.409177,28.403238, 0.522674;;,
      60;3;-1.464927,28.809277, 0.279136;;,
      61;3;-1.501271,29.227306, 0.018217;;,
      62;3;-1.529455,29.631023,-0.238323;;,
      63;3;-1.539063,30.006519,-0.521040;;,
      64;3;-1.533493,30.347933,-0.818593;;,
      65;3;-1.511263,30.688248,-1.131864;;;
    }
  }
  Animation {
    {Armature_mixamorig_Spine}
    AnimationKey { // Rotation
      0;
      66;
      0;4;-0.980088, 0.179662,-0.080797,-0.024922;;,
      1;4;-0.980472, 0.177884,-0.079962,-0.025249;;,
      2;4;-0.980955, 0.175591,-0.079229,-0.024865;;,
      3;4;-0.981550, 0.173042,-0.077743,-0.023928;;,
      4;4;-0.982224, 0.170164,-0.075903,-0.022772;;,
      5;4;-0.982950, 0.167165,-0.073518,-0.021475;;,
      6;4;-0.983692, 0.164125,-0.070758,-0.020137;;,
      7;4;-0.984402, 0.161221,-0.067837,-0.018959;;,
      8;4;-0.985036, 0.158830,-0.064633,-0.017331;;,
      9;4;-0.985589, 0.156715,-0.061604,-0.016105;;,
      10;4;-0.986051, 0.154977,-0.058785,-0.015133;;,
      11;4;-0.986417, 0.153699,-0.056214,-0.014042;;,
      12;4;-0.986674, 0.152925,-0.054089,-0.012741;;,
      13;4;-0.986861, 0.152415,-0.052403,-0.011372;;,
      14;4;-0.986940, 0.152231,-0.051645,-0.010429;;,
      15;4;-0.986958, 0.152236,-0.051394,-0.009819;;,
      16;4;-0.986911, 0.152480,-0.051574,-0.009836;;,
      17;4;-0.986786, 0.153067,-0.052073,-0.010583;;,
      18;4;-0.986580, 0.154068,-0.052745,-0.011839;;,
      19;4;-0.986292, 0.155389,-0.053800,-0.013725;;,
      20;4;-0.985865, 0.157170,-0.055729,-0.016209;;,
      21;4;-0.985323, 0.159103,-0.058551,-0.019892;;,
      22;4;-0.984716, 0.161251,-0.061423,-0.023642;;,
      23;4;-0.984058, 0.163450,-0.064439,-0.027583;;,
      24;4;-0.983365, 0.165626,-0.067636,-0.031397;;,
      25;4;-0.982713, 0.167395,-0.071347,-0.034124;;,
      26;4;-0.982181, 0.168769,-0.075076,-0.034642;;,
      27;4;-0.981764, 0.169880,-0.078695,-0.032982;;,
      28;4;-0.981400, 0.170829,-0.082225,-0.030170;;,
      29;4;-0.981045, 0.171468,-0.086109,-0.027104;;,
      30;4;-0.980689, 0.171807,-0.090159,-0.024569;;,
      31;4;-0.980330, 0.171824,-0.094490,-0.022382;;,
      32;4;-0.980096, 0.171037,-0.098851,-0.019682;;,
      33;4;-0.979913, 0.169866,-0.103166,-0.016517;;,
      34;4;-0.979732, 0.168614,-0.107384,-0.012791;;,
      35;4;-0.979522, 0.167491,-0.111398,-0.008531;;,
      36;4;-0.979262, 0.166644,-0.115162,-0.003726;;,
      37;4;-0.978997, 0.166139,-0.118158, 0.001409;;,
      38;4;-0.978717, 0.165943,-0.120596, 0.005714;;,
      39;4;-0.978467, 0.166040,-0.122218, 0.009738;;,
      40;4;-0.978219, 0.166414,-0.123339, 0.013436;;,
      41;4;-0.977988, 0.166979,-0.123939, 0.017201;;,
      42;4;-0.977768, 0.167686,-0.124265, 0.020231;;,
      43;4;-0.977626, 0.168049,-0.124455, 0.022771;;,
      44;4;-0.977547, 0.167764,-0.125165, 0.024304;;,
      45;4;-0.977577, 0.166958,-0.125605, 0.026316;;,
      46;4;-0.977572, 0.165581,-0.127459, 0.026259;;,
      47;4;-0.977619, 0.163862,-0.129175, 0.026900;;,
      48;4;-0.977667, 0.162174,-0.130770, 0.027678;;,
      49;4;-0.977681, 0.160899,-0.131923, 0.029121;;,
      50;4;-0.977605, 0.160742,-0.132391, 0.030390;;,
      51;4;-0.977398, 0.161574,-0.133053, 0.029722;;,
      52;4;-0.977018, 0.163095,-0.134705, 0.026291;;,
      53;4;-0.976750, 0.165365,-0.134460, 0.023114;;,
      54;4;-0.976496, 0.168575,-0.132857, 0.019672;;,
      55;4;-0.976313, 0.172621,-0.129495, 0.015663;;,
