xof 0303txt 0032

Frame Root {
  FrameTransformMatrix {
     1.000000, 0.000000, 0.000000, 0.000000,
     0.000000,-0.000000,-1.000000, 0.000000,
     0.000000, 1.000000,-0.000000, 0.000000,
     0.000000, 0.000000, 0.000000, 1.000000;;
  }
  Frame Armature {
    FrameTransformMatrix {
       0.010000, 0.000000, 0.000000, 0.000000,
       0.000000,-0.000000, 0.010000, 0.000000,
       0.000000,-0.010000,-0.000000, 0.000000,
       0.000000, 8.028716, 0.000000, 1.000000;;
    }
    Frame Armature_Root {
      FrameTransformMatrix {
        -0.000000,-0.069449, 0.997586, 0.000000,
         1.000000,-0.000000, 0.000000, 0.000000,
         0.000000, 0.997586, 0.069449, 0.000000,
        -0.000000,723.438171,34.101837, 1.000000;;
      }
      Frame Armature_Spine01 {
        FrameTransformMatrix {
           0.111909, 0.000000, 0.993718, 0.000000,
           0.993718,-0.000000,-0.111909, 0.000000,
          -0.000000, 1.000000,-0.000000, 0.000000,
          97.524048, 0.000000, 0.000023, 1.000000;;
        }
        Frame Armature_Spine02 {
          FrameTransformMatrix {
            -0.990494, 0.137557,-0.000000, 0.000000,
             0.137557, 0.990494,-0.000000, 0.000000,
             0.000000,-0.000000,-1.000000, 0.000000,
             0.000011,114.438347,-0.000000, 1.000000;;
          }
          Frame Armature_Chest {
            FrameTransformMatrix {
              -0.930190, 0.367078, 0.000000, 0.000000,
               0.367079, 0.930190,-0.000000, 0.000000,
              -0.000000,-0.000000,-1.000000, 0.000000,
              -0.000065,127.459343, 0.000000, 1.000000;;
            }
            Frame Armature_Neck01 {
              FrameTransformMatrix {
                 0.971388,-0.237499, 0.000000, 0.000000,
                 0.237499, 0.971388, 0.000000, 0.000000,
                -0.000000, 0.000000, 1.000000, 0.000000,
                -0.000015,126.849564, 0.000002, 1.000000;;
              }
              Frame Armature_Neck02 {
                FrameTransformMatrix {
                   0.983899,-0.178727, 0.000000, 0.000000,
                   0.178727, 0.983899,-0.000000, 0.000000,
                  -0.000000, 0.000000, 1.000000, 0.000000,
                  -0.000023,122.347160,-0.000000, 1.000000;;
                }
                Frame Armature_Neck03 {
                  FrameTransformMatrix {
                     0.994649,-0.103312, 0.000000, 0.000000,
                     0.103312, 0.994649,-0.000000, 0.000000,
                    -0.000000, 0.000000, 1.000000, 0.000000,
                     0.000107,112.527153,-0.000001, 1.000000;;
                  }
                  Frame Armature_Head {
                    FrameTransformMatrix {
                       0.000000, 0.000000, 1.000000, 0.000000,
                      -0.112728, 0.993626,-0.000000, 0.000000,
                      -0.993626,-0.112728, 0.000000, 0.000000,
                      -0.000000,105.244141,-0.000000, 1.000000;;
                    }
                    Frame Armature_Eye_L {
                      FrameTransformMatrix {
                         1.000000,-0.000000, 0.000000, 0.000000,
                         0.000000, 1.000000, 0.000000, 0.000000,
                        -0.000000,-0.000000, 1.000000, 0.000000,
                        34.315445,64.830605,-31.983646, 1.000000;;
                      }
                    } // End of Armature_Eye_L
                    Frame Armature_Eye_R {
                      FrameTransformMatrix {
                         1.000000,-0.000000, 0.000000, 0.000000,
                        -0.000000,-1.000000, 0.000000, 0.000000,
                         0.000000,-0.000000,-1.000000, 0.000000,
                        -34.315395,64.831039,-31.984062, 1.000000;;
                      }
                    } // End of Armature_Eye_R
                    Frame Armature_Eye_Under_L {
                      FrameTransformMatrix {
                         1.000000,-0.000000, 0.000000, 0.000000,
                         0.000000, 1.000000, 0.000000, 0.000000,
                        -0.000000, 0.000000, 1.000000, 0.000000,
                        38.478428,70.034622,-12.224519, 1.000000;;
                      }
                    } // End of Armature_Eye_Under_L
                    Frame Armature_Eye_Under_R {
                      FrameTransformMatrix {
                         1.000000,-0.000000, 0.000000, 0.000000,
                        -0.000000,-1.000000, 0.000000, 0.000000,
                         0.000000,-0.000000,-1.000000, 0.000000,
                        -38.478397,70.035072,-12.224078, 1.000000;;
                      }
                    } // End of Armature_Eye_Under_R
                    Frame Armature_Jaw01 {
                      FrameTransformMatrix {
                        -0.000000, 0.124976, 0.992160, 0.000000,
                         0.000000, 0.992160,-0.124976, 0.000000,
                        -1.000000, 0.000000,-0.000000, 0.000000,
                         0.000002,77.714043,41.943638, 1.000000;;
                      }
                      Frame Armature_Jaw02 {
                        FrameTransformMatrix {
                          -0.778933,-0.627108,-0.000001, 0.000000,
                           0.000001, 0.000000,-1.000000, 0.000000,
                           0.627108,-0.778933, 0.000000, 0.000000,
                          -0.000008,131.770691, 0.000000, 1.000000;;
                        }
                      } // End of Armature_Jaw02
                    } // End of Armature_Jaw01
                    Frame Armature_Tongue01 {
                      FrameTransformMatrix {
                        -0.000003,-0.065750, 0.997836, 0.000000,
                         0.000000, 0.997836, 0.065750, 0.000000,
                        -1.000000, 0.000000,-0.000003, 0.000000,
                        -0.000001,31.774954,21.651552, 1.000000;;
                      }
                      Frame Armature_Tongue02 {
                        FrameTransformMatrix {
                           0.999323,-0.036778,-0.000000, 0.000000,
                           0.036778, 0.999323,-0.000000, 0.000000,
                           0.000000, 0.000000, 1.000000, 0.000000,
                           0.000000,53.169949, 0.000000, 1.000000;;
                        }
                        Frame Armature_Tongue03 {
                          FrameTransformMatrix {
                             0.999072,-0.043065, 0.000000, 0.000000,
                             0.043065, 0.999072,-0.000000, 0.000000,
                            -0.000000, 0.000000, 1.000000, 0.000000,
                            -0.000061,46.743248, 0.000000, 1.000000;;
                          }
                          Frame Armature_Tongue04 {
                            FrameTransformMatrix {
                              -0.962206,-0.272321,-0.000001, 0.000000,
                               0.000000, 0.000003,-1.000000, 0.000000,
                               0.272321,-0.962206,-0.000003, 0.000000,
                               0.000015,54.004089,-0.000000, 1.000000;;
                            }
                          } // End of Armature_Tongue04
                        } // End of Armature_Tongue03
                      } // End of Armature_Tongue02
                    } // End of Armature_Tongue01
                    Frame Armature_UpperMouth01 {
                      FrameTransformMatrix {
                        -0.000003, 0.094764,-0.995500, 0.000000,
                         0.000000, 0.995500, 0.094764, 0.000000,
                         1.000000,-0.000000,-0.000003, 0.000000,
                         0.000001,97.247620,-15.644090, 1.000000;;
                      }
                      Frame Armature_UpperMouth02 {
                        FrameTransformMatrix {
                           0.995693, 0.092716,-0.000000, 0.000000,
                          -0.000000, 0.000002, 1.000000, 0.000000,
                           0.092716,-0.995693, 0.000002, 0.000000,
                           0.000008,97.058777, 0.000000, 1.000000;;
                        }
                      } // End of Armature_UpperMouth02
                    } // End of Armature_UpperMouth01
                  } // End of Armature_Head
                } // End of Armature_Neck03
              } // End of Armature_Neck02
            } // End of Armature_Neck01
            Frame Armature_UpperArm_L {
              FrameTransformMatrix {
                -0.395676, 0.332121, 0.856233, 0.000000,
                -0.342644,-0.918387, 0.197889, 0.000000,
                 0.852077,-0.215084, 0.477183, 0.000000,
                -32.905849,-19.313072,82.735832, 1.000000;;
              }
              Frame Armature_LowerArm_L {
                FrameTransformMatrix {
                   0.984898, 0.083880, 0.151460, 0.000000,
                   0.029254, 0.781605,-0.623087, 0.000000,
                  -0.170646, 0.618108, 0.767348, 0.000000,
                   0.000006,176.291077, 0.000065, 1.000000;;
                }
                Frame Armature_Hand_L {
                  FrameTransformMatrix {
                    -0.074358,-0.991236,-0.109185, 0.000000,
                     0.650367, 0.034797,-0.758822, 0.000000,
                     0.755971,-0.127436, 0.642081, 0.000000,
                     0.000006,171.877747, 0.000015, 1.000000;;
                  }
                  Frame Armature_Index01_L {
                    FrameTransformMatrix {
                       0.373203, 0.873674,-0.312109, 0.000000,
                      -0.927229, 0.362526,-0.093925, 0.000000,
                       0.031088, 0.324450, 0.945392, 0.000000,
                      -5.378054,55.339218,-24.943516, 1.000000;;
                    }
                    Frame Armature_Index02_L {
                      FrameTransformMatrix {
                         0.168486, 0.985645,-0.010832, 0.000000,
                        -0.983218, 0.168830, 0.069135, 0.000000,
                         0.069972,-0.000998, 0.997549, 0.000000,
                        -2.207166,39.770710,-0.317726, 1.000000;;
                      }
                      Frame Armature_Index03_L {
                        FrameTransformMatrix {
                           1.000000, 0.000000, 0.000000, 0.000000,
                          -0.000000, 0.573462, 0.819232, 0.000000,
                           0.000000,-0.819232, 0.573462, 0.000000,
                          -0.282473,27.569656,-1.050713, 1.000000;;
                        }
                      } // End of Armature_Index03_L
                    } // End of Armature_Index02_L
                  } // End of Armature_Index01_L
                  Frame Armature_Middle01_L {
                    FrameTransformMatrix {
                       0.259017, 0.938882, 0.226741, 0.000000,
                      -0.963432, 0.267820,-0.008404, 0.000000,
                      -0.068616,-0.216273, 0.973919, 0.000000,
                      -5.274514,61.946529, 2.297029, 1.000000;;
                    }
                    Frame Armature_Middle02_L {
                      FrameTransformMatrix {
                         0.193655, 0.951867,-0.237587, 0.000000,
                        -0.908751, 0.265296, 0.322164, 0.000000,
                         0.369688, 0.153519, 0.916386, 0.000000,
                         0.726945,43.116913, 0.768601, 1.000000;;
                      }
                      Frame Armature_Middle3_L {
                        FrameTransformMatrix {
                           1.000000,-0.000000,-0.000000, 0.000000,
                           0.000000, 0.573463, 0.819232, 0.000000,
                           0.000000,-0.819232, 0.573463, 0.000000,
                          -0.189679,32.270248,-0.938921, 1.000000;;
                        }
                      } // End of Armature_Middle3_L
                    } // End of Armature_Middle02_L
                  } // End of Armature_Middle01_L
                  Frame Armature_Pinky01_L {
                    FrameTransformMatrix {
                       0.260831, 0.940234, 0.218921, 0.000000,
                      -0.965375, 0.253047, 0.063387, 0.000000,
                       0.004202,-0.227874, 0.973682, 0.000000,
                      -9.550694,54.728970,28.829313, 1.000000;;
                    }
                    Frame Armature_Pinky02_L {
                      FrameTransformMatrix {
                         0.218153, 0.975663, 0.022175, 0.000000,
                        -0.975915, 0.218096, 0.004956, 0.000000,
                        -0.000000,-0.022722, 0.999742, 0.000000,
                         0.112958,39.613976, 0.562982, 1.000000;;
                      }
                      Frame Armature_Pinky03_L {
                        FrameTransformMatrix {
                           1.000000,-0.000000,-0.000000, 0.000000,
                           0.000001, 0.573463, 0.819232, 0.000000,
                          -0.000000,-0.819232, 0.573462, 0.000000,
                          -0.189658,32.270279,-0.938924, 1.000000;;
                        }
                      } // End of Armature_Pinky03_L
                    } // End of Armature_Pinky02_L
                  } // End of Armature_Pinky01_L
                  Frame Armature_Thumb01_L {
                    FrameTransformMatrix {
                       0.060806,-0.993670, 0.094463, 0.000000,
                      -0.998125,-0.061190,-0.001167, 0.000000,
                       0.006948,-0.094215,-0.995510, 0.000000,
                      -12.599321,-25.391672, 3.054235, 1.000000;;
                    }
                    Frame Armature_Thumb02_L {
                      FrameTransformMatrix {
                         1.000000,-0.000000, 0.000000, 0.000000,
                         0.000000, 0.999742, 0.022722, 0.000000,
                        -0.000000,-0.022722, 0.999742, 0.000000,
                        -1.729845,36.609917, 0.235119, 1.000000;;
                      }
                    } // End of Armature_Thumb02_L
                  } // End of Armature_Thumb01_L
                } // End of Armature_Hand_L
              } // End of Armature_LowerArm_L
            } // End of Armature_UpperArm_L
            Frame Armature_UpperArm_R {
              FrameTransformMatrix {
                -0.316472, 0.347806,-0.882539, 0.000000,
                -0.419815,-0.885641,-0.198486, 0.000000,
                -0.850647, 0.307688, 0.426295, 0.000000,
                -32.906071,-19.312996,-82.735802, 1.000000;;
              }
              Frame Armature_RowerArm_R {
                FrameTransformMatrix {
                   0.978115, 0.059457,-0.199390, 0.000000,
                   0.038773, 0.889429, 0.455426, 0.000000,
                   0.204422,-0.453190, 0.867658, 0.000000,
                   0.000006,176.291275, 0.000068, 1.000000;;
                }
                Frame Armature_Hand_R {
                  FrameTransformMatrix {
                     0.089943,-0.995944, 0.002273, 0.000000,
                     0.572517, 0.053571, 0.818141, 0.000000,
                    -0.814944,-0.072285, 0.575013, 0.000000,
                     0.000001,171.877350,-0.000016, 1.000000;;
                  }
                  Frame Armature_Index01_R {
                    FrameTransformMatrix {
                       0.200282, 0.928924, 0.311427, 0.000000,
                      -0.978252, 0.207110, 0.011354, 0.000000,
                      -0.053953,-0.306928, 0.950202, 0.000000,
                      -4.365473,56.017788,23.587999, 1.000000;;
                    }
                    Frame Armature_Index02_R {
                      FrameTransformMatrix {
                         0.286035, 0.957113,-0.046031, 0.000000,
                        -0.958211, 0.285500,-0.017939, 0.000000,
                        -0.004028, 0.049239, 0.998779, 0.000000,
                         0.922205,39.822781,-0.089605, 1.000000;;
                      }
                      Frame Armature_Index03_R {
                        FrameTransformMatrix {
                          -0.998719, 0.050615, 0.000000, 0.000000,
                          -0.029026,-0.572727, 0.819231, 0.000000,
                           0.041466, 0.818181, 0.573463, 0.000000,
                           1.113343,27.548424, 1.050557, 1.000000;;
                        }
                      } // End of Armature_Index03_R
                    } // End of Armature_Index02_R
                  } // End of Armature_Index01_R
                  Frame Armature_Middle01_R {
                    FrameTransformMatrix {
                       0.313094, 0.947717, 0.061686, 0.000000,
                      -0.946532, 0.316703,-0.061454, 0.000000,
                      -0.077777,-0.039147, 0.996202, 0.000000,
                      -2.675766,62.042637,-3.734665, 1.000000;;
                    }
                    Frame Armature_Middle02_R {
                      FrameTransformMatrix {
                         0.280682, 0.958953,-0.040337, 0.000000,
                        -0.956341, 0.282988, 0.073003, 0.000000,
                         0.081422, 0.018085, 0.996516, 0.000000,
                        -0.485389,43.120644,-0.768901, 1.000000;;
                      }
                      Frame Armature_Middle3_R {
                        FrameTransformMatrix {
                          -0.996632,-0.004223,-0.081897, 0.000000,
                          -0.065008,-0.568093, 0.820393, 0.000000,
                          -0.049990, 0.822954, 0.565905, 0.000000,
                          -0.384497,32.274940, 0.699825, 1.000000;;
                        }
                      } // End of Armature_Middle3_R
                    } // End of Armature_Middle02_R
                  } // End of Armature_Middle01_R
                  Frame Armature_Pinky01_R {
                    FrameTransformMatrix {
                       0.285678, 0.923029,-0.257692, 0.000000,
                      -0.956701, 0.259037,-0.132754, 0.000000,
                      -0.055784, 0.284459, 0.957064, 0.000000,
                      -5.944262,54.442429,-30.303280, 1.000000;;
                    }
                    Frame Armature_Pinky02_R {
                      FrameTransformMatrix {
                         0.214355, 0.976229, 0.032082, 0.000000,
                        -0.976756, 0.214239, 0.007040, 0.000000,
                        -0.000000,-0.032845, 0.999460, 0.000000,
                        -1.078003,39.593815, 0.897125, 1.000000;;
                      }
                      Frame Armature_Pinky03_R {
                        FrameTransformMatrix {
                           1.000000, 0.000000,-0.000001, 0.000000,
                           0.000001,-0.523353, 0.852116, 0.000000,
                          -0.000000,-0.852116,-0.523353, 0.000000,
                          -1.148788,32.262321, 0.339627, 1.000000;;
                        }
                      } // End of Armature_Pinky03_R
                    } // End of Armature_Pinky02_R
                  } // End of Armature_Pinky01_R
                  Frame Armature_Thumb01_R {
                    FrameTransformMatrix {
                       0.002460,-0.997295,-0.073463, 0.000000,
                      -0.998984, 0.000869,-0.045205, 0.000000,
                       0.045154, 0.073498,-0.996275, 0.000000,
                      -13.441597,-24.940052,-3.187907, 1.000000;;
                    }
                    Frame Armature_Thumb02_R {
                      FrameTransformMatrix {
                        -0.996216, 0.086926,-0.000001, 0.000000,
                        -0.086904,-0.995957, 0.022722, 0.000000,
                         0.001975, 0.022636, 0.999742, 0.000000,
                         1.459158,36.621048,-0.234877, 1.000000;;
                      }
                    } // End of Armature_Thumb02_R
                  } // End of Armature_Thumb01_R
                } // End of Armature_Hand_R
              } // End of Armature_RowerArm_R
            } // End of Armature_UpperArm_R
          } // End of Armature_Chest
          Frame Armature_Wing01_L {
            FrameTransformMatrix {
              -0.114614, 0.715333,-0.689320, 0.000000,
              -0.440056,-0.658658,-0.610345, 0.000000,
              -0.890626, 0.233385, 0.390277, 0.000000,
              -56.105728,20.234121,-89.395538, 1.000000;;
            }
            Frame Armature_Wing02_L {
              FrameTransformMatrix {
                 0.064860,-0.997690, 0.020196, 0.000000,
                 0.997688, 0.064422,-0.021627, 0.000000,
                 0.020276, 0.021552, 0.999562, 0.000000,
                 0.000015,299.243988, 0.000023, 1.000000;;
              }
              Frame Armature_Wing03_L {
                FrameTransformMatrix {
                   0.877570, 0.473623, 0.074508, 0.000000,
                  -0.336846, 0.719652,-0.607154, 0.000000,
                  -0.341182, 0.507722, 0.791083, 0.000000,
                   0.000000,468.655090, 0.000000, 1.000000;;
                }
                Frame Armature_WingIndex01_L {
                  FrameTransformMatrix {
                     0.995838,-0.091109, 0.002345, 0.000000,
                     0.091102, 0.995837, 0.002939, 0.000000,
                    -0.002603,-0.002713, 0.999993, 0.000000,
                     0.000038,40.398361, 0.000046, 1.000000;;
                  }
                  Frame Armature_WingIndex02_L {
                    FrameTransformMatrix {
                       0.957455, 0.284942,-0.045698, 0.000000,
                      -0.286235, 0.957841,-0.024698, 0.000000,
                       0.036734, 0.036728, 0.998650, 0.000000,
                      -0.000034,209.264496,-0.000015, 1.000000;;
                    }
                    Frame Armature_WingIndex03_L {
                      FrameTransformMatrix {
                         0.479600, 0.259207, 0.838329, 0.000000,
                         0.737507, 0.398596,-0.545165, 0.000000,
                        -0.475465, 0.879735,-0.000000, 0.000000,
                        -0.000013,228.365067, 0.000000, 1.000000;;
                      }
                    } // End of Armature_WingIndex03_L
                  } // End of Armature_WingIndex02_L
                } // End of Armature_WingIndex01_L
                Frame Armature_WingMiddle01_L {
                  FrameTransformMatrix {
                     0.940140, 0.340502, 0.013979, 0.000000,
                    -0.340618, 0.940177, 0.006899, 0.000000,
                    -0.010793,-0.011248, 0.999879, 0.000000,
                    -18.335518,37.623783,-3.889046, 1.000000;;
                  }
                  Frame Armature_WingMiddle02_L {
                    FrameTransformMatrix {
                       0.992900, 0.117832,-0.016290, 0.000000,
                      -0.117914, 0.993015,-0.004138, 0.000000,
                       0.015688, 0.006029, 0.999859, 0.000000,
                      -0.000008,205.206207,-0.000031, 1.000000;;
                    }
                    Frame Armature_WingMiddle04_L {
                      FrameTransformMatrix {
                        -0.946809,-0.303649, 0.106535, 0.000000,
                        -0.304713, 0.952421, 0.006532, 0.000000,
                        -0.103449,-0.026278,-0.994287, 0.000000,
                        -7.270294,370.676147,-3.474506, 1.000000;;
                      }
                      Frame Armature_WingMiddle05_L {
                        FrameTransformMatrix {
                          -0.493034,-0.030230,-0.869484, 0.000000,
                          -0.867855,-0.053212, 0.493960, 0.000000,
                          -0.061199, 0.998126, 0.000000, 0.000000,
                          -31.631187,539.507385,-7.139568, 1.000000;;
                        }
                      } // End of Armature_WingMiddle05_L
                    } // End of Armature_WingMiddle04_L
                  } // End of Armature_WingMiddle02_L
                } // End of Armature_WingMiddle01_L
                Frame Armature_WingPinky01_L {
                  FrameTransformMatrix {
                    -0.541468,-0.835877, 0.090120, 0.000000,
                    -0.838318, 0.544909, 0.017259, 0.000000,
                    -0.063534,-0.066204,-0.995781, 0.000000,
                    -61.174309,16.226643,-8.790367, 1.000000;;
                  }
                  Frame Armature_WingPinky02_L {
                    FrameTransformMatrix {
                       0.977515,-0.197933, 0.072713, 0.000000,
                       0.195876, 0.980022, 0.034484, 0.000000,
                      -0.078086,-0.019466, 0.996756, 0.000000,
                      -0.000008,195.337509,-0.000069, 1.000000;;
                    }
                    Frame Armature_WingPinky04_L {
                      FrameTransformMatrix {
                         0.969579,-0.244774, 0.001311, 0.000000,
                         0.244773, 0.969580, 0.001082, 0.000000,
                        -0.001536,-0.000729, 0.999999, 0.000000,
                         0.229232,253.069855, 3.635024, 1.000000;;
                      }
                      Frame Armature_WingPinky05_L {
                        FrameTransformMatrix {
                          -0.445038,-0.367401,-0.816675, 0.000000,
                          -0.629791,-0.519924, 0.577098, 0.000000,
                          -0.636635, 0.771165, 0.000000, 0.000000,
                          -10.885765,281.533813,-8.118919, 1.000000;;
                        }
                      } // End of Armature_WingPinky05_L
                    } // End of Armature_WingPinky04_L
                  } // End of Armature_WingPinky02_L
                } // End of Armature_WingPinky01_L
                Frame Armature_WingRing01_L {
                  FrameTransformMatrix {
                     0.807324, 0.585474, 0.073815, 0.000000,
                    -0.587820, 0.808883, 0.013284, 0.000000,
                    -0.051930,-0.054114, 0.997183, 0.000000,
                    -39.982101,25.864744,-5.638390, 1.000000;;
                  }
                  Frame Armature_WingRing02_L {
                    FrameTransformMatrix {
                      -0.972438,-0.142164, 0.184806, 0.000000,
                      -0.143708, 0.989607, 0.005080, 0.000000,
                      -0.183607,-0.021618,-0.982762, 0.000000,
                       0.000000,199.689972,-0.000031, 1.000000;;
                    }
                    Frame Armature_WingRing04_L {
                      FrameTransformMatrix {
                         0.959317,-0.279679, 0.038613, 0.000000,
                         0.279406, 0.960093, 0.012408, 0.000000,
                        -0.040543,-0.001115, 0.999177, 0.000000,
                        14.586174,326.020935, 6.447823, 1.000000;;
                      }
                      Frame Armature_WingRing05_L {
                        FrameTransformMatrix {
                          -0.501266,-0.161078,-0.850169, 0.000000,
                          -0.809406,-0.260096, 0.526510, 0.000000,
                          -0.305934, 0.952053, 0.000000, 0.000000,
                          -34.832047,405.853363,-4.218674, 1.000000;;
                        }
                      } // End of Armature_WingRing05_L
                    } // End of Armature_WingRing04_L
                  } // End of Armature_WingRing02_L
                } // End of Armature_WingRing01_L
              } // End of Armature_Wing03_L
              Frame Armature_WingThumb01_L {
                FrameTransformMatrix {
                   0.009963,-0.000785,-0.000338, 0.000000,
                  -0.000797,-0.009962,-0.000354, 0.000000,
                  -0.000308, 0.000380,-0.009988, 0.000000,
                  -68.428009,-166.734833,-0.990839, 1.000000;;
                }
              } // End of Armature_WingThumb01_L
            } // End of Armature_Wing02_L
          } // End of Armature_Wing01_L
          Frame Armature_Wing01_R {
            FrameTransformMatrix {
               0.098475,-0.714618,-0.692548, 0.000000,
              -0.323478,-0.681124, 0.656835, 0.000000,
              -0.941097, 0.159342,-0.298237, 0.000000,
              -56.106049,20.234140,89.395599, 1.000000;;
            }
            Frame Armature_Wing02_R {
              FrameTransformMatrix {
                 0.066933, 0.997554,-0.020155, 0.000000,
                -0.997553, 0.066496,-0.021621, 0.000000,
                -0.020228, 0.021553, 0.999563, 0.000000,
                -0.000011,299.244141, 0.000031, 1.000000;;
              }
              Frame Armature_Wing03_R {
                FrameTransformMatrix {
                   0.870659,-0.483740,-0.089152, 0.000000,
                   0.353079, 0.740804,-0.571441, 0.000000,
                   0.342473, 0.466053, 0.815786, 0.000000,
                   0.000000,468.655029, 0.000046, 1.000000;;
                }
                Frame Armature_WingIndex01_R {
                  FrameTransformMatrix {
                     0.995874, 0.090721,-0.002353, 0.000000,
                    -0.090714, 0.995873, 0.002946, 0.000000,
                     0.002611,-0.002720, 0.999993, 0.000000,
                    -0.000031,40.398064,-0.000114, 1.000000;;
                  }
                  Frame Armature_WingIndex02_R {
                    FrameTransformMatrix {
                       0.957453,-0.284947, 0.045705, 0.000000,
                       0.286241, 0.957839,-0.024702, 0.000000,
                      -0.036739, 0.036733, 0.998650, 0.000000,
                       0.000027,209.265350, 0.000099, 1.000000;;
                    }
                    Frame Armature_WingIndex03_R {
                      FrameTransformMatrix {
                         0.479598,-0.259204,-0.838331, 0.000000,
                         0.737510,-0.398595, 0.545162, 0.000000,
                        -0.475463,-0.879736, 0.000000, 0.000000,
                        -0.000011,228.364487,-0.000061, 1.000000;;
                      }
                    } // End of Armature_WingIndex03_R
                  } // End of Armature_WingIndex02_R
                } // End of Armature_WingIndex01_R
                Frame Armature_WingMiddle01_R {
                  FrameTransformMatrix {
                     0.940215,-0.340294,-0.013984, 0.000000,
                     0.340410, 0.940252, 0.006905, 0.000000,
                     0.010799,-0.011252, 0.999878, 0.000000,
                    18.335266,37.623638,-3.888962, 1.000000;;
                  }
                  Frame Armature_WingMiddle02_R {
                    FrameTransformMatrix {
                       0.992900,-0.117831, 0.016295, 0.000000,
                       0.117912, 0.993016,-0.004139, 0.000000,
                      -0.015694, 0.006031, 0.999859, 0.000000,
                      -0.000015,205.206268, 0.000008, 1.000000;;
                    }
                    Frame Armature_WingMiddle04_R {
                      FrameTransformMatrix {
                        -0.946811, 0.303651,-0.106511, 0.000000,
                         0.304716, 0.952421, 0.006531, 0.000000,
                         0.103426,-0.026272,-0.994290, 0.000000,
                         4.796509,414.726501,-2.164402, 1.000000;;
                      }
                      Frame Armature_WingMiddle05_R {
                        FrameTransformMatrix {
                          -0.493050, 0.030231, 0.869476, 0.000000,
                          -0.867846, 0.053211,-0.493976, 0.000000,
                          -0.061200,-0.998126, 0.000000, 0.000000,
                          16.053169,498.297974,-4.424036, 1.000000;;
                        }
                      } // End of Armature_WingMiddle05_R
                    } // End of Armature_WingMiddle04_R
                  } // End of Armature_WingMiddle02_R
                } // End of Armature_WingMiddle01_R
                Frame Armature_WingPinky01_R {
                  FrameTransformMatrix {
                    -0.541667, 0.835749,-0.090116, 0.000000,
                     0.838189, 0.545107, 0.017236, 0.000000,
                     0.063528,-0.066198,-0.995782, 0.000000,
                    61.174225,16.226738,-8.790825, 1.000000;;
                  }
                  Frame Armature_WingPinky02_R {
                    FrameTransformMatrix {
                       0.977515, 0.197936,-0.072710, 0.000000,
                      -0.195878, 0.980022, 0.034484, 0.000000,
                       0.078083,-0.019466, 0.996757, 0.000000,
                       0.000015,195.337830,-0.000031, 1.000000;;
                    }
                    Frame Armature_WingPinky04_R {
                      FrameTransformMatrix {
                         0.969580, 0.244773,-0.001310, 0.000000,
                        -0.244772, 0.969580, 0.001081, 0.000000,
                         0.001535,-0.000728, 0.999999, 0.000000,
                        -9.829607,246.306580, 2.711477, 1.000000;;
                      }
                      Frame Armature_WingPinky05_R {
                        FrameTransformMatrix {
                          -0.445037, 0.367399, 0.816676, 0.000000,
                          -0.629793, 0.519924,-0.577096, 0.000000,
                          -0.636634,-0.771166, 0.000000, 0.000000,
                          21.847824,285.742249,-7.185287, 1.000000;;
                        }
                      } // End of Armature_WingPinky05_R
                    } // End of Armature_WingPinky04_R
                  } // End of Armature_WingPinky02_R
                } // End of Armature_WingPinky01_R
                Frame Armature_WingRing01_R {
                  FrameTransformMatrix {
                     0.807150,-0.585712,-0.073830, 0.000000,
                     0.588057, 0.808711, 0.013263, 0.000000,
                     0.051939,-0.054121, 0.997183, 0.000000,
                    39.981979,25.864483,-5.638725, 1.000000;;
                  }
                  Frame Armature_WingRing02_R {
                    FrameTransformMatrix {
                      -0.972431, 0.142168,-0.184844, 0.000000,
                       0.143713, 0.989606, 0.005081, 0.000000,
                       0.183645,-0.021624,-0.982755, 0.000000,
                       0.000076,199.690613, 0.000118, 1.000000;;
                    }
                    Frame Armature_WingRing04_R {
                      FrameTransformMatrix {
                         0.959316, 0.279678,-0.038642, 0.000000,
                        -0.279405, 0.960093, 0.012417, 0.000000,
                         0.040573,-0.001115, 0.999176, 0.000000,
                        -13.788977,362.526154, 6.754202, 1.000000;;
                      }
                      Frame Armature_WingRing05_R {
                        FrameTransformMatrix {
                          -0.501261, 0.161076, 0.850171, 0.000000,
                          -0.809408, 0.260096,-0.526506, 0.000000,
                          -0.305934,-0.952053, 0.000001, 0.000000,
                          23.869034,371.024048,-4.515366, 1.000000;;
                        }
                      } // End of Armature_WingRing05_R
                    } // End of Armature_WingRing04_R
                  } // End of Armature_WingRing02_R
                } // End of Armature_WingRing01_R
              } // End of Armature_Wing03_R
              Frame Armature_WingThumb01_R {
                FrameTransformMatrix {
                   0.009964, 0.000785, 0.000338, 0.000000,
                   0.000797,-0.009962,-0.000354, 0.000000,
                   0.000309, 0.000380,-0.009988, 0.000000,
                  66.789864,-164.854401,-1.136459, 1.000000;;
                }
              } // End of Armature_WingThumb01_R
            } // End of Armature_Wing02_R
          } // End of Armature_Wing01_R
        } // End of Armature_Spine02
      } // End of Armature_Spine01
      Frame Armature_UpperLeg_L {
        FrameTransformMatrix {
           0.249142, 0.181782,-0.951254, 0.000000,
          -0.968465, 0.048895,-0.244306, 0.000000,
           0.002101, 0.982122, 0.188232, 0.000000,
           6.620116,85.229698,-42.187778, 1.000000;;
        }
        Frame Armature_LowerLeg_L {
          FrameTransformMatrix {
             0.800179,-0.598476,-0.039247, 0.000000,
             0.586153, 0.794208,-0.160184, 0.000000,
             0.127037, 0.105171, 0.986307, 0.000000,
            -0.000008,179.437607, 0.000013, 1.000000;;
          }
          Frame Armature_Feet_L {
            FrameTransformMatrix {
               0.841159,-0.537386,-0.060569, 0.000000,
               0.536337, 0.814646, 0.220669, 0.000000,
              -0.069242,-0.218103, 0.973466, 0.000000,
              -0.000011,155.874405, 0.000001, 1.000000;;
            }
            Frame Armature_IndexToe01_L {
              FrameTransformMatrix {
                 0.365697, 0.894739,-0.256336, 0.000000,
                -0.930717, 0.353207,-0.094924, 0.000000,
                 0.005607, 0.273290, 0.961916, 0.000000,
                -3.430762,25.755163,-25.501068, 1.000000;;
              }
              Frame Armature_IndexToe02_L {
                FrameTransformMatrix {
                   0.267550, 0.963296, 0.021893, 0.000000,
                  -0.963544, 0.267481, 0.006079, 0.000000,
                   0.000000,-0.022721, 0.999742, 0.000000,
                  -2.437409,28.115881,-0.142586, 1.000000;;
                }
                Frame Armature_IndexToe03_L {
                  FrameTransformMatrix {
                     1.000000,-0.000001, 0.000000, 0.000000,
                     0.000000, 0.573462, 0.819232, 0.000000,
                    -0.000001,-0.819232, 0.573462, 0.000000,
                    -0.282489,27.569668,-1.050727, 1.000000;;
                  }
                } // End of Armature_IndexToe03_L
              } // End of Armature_IndexToe02_L
            } // End of Armature_IndexToe01_L
            Frame Armature_MiddleToe01_L {
              FrameTransformMatrix {
                 0.371982, 0.923026, 0.098242, 0.000000,
                -0.927445, 0.365196, 0.080486, 0.000000,
                 0.038413,-0.121054, 0.991903, 0.000000,
                -3.218636,31.106152,-5.303362, 1.000000;;
              }
              Frame Armature_MiddleToe02_L {
                FrameTransformMatrix {
                   0.052551, 0.998360, 0.022690, 0.000000,
                  -0.998618, 0.052537, 0.001194, 0.000000,
                   0.000000,-0.022721, 0.999742, 0.000000,
                   0.028362,36.646305, 0.243315, 1.000000;;
                }
                Frame Armature_MiddleToe03_L {
                  FrameTransformMatrix {
                     1.000000, 0.000000,-0.000001, 0.000000,
                     0.000000, 0.573462, 0.819232, 0.000000,
                     0.000000,-0.819232, 0.573462, 0.000000,
                    -0.189636,32.270287,-0.938965, 1.000000;;
                  }
                } // End of Armature_MiddleToe03_L
              } // End of Armature_MiddleToe02_L
            } // End of Armature_MiddleToe01_L
            Frame Armature_PinkyToe01_L {
              FrameTransformMatrix {
                 0.327975, 0.859852, 0.391264, 0.000000,
                -0.944640, 0.294402, 0.144856, 0.000000,
                 0.009365,-0.417113, 0.908807, 0.000000,
                -7.263617,23.997860,14.883971, 1.000000;;
              }
              Frame Armature_PinkyToe02_L {
                FrameTransformMatrix {
                   0.080417, 0.996504, 0.022648, 0.000000,
                  -0.996761, 0.080396, 0.001827, 0.000000,
                   0.000000,-0.022722, 0.999742, 0.000000,
                   0.028358,36.646259, 0.243423, 1.000000;;
                }
                Frame Armature_PinkyToe03_L {
                  FrameTransformMatrix {
                     1.000000, 0.000000, 0.000000, 0.000000,
