xof 0303txt 0032

template XSkinMeshHeader {
  <3cf169ce-ff7c-44ab-93c0-f78f62d172e2>
  WORD nMaxSkinWeightsPerVertex;
  WORD nMaxSkinWeightsPerFace;
  WORD nBones;
}

template SkinWeights {
  <6f0d123b-bad2-4167-a0d0-80224f25fabb>
  STRING transformNodeName;
  DWORD nWeights;
  array DWORD vertexIndices[nWeights];
  array float weights[nWeights];
  Matrix4x4 matrixOffset;
}

Frame Root {
  FrameTransformMatrix {
     1.000000, 0.000000, 0.000000, 0.000000,
     0.000000,-0.000000,-1.000000, 0.000000,
     0.000000, 1.000000,-0.000000, 0.000000,
     0.000000, 0.000000, 0.000000, 1.000000;;
  }
  Frame Armature {
    FrameTransformMatrix {
       0.010000, 0.000000, 0.000000, 0.000000,
       0.000000, 0.010000, 0.000000, 0.000000,
       0.000000, 0.000000, 0.010000, 0.000000,
       0.000000, 0.000000, 0.000000, 1.000000;;
    }
    Frame Armature_Root {
      FrameTransformMatrix {
         0.054079,-0.992958,-0.105405, 0.000000,
         0.995913, 0.045989, 0.077727, 0.000000,
        -0.072332,-0.109178, 0.991387, 0.000000,
        -0.000000,-844.087219,-59.619888, 1.000000;;
      }
      Frame Armature_Spine01 {
        FrameTransformMatrix {
           0.192876, 0.017787, 0.981062, 0.000000,
           0.980109, 0.044136,-0.193489, 0.000000,
          -0.046742, 0.998867,-0.008921, 0.000000,
          97.524025,-0.000002,-0.000013, 1.000000;;
        }
        Frame Armature_Spine02 {
          FrameTransformMatrix {
            -0.997127, 0.075385,-0.007391, 0.000000,
             0.075667, 0.995791,-0.051721, 0.000000,
             0.003461,-0.052132,-0.998634, 0.000000,
            -0.000026,114.438248, 0.000010, 1.000000;;
          }
          Frame Armature_Chest {
            FrameTransformMatrix {
              -0.971659, 0.235786, 0.016861, 0.000000,
               0.227485, 0.913292, 0.337859, 0.000000,
               0.064263, 0.332119,-0.941046, 0.000000,
              11.347456,123.012726,-21.427607, 1.000000;;
            }
            Frame Armature_Neck01 {
              FrameTransformMatrix {
                 0.787359,-0.616495,-0.000000, 0.000000,
                 0.616495, 0.787359,-0.000000, 0.000000,
                 0.000000, 0.000000, 1.000000, 0.000000,
                -0.000054,126.849625,-0.000035, 1.000000;;
              }
              Frame Armature_Neck02 {
                FrameTransformMatrix {
                   0.796226,-0.605000,-0.000000, 0.000000,
                   0.605000, 0.796226,-0.000000, 0.000000,
                   0.000000, 0.000000, 1.000000, 0.000000,
                   0.000033,122.347443,-0.000013, 1.000000;;
                }
                Frame Armature_Neck03 {
                  FrameTransformMatrix {
                     0.924494,-0.381197,-0.000000, 0.000000,
                     0.381197, 0.924494,-0.000000, 0.000000,
                     0.000000, 0.000000, 1.000000, 0.000000,
                     0.000083,112.527153,-0.000012, 1.000000;;
                  }
                  Frame Armature_Head {
                    FrameTransformMatrix {
                       0.238033,-0.002756, 0.971253, 0.000000,
                      -0.970765,-0.032516, 0.237821, 0.000000,
                       0.030926,-0.999468,-0.010416, 0.000000,
                       0.000033,105.244041,-0.000023, 1.000000;;
                    }
                    Frame Armature_Eye_L {
                      FrameTransformMatrix {
                         1.000000,-0.000000,-0.000000, 0.000000,
                        -0.000000, 1.000000, 0.000000, 0.000000,
                         0.000000, 0.000000, 1.000000, 0.000000,
                        34.315441,64.830734,-31.983513, 1.000000;;
                      }
                    } // End of Armature_Eye_L
                    Frame Armature_Eye_R {
                      FrameTransformMatrix {
                         1.000000,-0.000000,-0.000000, 0.000000,
                        -0.000000,-1.000000, 0.000000, 0.000000,
                        -0.000000,-0.000000,-1.000000, 0.000000,
                        -34.315414,64.831116,-31.983961, 1.000000;;
                      }
                    } // End of Armature_Eye_R
                    Frame Armature_Eye_Under_L {
                      FrameTransformMatrix {
                         1.000000,-0.000000,-0.000000, 0.000000,
                        -0.000000, 1.000000, 0.000000, 0.000000,
                         0.000000, 0.000000, 1.000000, 0.000000,
                        38.478432,70.034706,-12.224359, 1.000000;;
                      }
                    } // End of Armature_Eye_Under_L
                    Frame Armature_Eye_Under_R {
                      FrameTransformMatrix {
                         1.000000,-0.000000,-0.000000, 0.000000,
                        -0.000000,-1.000000, 0.000000, 0.000000,
                        -0.000000,-0.000000,-1.000000, 0.000000,
                        -38.478401,70.035248,-12.223984, 1.000000;;
                      }
                    } // End of Armature_Eye_Under_R
                    Frame Armature_Jaw01 {
                      FrameTransformMatrix {
                        -0.000000, 0.124974, 0.992160, 0.000000,
                         0.000000, 0.992160,-0.124974, 0.000000,
                        -1.000000, 0.000000,-0.000000, 0.000000,
                         0.000003,77.714020,41.943798, 1.000000;;
                      }
                      Frame Armature_Jaw02 {
                        FrameTransformMatrix {
                          -0.778932,-0.627109,-0.000001, 0.000000,
                           0.000001, 0.000000,-1.000000, 0.000000,
                           0.627109,-0.778932, 0.000000, 0.000000,
                           0.000008,131.770645,-0.000006, 1.000000;;
                        }
                      } // End of Armature_Jaw02
                    } // End of Armature_Jaw01
                    Frame Armature_Tongue01 {
                      FrameTransformMatrix {
                        -0.000002,-0.065750, 0.997836, 0.000000,
                         0.000000, 0.997836, 0.065750, 0.000000,
                        -1.000000, 0.000000,-0.000002, 0.000000,
                        -0.000001,31.774960,21.651659, 1.000000;;
                      }
                      Frame Armature_Tongue02 {
                        FrameTransformMatrix {
                           0.999323,-0.036778,-0.000000, 0.000000,
                           0.036778, 0.999323,-0.000000, 0.000000,
                           0.000000, 0.000000, 1.000000, 0.000000,
                          -0.000016,53.170132,-0.000003, 1.000000;;
                        }
                        Frame Armature_Tongue03 {
                          FrameTransformMatrix {
                             0.999072,-0.043065, 0.000000, 0.000000,
                             0.043065, 0.999072,-0.000000, 0.000000,
                            -0.000000, 0.000000, 1.000000, 0.000000,
                            -0.000032,46.743294, 0.000007, 1.000000;;
                          }
                          Frame Armature_Tongue04 {
                            FrameTransformMatrix {
                              -0.962206,-0.272322,-0.000001, 0.000000,
                               0.000000, 0.000003,-1.000000, 0.000000,
                               0.272322,-0.962206,-0.000003, 0.000000,
                               0.000051,54.003864, 0.000003, 1.000000;;
                            }
                          } // End of Armature_Tongue04
                        } // End of Armature_Tongue03
                      } // End of Armature_Tongue02
                    } // End of Armature_Tongue01
                    Frame Armature_UpperMouth01 {
                      FrameTransformMatrix {
                        -0.000003, 0.094764,-0.995500, 0.000000,
                         0.000001, 0.995500, 0.094764, 0.000000,
                         1.000000,-0.000000,-0.000003, 0.000000,
                        -0.000003,97.247719,-15.643963, 1.000000;;
                      }
                      Frame Armature_UpperMouth02 {
                        FrameTransformMatrix {
                           0.995693, 0.092716,-0.000000, 0.000000,
                          -0.000000, 0.000002, 1.000000, 0.000000,
                           0.092716,-0.995693, 0.000002, 0.000000,
                           0.000002,97.058868, 0.000004, 1.000000;;
                        }
                      } // End of Armature_UpperMouth02
                    } // End of Armature_UpperMouth01
                  } // End of Armature_Head
                } // End of Armature_Neck03
              } // End of Armature_Neck02
            } // End of Armature_Neck01
            Frame Armature_UpperArm_L {
              FrameTransformMatrix {
                 0.243674, 0.891180, 0.382650, 0.000000,
                 0.208185,-0.433409, 0.876821, 0.000000,
                 0.947250,-0.133996,-0.291141, 0.000000,
                -32.905930,-19.313229,82.735847, 1.000000;;
              }
              Frame Armature_LowerArm_L {
                FrameTransformMatrix {
                   0.981397, 0.183962,-0.054928, 0.000000,
                  -0.005980,-0.256674,-0.966479, 0.000000,
                  -0.191894, 0.948829,-0.250799, 0.000000,
                   0.000015,176.291107,-0.000008, 1.000000;;
                }
                Frame Armature_Hand_L {
                  FrameTransformMatrix {
                    -0.166228,-0.981497, 0.095040, 0.000000,
                     0.985310,-0.161496, 0.055528, 0.000000,
                    -0.039152, 0.102874, 0.993923, 0.000000,
                     0.000057,171.877777, 0.000008, 1.000000;;
                  }
                  Frame Armature_Index01_L {
                    FrameTransformMatrix {
                       0.999777,-0.020738, 0.004055, 0.000000,
                       0.020953, 0.948051,-0.317428, 0.000000,
                       0.002739, 0.317442, 0.948274, 0.000000,
                      -5.378058,55.339233,-24.943537, 1.000000;;
                    }
                    Frame Armature_Index02_L {
                      FrameTransformMatrix {
                         1.000000,-0.000000, 0.000029, 0.000000,
                        -0.000001, 0.999241, 0.038962, 0.000000,
                        -0.000029,-0.038962, 0.999241, 0.000000,
                        -2.207160,39.770630,-0.317822, 1.000000;;
                      }
                      Frame Armature_Index03_L {
                        FrameTransformMatrix {
                           1.000000, 0.000000, 0.000026, 0.000000,
                          -0.000021, 0.573462, 0.819232, 0.000000,
                          -0.000014,-0.819232, 0.573462, 0.000000,
                          -0.282463,27.569622,-1.050697, 1.000000;;
                        }
                      } // End of Armature_Index03_L
                    } // End of Armature_Index02_L
                  } // End of Armature_Index01_L
                  Frame Armature_Middle01_L {
                    FrameTransformMatrix {
                       0.997438, 0.064516,-0.030899, 0.000000,
                      -0.066263, 0.996038,-0.059304, 0.000000,
                       0.026950, 0.061199, 0.997762, 0.000000,
                      -5.274567,61.946594, 2.297064, 1.000000;;
                    }
                    Frame Armature_Middle02_L {
                      FrameTransformMatrix {
                         1.000000,-0.000001,-0.000004, 0.000000,
                         0.000001, 0.999742, 0.022721, 0.000000,
                         0.000004,-0.022721, 0.999742, 0.000000,
                         0.726889,43.116852, 0.768598, 1.000000;;
                      }
                      Frame Armature_Middle3_L {
                        FrameTransformMatrix {
                           1.000000, 0.000000, 0.000001, 0.000000,
                          -0.000001, 0.573462, 0.819232, 0.000000,
                          -0.000001,-0.819232, 0.573462, 0.000000,
                          -0.189642,32.270287,-0.938979, 1.000000;;
                        }
                      } // End of Armature_Middle3_L
                    } // End of Armature_Middle02_L
                  } // End of Armature_Middle01_L
                  Frame Armature_Pinky01_L {
                    FrameTransformMatrix {
                       0.999960,-0.006735,-0.005890, 0.000000,
                       0.007900, 0.973667, 0.227837, 0.000000,
                       0.004201,-0.227875, 0.973682, 0.000000,
                      -9.550765,54.729019,28.829308, 1.000000;;
                    }
                    Frame Armature_Pinky02_L {
                      FrameTransformMatrix {
                         1.000000, 0.000002, 0.000004, 0.000000,
                        -0.000002, 0.999742, 0.022721, 0.000000,
                        -0.000004,-0.022721, 0.999742, 0.000000,
                         0.112963,39.613949, 0.562873, 1.000000;;
                      }
                      Frame Armature_Pinky03_L {
                        FrameTransformMatrix {
                           1.000000,-0.000001,-0.000003, 0.000000,
                           0.000003, 0.573463, 0.819232, 0.000000,
                           0.000001,-0.819232, 0.573462, 0.000000,
                          -0.189664,32.270294,-0.938972, 1.000000;;
                        }
                      } // End of Armature_Pinky03_L
                    } // End of Armature_Pinky02_L
                  } // End of Armature_Pinky01_L
                  Frame Armature_Thumb01_L {
                    FrameTransformMatrix {
                       0.999762,-0.019929, 0.008858, 0.000000,
                      -0.020675,-0.995353, 0.094054, 0.000000,
                       0.006949,-0.094215,-0.995512, 0.000000,
                      -12.599384,-25.391598, 3.054200, 1.000000;;
                    }
                    Frame Armature_Thumb02_L {
                      FrameTransformMatrix {
                         1.000000,-0.000000, 0.000000, 0.000000,
                         0.000000, 0.999742, 0.022722, 0.000000,
                        -0.000000,-0.022722, 0.999742, 0.000000,
                        -1.729825,36.609978, 0.235077, 1.000000;;
                      }
                    } // End of Armature_Thumb02_L
                  } // End of Armature_Thumb01_L
                } // End of Armature_Hand_L
              } // End of Armature_LowerArm_L
            } // End of Armature_UpperArm_L
            Frame Armature_UpperArm_R {
              FrameTransformMatrix {
                 0.632935, 0.761458, 0.139909, 0.000000,
                 0.167282, 0.041938,-0.985017, 0.000000,
                -0.755917, 0.646856,-0.100834, 0.000000,
                -32.906113,-19.313148,-82.735809, 1.000000;;
              }
              Frame Armature_RowerArm_R {
                FrameTransformMatrix {
                   0.985169, 0.169828, 0.024512, 0.000000,
                  -0.017989,-0.039844, 0.999044, 0.000000,
                   0.170643,-0.984668,-0.036198, 0.000000,
                  -0.000061,176.291306, 0.000004, 1.000000;;
                }
                Frame Armature_Hand_R {
                  FrameTransformMatrix {
                     0.294694,-0.937113,-0.187017, 0.000000,
                     0.953866, 0.300228,-0.001330, 0.000000,
                     0.057394,-0.177997, 0.982356, 0.000000,
                     0.000015,171.877350,-0.000031, 1.000000;;
                  }
                  Frame Armature_Index01_R {
                    FrameTransformMatrix {
                       0.997907, 0.017384, 0.062282, 0.000000,
                      -0.035635, 0.951574, 0.305348, 0.000000,
                      -0.053958,-0.306929, 0.950202, 0.000000,
                      -4.365398,56.017670,23.587959, 1.000000;;
                    }
                    Frame Armature_Index02_R {
                      FrameTransformMatrix {
                         0.999593,-0.027996, 0.005410, 0.000000,
                         0.028228, 0.998395,-0.049106, 0.000000,
                        -0.004027, 0.049239, 0.998779, 0.000000,
                         0.922230,39.822842,-0.089598, 1.000000;;
                      }
                      Frame Armature_Index03_R {
                        FrameTransformMatrix {
                          -0.998719, 0.050615, 0.000005, 0.000000,
                          -0.029022,-0.572728, 0.819231, 0.000000,
                           0.041469, 0.818181, 0.573463, 0.000000,
                           1.113336,27.548546, 1.050561, 1.000000;;
                        }
                      } // End of Armature_Index03_R
                    } // End of Armature_Index02_R
                  } // End of Armature_Index01_R
                  Frame Armature_Middle01_R {
                    FrameTransformMatrix {
                       0.996971,-0.001894, 0.077757, 0.000000,
                      -0.001157, 0.999232, 0.039176, 0.000000,
                      -0.077772,-0.039147, 0.996202, 0.000000,
                      -2.675724,62.042557,-3.734698, 1.000000;;
                    }
                    Frame Armature_Middle02_R {
                      FrameTransformMatrix {
                         0.996394, 0.022484,-0.081815, 0.000000,
                        -0.023886, 0.999584,-0.016189, 0.000000,
                         0.081417, 0.018085, 0.996516, 0.000000,
                        -0.485364,43.120640,-0.769001, 1.000000;;
                      }
                      Frame Armature_Middle3_R {
                        FrameTransformMatrix {
                          -0.996632,-0.004223,-0.081897, 0.000000,
                          -0.065007,-0.568093, 0.820393, 0.000000,
                          -0.049990, 0.822953, 0.565905, 0.000000,
                          -0.384451,32.275032, 0.699819, 1.000000;;
                        }
                      } // End of Armature_Middle3_R
                    } // End of Armature_Middle02_R
                  } // End of Armature_Middle01_R
                  Frame Armature_Pinky01_R {
                    FrameTransformMatrix {
                       0.994406,-0.070278, 0.078849, 0.000000,
                       0.089690, 0.956109,-0.278948, 0.000000,
                      -0.055784, 0.284459, 0.957064, 0.000000,
                      -5.944235,54.442261,-30.303291, 1.000000;;
                    }
                    Frame Armature_Pinky02_R {
                      FrameTransformMatrix {
                         1.000000, 0.000001,-0.000003, 0.000000,
                        -0.000001, 0.999460, 0.032845, 0.000000,
                         0.000003,-0.032845, 0.999460, 0.000000,
                        -1.077951,39.594055, 0.897173, 1.000000;;
                      }
                      Frame Armature_Pinky03_R {
                        FrameTransformMatrix {
                           1.000000,-0.000000, 0.000002, 0.000000,
                          -0.000002,-0.523352, 0.852116, 0.000000,
                           0.000001,-0.852116,-0.523353, 0.000000,
                          -1.148808,32.262341, 0.339645, 1.000000;;
                        }
                      } // End of Armature_Pinky03_R
                    } // End of Armature_Pinky02_R
                  } // End of Armature_Pinky01_R
                  Frame Armature_Thumb01_R {
                    FrameTransformMatrix {
                       0.988792,-0.145408, 0.034078, 0.000000,
                      -0.142359,-0.986638,-0.079240, 0.000000,
                       0.045153, 0.073498,-0.996275, 0.000000,
                      -13.441550,-24.940088,-3.187931, 1.000000;;
                    }
                    Frame Armature_Thumb02_R {
                      FrameTransformMatrix {
                        -0.996212, 0.086926, 0.000002, 0.000000,
                        -0.086904,-0.995957, 0.022722, 0.000000,
                         0.001976, 0.022636, 0.999742, 0.000000,
                         1.459089,36.621262,-0.234885, 1.000000;;
                      }
                    } // End of Armature_Thumb02_R
                  } // End of Armature_Thumb01_R
                } // End of Armature_Hand_R
              } // End of Armature_RowerArm_R
            } // End of Armature_UpperArm_R
          } // End of Armature_Chest
          Frame Armature_Wing01_L {
            FrameTransformMatrix {
              -0.488154, 0.561312,-0.668308, 0.000000,
              -0.625312,-0.759131,-0.180845, 0.000000,
              -0.608843, 0.329621, 0.721567, 0.000000,
              -56.105652,20.233896,-89.395554, 1.000000;;
            }
            Frame Armature_Wing02_L {
              FrameTransformMatrix {
                -0.670737,-0.741197, 0.027188, 0.000000,
                 0.740988,-0.671248,-0.019070, 0.000000,
                 0.032385, 0.007355, 0.999448, 0.000000,
                -0.000008,299.243927, 0.000000, 1.000000;;
              }
              Frame Armature_Wing03_L {
                FrameTransformMatrix {
                   0.103510, 0.992300, 0.068014, 0.000000,
                  -0.855855, 0.123699,-0.502206, 0.000000,
                  -0.506752,-0.006227, 0.862069, 0.000000,
                   0.000015,468.654938,-0.000111, 1.000000;;
                }
                Frame Armature_WingIndex01_L {
                  FrameTransformMatrix {
                     0.707360, 0.706843, 0.003759, 0.000000,
                    -0.706848, 0.707365, 0.000079, 0.000000,
                    -0.002603,-0.002713, 0.999993, 0.000000,
                     0.000032,40.398373,-0.000038, 1.000000;;
                  }
                  Frame Armature_WingIndex02_L {
                    FrameTransformMatrix {
                       0.957455, 0.284942,-0.045698, 0.000000,
                      -0.286235, 0.957841,-0.024698, 0.000000,
                       0.036734, 0.036728, 0.998650, 0.000000,
                      -0.000019,209.264496, 0.000015, 1.000000;;
                    }
                    Frame Armature_WingIndex03_L {
                      FrameTransformMatrix {
                         0.479600, 0.259207, 0.838329, 0.000000,
                         0.737507, 0.398596,-0.545164, 0.000000,
                        -0.475466, 0.879734,-0.000000, 0.000000,
                         0.000023,228.365112,-0.000015, 1.000000;;
                      }
                    } // End of Armature_WingIndex03_L
                  } // End of Armature_WingIndex02_L
                } // End of Armature_WingIndex01_L
                Frame Armature_WingMiddle01_L {
                  FrameTransformMatrix {
                     0.526401, 0.850099, 0.015245, 0.000000,
                    -0.850168, 0.526502,-0.003255, 0.000000,
                    -0.010793,-0.011248, 0.999879, 0.000000,
                    -18.335491,37.623711,-3.889076, 1.000000;;
                  }
                  Frame Armature_WingMiddle02_L {
                    FrameTransformMatrix {
                       0.992900, 0.117832,-0.016290, 0.000000,
                      -0.117914, 0.993015,-0.004138, 0.000000,
                       0.015689, 0.006029, 0.999859, 0.000000,
                      -0.000031,205.206207, 0.000046, 1.000000;;
                    }
                    Frame Armature_WingMiddle04_L {
                      FrameTransformMatrix {
                        -0.946809,-0.303649, 0.106535, 0.000000,
                        -0.304714, 0.952422, 0.006532, 0.000000,
                        -0.103450,-0.026278,-0.994287, 0.000000,
                        -7.270195,370.676178,-3.474411, 1.000000;;
                      }
                      Frame Armature_WingMiddle05_L {
                        FrameTransformMatrix {
                          -0.493034,-0.030230,-0.869485, 0.000000,
                          -0.867855,-0.053211, 0.493960, 0.000000,
                          -0.061199, 0.998126, 0.000000, 0.000000,
                          -31.631229,539.506958,-7.139671, 1.000000;;
                        }
                      } // End of Armature_WingMiddle05_L
                    } // End of Armature_WingMiddle04_L
                  } // End of Armature_WingMiddle02_L
                } // End of Armature_WingMiddle01_L
                Frame Armature_WingPinky01_L {
                  FrameTransformMatrix {
                    -0.252966,-0.964142, 0.080241, 0.000000,
                    -0.965387, 0.256996, 0.044509, 0.000000,
                    -0.063534,-0.066204,-0.995781, 0.000000,
                    -61.174282,16.226532,-8.790352, 1.000000;;
                  }
                  Frame Armature_WingPinky02_L {
                    FrameTransformMatrix {
                       0.977515,-0.197933, 0.072713, 0.000000,
                       0.195876, 0.980022, 0.034484, 0.000000,
                      -0.078086,-0.019466, 0.996756, 0.000000,
                       0.000017,195.337402, 0.000061, 1.000000;;
                    }
                    Frame Armature_WingPinky04_L {
                      FrameTransformMatrix {
                         0.969579,-0.244774, 0.001310, 0.000000,
                         0.244773, 0.969580, 0.001083, 0.000000,
                        -0.001536,-0.000729, 0.999999, 0.000000,
                         0.229225,253.069763, 3.634987, 1.000000;;
                      }
                      Frame Armature_WingPinky05_L {
                        FrameTransformMatrix {
                          -0.445037,-0.367401,-0.816675, 0.000000,
                          -0.629791,-0.519924, 0.577098, 0.000000,
                          -0.636636, 0.771165,-0.000000, 0.000000,
                          -10.885818,281.533752,-8.118980, 1.000000;;
                        }
                      } // End of Armature_WingPinky05_L
                    } // End of Armature_WingPinky04_L
                  } // End of Armature_WingPinky02_L
                } // End of Armature_WingPinky01_L
                Frame Armature_WingRing01_L {
                  FrameTransformMatrix {
                     0.413673, 0.907668, 0.070799, 0.000000,
                    -0.908943, 0.416185,-0.024750, 0.000000,
                    -0.051930,-0.054114, 0.997184, 0.000000,
                    -39.982147,25.864674,-5.638313, 1.000000;;
                  }
                  Frame Armature_WingRing02_L {
                    FrameTransformMatrix {
                      -0.972438,-0.142164, 0.184806, 0.000000,
                      -0.143708, 0.989607, 0.005080, 0.000000,
                      -0.183608,-0.021618,-0.982762, 0.000000,
                      -0.000053,199.690079, 0.000000, 1.000000;;
                    }
                    Frame Armature_WingRing04_L {
                      FrameTransformMatrix {
                         0.959317,-0.279680, 0.038613, 0.000000,
                         0.279406, 0.960093, 0.012408, 0.000000,
                        -0.040543,-0.001115, 0.999177, 0.000000,
                        14.586206,326.020874, 6.447899, 1.000000;;
                      }
                      Frame Armature_WingRing05_L {
                        FrameTransformMatrix {
                          -0.501265,-0.161077,-0.850169, 0.000000,
                          -0.809405,-0.260096, 0.526510, 0.000000,
                          -0.305934, 0.952052, 0.000000, 0.000000,
                          -34.832016,405.853149,-4.218792, 1.000000;;
                        }
                      } // End of Armature_WingRing05_L
                    } // End of Armature_WingRing04_L
                  } // End of Armature_WingRing02_L
                } // End of Armature_WingRing01_L
              } // End of Armature_Wing03_L
              Frame Armature_WingThumb01_L {
                FrameTransformMatrix {
                   0.009964,-0.000785,-0.000338, 0.000000,
                  -0.000797,-0.009962,-0.000354, 0.000000,
                  -0.000308, 0.000380,-0.009988, 0.000000,
                  22.586601,-147.901978,-4.446926, 1.000000;;
                }
              } // End of Armature_WingThumb01_L
            } // End of Armature_Wing02_L
          } // End of Armature_Wing01_L
          Frame Armature_Wing01_R {
            FrameTransformMatrix {
               0.562432,-0.619284,-0.547866, 0.000000,
              -0.646308,-0.742540, 0.175845, 0.000000,
              -0.515710, 0.255190,-0.817876, 0.000000,
              -56.105995,20.233932,89.395584, 1.000000;;
            }
            Frame Armature_Wing02_R {
              FrameTransformMatrix {
                -0.725032, 0.688187,-0.026974, 0.000000,
                -0.687952,-0.725516,-0.018670, 0.000000,
                -0.032418, 0.005021, 0.999462, 0.000000,
                -0.000015,299.244141,-0.000023, 1.000000;;
              }
              Frame Armature_Wing03_R {
                FrameTransformMatrix {
                   0.090887,-0.989790,-0.109792, 0.000000,
                   0.799363, 0.138262,-0.584724, 0.000000,
                   0.593934,-0.034620, 0.803768, 0.000000,
                  -0.000025,468.654846, 0.000008, 1.000000;;
                }
                Frame Armature_WingIndex01_R {
                  FrameTransformMatrix {
                     0.715753,-0.698343,-0.003768, 0.000000,
                     0.698348, 0.715758, 0.000124, 0.000000,
                     0.002611,-0.002720, 0.999993, 0.000000,
                     0.000142,40.397976,-0.000046, 1.000000;;
                  }
                  Frame Armature_WingIndex02_R {
                    FrameTransformMatrix {
                       0.957453,-0.284947, 0.045705, 0.000000,
                       0.286241, 0.957839,-0.024702, 0.000000,
                      -0.036740, 0.036733, 0.998650, 0.000000,
                       0.000014,209.265152, 0.000076, 1.000000;;
                    }
                    Frame Armature_WingIndex03_R {
                      FrameTransformMatrix {
                         0.479598,-0.259204,-0.838331, 0.000000,
                         0.737510,-0.398595, 0.545162, 0.000000,
                        -0.475463,-0.879736, 0.000000, 0.000000,
                         0.000046,228.364349, 0.000038, 1.000000;;
                      }
                    } // End of Armature_WingIndex03_R
                  } // End of Armature_WingIndex02_R
                } // End of Armature_WingIndex01_R
                Frame Armature_WingMiddle01_R {
                  FrameTransformMatrix {
                     0.518918,-0.854688,-0.015223, 0.000000,
                     0.854756, 0.519020,-0.003391, 0.000000,
                     0.010799,-0.011252, 0.999878, 0.000000,
                    18.335419,37.623634,-3.888897, 1.000000;;
                  }
                  Frame Armature_WingMiddle02_R {
                    FrameTransformMatrix {
                       0.992900,-0.117831, 0.016296, 0.000000,
                       0.117912, 0.993015,-0.004139, 0.000000,
                      -0.015694, 0.006031, 0.999859, 0.000000,
                      -0.000022,205.206146,-0.000015, 1.000000;;
                    }
                    Frame Armature_WingMiddle04_R {
                      FrameTransformMatrix {
                        -0.946811, 0.303651,-0.106511, 0.000000,
                         0.304716, 0.952421, 0.006531, 0.000000,
                         0.103426,-0.026272,-0.994290, 0.000000,
                         4.796543,414.726288,-2.164383, 1.000000;;
                      }
                      Frame Armature_WingMiddle05_R {
                        FrameTransformMatrix {
                          -0.493050, 0.030231, 0.869476, 0.000000,
                          -0.867846, 0.053212,-0.493976, 0.000000,
                          -0.061200,-0.998126,-0.000000, 0.000000,
                          16.053219,498.297516,-4.423950, 1.000000;;
                        }
                      } // End of Armature_WingMiddle05_R
                    } // End of Armature_WingMiddle04_R
                  } // End of Armature_WingMiddle02_R
                } // End of Armature_WingMiddle01_R
                Frame Armature_WingPinky01_R {
                  FrameTransformMatrix {
                    -0.247278, 0.965639,-0.079970, 0.000000,
                     0.966860, 0.251315, 0.044976, 0.000000,
                     0.063528,-0.066198,-0.995782, 0.000000,
                    61.174469,16.226677,-8.790672, 1.000000;;
                  }
                  Frame Armature_WingPinky02_R {
                    FrameTransformMatrix {
                       0.977515, 0.197936,-0.072710, 0.000000,
                      -0.195878, 0.980022, 0.034484, 0.000000,
                       0.078083,-0.019466, 0.996757, 0.000000,
                      -0.000010,195.337662,-0.000061, 1.000000;;
                    }
                    Frame Armature_WingPinky04_R {
                      FrameTransformMatrix {
                         0.969580, 0.244773,-0.001310, 0.000000,
                        -0.244772, 0.969580, 0.001081, 0.000000,
                         0.001535,-0.000728, 0.999999, 0.000000,
                        -9.829567,246.306458, 2.711327, 1.000000;;
                      }
                      Frame Armature_WingPinky05_R {
                        FrameTransformMatrix {
                          -0.445037, 0.367399, 0.816676, 0.000000,
                          -0.629793, 0.519924,-0.577096, 0.000000,
                          -0.636634,-0.771166,-0.000000, 0.000000,
                          21.847870,285.742157,-7.185356, 1.000000;;
                        }
                      } // End of Armature_WingPinky05_R
                    } // End of Armature_WingPinky04_R
                  } // End of Armature_WingPinky02_R
                } // End of Armature_WingPinky01_R
                Frame Armature_WingRing01_R {
                  FrameTransformMatrix {
                     0.410745,-0.909003,-0.070729, 0.000000,
                     0.910270, 0.413261,-0.024983, 0.000000,
                     0.051939,-0.054121, 0.997183, 0.000000,
                    39.982170,25.864445,-5.638649, 1.000000;;
                  }
                  Frame Armature_WingRing02_R {
                    FrameTransformMatrix {
                      -0.972430, 0.142168,-0.184844, 0.000000,
                       0.143713, 0.989606, 0.005081, 0.000000,
                       0.183645,-0.021624,-0.982755, 0.000000,
                      -0.000011,199.690521,-0.000069, 1.000000;;
                    }
                    Frame Armature_WingRing04_R {
                      FrameTransformMatrix {
                         0.959316, 0.279678,-0.038642, 0.000000,
                        -0.279405, 0.960093, 0.012417, 0.000000,
                         0.040573,-0.001115, 0.999176, 0.000000,
                        -13.788986,362.525909, 6.754257, 1.000000;;
                      }
                      Frame Armature_WingRing05_R {
                        FrameTransformMatrix {
                          -0.501262, 0.161076, 0.850171, 0.000000,
                          -0.809408, 0.260096,-0.526506, 0.000000,
                          -0.305934,-0.952053,-0.000000, 0.000000,
                          23.868971,371.023529,-4.515419, 1.000000;;
                        }
                      } // End of Armature_WingRing05_R
                    } // End of Armature_WingRing04_R
                  } // End of Armature_WingRing02_R
                } // End of Armature_WingRing01_R
              } // End of Armature_Wing03_R
              Frame Armature_WingThumb01_R {
                FrameTransformMatrix {
                   0.009963, 0.000785, 0.000338, 0.000000,
                   0.000797,-0.009962,-0.000354, 0.000000,
                   0.000309, 0.000380,-0.009988, 0.000000,
                  -27.366196,-152.163101,-4.528839, 1.000000;;
                }
              } // End of Armature_WingThumb01_R
            } // End of Armature_Wing02_R
          } // End of Armature_Wing01_R
        } // End of Armature_Spine02
      } // End of Armature_Spine01
      Frame Armature_UpperLeg_L {
        FrameTransformMatrix {
           0.671089, 0.644184,-0.366970, 0.000000,
          -0.543781, 0.091248,-0.834252, 0.000000,
          -0.503926, 0.759408, 0.411530, 0.000000,
           6.620114,85.229706,-42.187710, 1.000000;;
        }
        Frame Armature_LowerLeg_L {
          FrameTransformMatrix {
            -0.218845,-0.955916, 0.195785, 0.000000,
             0.934502,-0.263058,-0.239805, 0.000000,
             0.280736, 0.130481, 0.950874, 0.000000,
            -0.000031,179.437576, 0.000015, 1.000000;;
          }
          Frame Armature_Feet_L {
            FrameTransformMatrix {
               0.909451,-0.192036, 0.368810, 0.000000,
               0.216026, 0.976081,-0.024462, 0.000000,
              -0.355291, 0.101920, 0.929183, 0.000000,
              -0.000015,155.874283,-0.000031, 1.000000;;
            }
            Frame Armature_IndexToe01_L {
              FrameTransformMatrix {
                 0.999888,-0.014931,-0.001308, 0.000000,
                 0.014005, 0.961815,-0.273343, 0.000000,
                 0.005339, 0.273294, 0.961916, 0.000000,
                -3.430733,25.755049,-25.501020, 1.000000;;
              }
              Frame Armature_IndexToe02_L {
                FrameTransformMatrix {
                   1.000000, 0.000000,-0.000269, 0.000000,
                   0.000006, 0.999742, 0.022721, 0.000000,
                   0.000269,-0.022721, 0.999742, 0.000000,
                  -2.437494,28.115929,-0.141935, 1.000000;;
                }
                Frame Armature_IndexToe03_L {
                  FrameTransformMatrix {
                     1.000000,-0.000000, 0.000002, 0.000000,
                    -0.000001, 0.573462, 0.819232, 0.000000,
                    -0.000001,-0.819232, 0.573462, 0.000000,
                    -0.282455,27.569633,-1.050722, 1.000000;;
                  }
                } // End of Armature_IndexToe03_L
              } // End of Armature_IndexToe02_L
            } // End of Armature_IndexToe01_L
            Frame Armature_MiddleToe01_L {
              FrameTransformMatrix {
                 0.996910, 0.072713,-0.029733, 0.000000,
                -0.068525, 0.989979, 0.123473, 0.000000,
                 0.038413,-0.121054, 0.991903, 0.000000,
                -3.218637,31.106062,-5.303337, 1.000000;;
              }
              Frame Armature_MiddleToe02_L {
                FrameTransformMatrix {
                   1.000000, 0.000000, 0.000001, 0.000000,
                  -0.000000, 0.999742, 0.022721, 0.000000,
                  -0.000001,-0.022721, 0.999742, 0.000000,
                   0.028351,36.646271, 0.243291, 1.000000;;
                }
                Frame Armature_MiddleToe03_L {
                  FrameTransformMatrix {
                     1.000000, 0.000000,-0.000000, 0.000000,
                     0.000000, 0.573462, 0.819232, 0.000000,
                     0.000000,-0.819232, 0.573462, 0.000000,
                    -0.189608,32.270256,-0.938999, 1.000000;;
                  }
                } // End of Armature_MiddleToe03_L
              } // End of Armature_MiddleToe02_L
            } // End of Armature_MiddleToe01_L
            Frame Armature_PinkyToe01_L {
              FrameTransformMatrix {
                 0.999946,-0.000271,-0.010428, 0.000000,
                 0.004596, 0.908855, 0.417088, 0.000000,
                 0.009365,-0.417113, 0.908807, 0.000000,
                -7.263647,23.997730,14.883999, 1.000000;;
              }
              Frame Armature_PinkyToe02_L {
                FrameTransformMatrix {
