xof 0303txt 0032

Frame Root {
  FrameTransformMatrix {
     1.000000, 0.000000, 0.000000, 0.000000,
     0.000000,-0.000000,-1.000000, 0.000000,
     0.000000, 1.000000,-0.000000, 0.000000,
     0.000000, 0.000000, 0.000000, 1.000000;;
  }
  Frame Armature {
    FrameTransformMatrix {
       0.010000, 0.000000, 0.000000, 0.000000,
       0.000000,-0.000000, 0.010000, 0.000000,
       0.000000,-0.010000,-0.000000, 0.000000,
       0.000000, 8.028716, 0.000000, 1.000000;;
    }
    Frame Armature_Root {
      FrameTransformMatrix {
        -0.000000, 0.626430, 0.779478, 0.000000,
         1.000000,-0.000000, 0.000000, 0.000000,
         0.000000, 0.779478,-0.626430, 0.000000,
        -0.000000,585.889954,34.101845, 1.000000;;
      }
      Frame Armature_Spine01 {
        FrameTransformMatrix {
           0.323356, 0.000000, 0.946277, 0.000000,
           0.946277, 0.000000,-0.323356, 0.000000,
           0.000000, 1.000000,-0.000000, 0.000000,
          97.523987, 0.000000,-0.000038, 1.000000;;
        }
        Frame Armature_Spine02 {
          FrameTransformMatrix {
            -0.995142, 0.098447,-0.000000, 0.000000,
             0.098446, 0.995142,-0.000000, 0.000000,
             0.000000,-0.000000,-1.000000, 0.000000,
             0.000031,114.438324,-0.000000, 1.000000;;
          }
          Frame Armature_Chest {
            FrameTransformMatrix {
              -0.675959, 0.736939,-0.000000, 0.000000,
               0.736939, 0.675959,-0.000000, 0.000000,
              -0.000000,-0.000000,-1.000000, 0.000000,
              -0.000015,127.459290, 0.000000, 1.000000;;
            }
            Frame Armature_Neck01 {
              FrameTransformMatrix {
                 0.818021,-0.575188, 0.000000, 0.000000,
                 0.575188, 0.818021, 0.000000, 0.000000,
                -0.000000, 0.000000, 1.000000, 0.000000,
                -0.000015,126.849586, 0.000002, 1.000000;;
              }
              Frame Armature_Neck02 {
                FrameTransformMatrix {
                   0.829384,-0.558679, 0.000000, 0.000000,
                   0.558679, 0.829384,-0.000000, 0.000000,
                   0.000000, 0.000000, 1.000000, 0.000000,
                   0.000092,122.347122,-0.000000, 1.000000;;
                }
                Frame Armature_Neck03 {
                  FrameTransformMatrix {
                     0.937217,-0.348747, 0.000000, 0.000000,
                     0.348747, 0.937217,-0.000000, 0.000000,
                    -0.000000, 0.000000, 1.000000, 0.000000,
                    -0.000008,112.527100,-0.000001, 1.000000;;
                  }
                  Frame Armature_Head {
                    FrameTransformMatrix {
                      -0.000000, 0.000000, 1.000000, 0.000000,
                      -0.977419, 0.211311,-0.000000, 0.000000,
                      -0.211311,-0.977419,-0.000000, 0.000000,
                      -0.000031,105.244110,-0.000000, 1.000000;;
                    }
                    Frame Armature_Eye_L {
                      FrameTransformMatrix {
                         1.000000,-0.000000, 0.000000, 0.000000,
                         0.000000, 1.000000, 0.000000, 0.000000,
                        -0.000000,-0.000000, 1.000000, 0.000000,
                        34.315445,64.830696,-31.983622, 1.000000;;
                      }
                    } // End of Armature_Eye_L
                    Frame Armature_Eye_R {
                      FrameTransformMatrix {
                         1.000000,-0.000000, 0.000000, 0.000000,
                         0.000000,-1.000000, 0.000000, 0.000000,
                         0.000000,-0.000000,-1.000000, 0.000000,
                        -34.315395,64.831123,-31.984060, 1.000000;;
                      }
                    } // End of Armature_Eye_R
                    Frame Armature_Eye_Under_L {
                      FrameTransformMatrix {
                         1.000000,-0.000000, 0.000000, 0.000000,
                         0.000000, 1.000000, 0.000000, 0.000000,
                        -0.000000,-0.000000, 1.000000, 0.000000,
                        38.478428,70.034706,-12.224437, 1.000000;;
                      }
                    } // End of Armature_Eye_Under_L
                    Frame Armature_Eye_Under_R {
                      FrameTransformMatrix {
                         1.000000,-0.000000, 0.000000, 0.000000,
                        -0.000000,-1.000000, 0.000000, 0.000000,
                         0.000000,-0.000000,-1.000000, 0.000000,
                        -38.478397,70.035164,-12.223989, 1.000000;;
                      }
                    } // End of Armature_Eye_Under_R
                    Frame Armature_Jaw01 {
                      FrameTransformMatrix {
                        -0.000000, 0.124976, 0.992160, 0.000000,
                         0.000000, 0.992160,-0.124976, 0.000000,
                        -1.000000, 0.000000,-0.000000, 0.000000,
                         0.000002,77.714157,41.943710, 1.000000;;
                      }
                      Frame Armature_Jaw02 {
                        FrameTransformMatrix {
                          -0.778933,-0.627108,-0.000001, 0.000000,
                           0.000001, 0.000000,-1.000000, 0.000000,
                           0.627108,-0.778933, 0.000000, 0.000000,
                          -0.000019,131.770844, 0.000000, 1.000000;;
                        }
                      } // End of Armature_Jaw02
                    } // End of Armature_Jaw01
                    Frame Armature_Tongue01 {
                      FrameTransformMatrix {
                        -0.000003,-0.065750, 0.997836, 0.000000,
                         0.000000, 0.997836, 0.065750, 0.000000,
                        -1.000000, 0.000000,-0.000003, 0.000000,
                        -0.000001,31.775055,21.651604, 1.000000;;
                      }
                      Frame Armature_Tongue02 {
                        FrameTransformMatrix {
                           0.999323,-0.036778,-0.000000, 0.000000,
                           0.036778, 0.999323,-0.000000, 0.000000,
                           0.000000, 0.000000, 1.000000, 0.000000,
                          -0.000061,53.170013, 0.000000, 1.000000;;
                        }
                        Frame Armature_Tongue03 {
                          FrameTransformMatrix {
                             0.999072,-0.043065, 0.000000, 0.000000,
                             0.043065, 0.999072,-0.000000, 0.000000,
                            -0.000000, 0.000000, 1.000000, 0.000000,
                            -0.000107,46.743240, 0.000000, 1.000000;;
                          }
                          Frame Armature_Tongue04 {
                            FrameTransformMatrix {
                              -0.962207,-0.272321,-0.000001, 0.000000,
                               0.000000, 0.000003,-1.000000, 0.000000,
                               0.272321,-0.962206,-0.000003, 0.000000,
                               0.000031,54.004059,-0.000000, 1.000000;;
                            }
                          } // End of Armature_Tongue04
                        } // End of Armature_Tongue03
                      } // End of Armature_Tongue02
                    } // End of Armature_Tongue01
                    Frame Armature_UpperMouth01 {
                      FrameTransformMatrix {
                        -0.000003, 0.094764,-0.995500, 0.000000,
                         0.000000, 0.995500, 0.094764, 0.000000,
                         1.000000,-0.000000,-0.000003, 0.000000,
                         0.000001,97.247772,-15.644058, 1.000000;;
                      }
                      Frame Armature_UpperMouth02 {
                        FrameTransformMatrix {
                           0.995693, 0.092716,-0.000000, 0.000000,
                          -0.000000, 0.000002, 1.000000, 0.000000,
                           0.092716,-0.995693, 0.000002, 0.000000,
                          -0.000092,97.058731, 0.000000, 1.000000;;
                        }
                      } // End of Armature_UpperMouth02
                    } // End of Armature_UpperMouth01
                  } // End of Armature_Head
                } // End of Armature_Neck03
              } // End of Armature_Neck02
            } // End of Armature_Neck01
            Frame Armature_UpperArm_L {
              FrameTransformMatrix {
                 0.374839, 0.532573, 0.758855, 0.000000,
                -0.800265,-0.227373, 0.554867, 0.000000,
                 0.468051,-0.815271, 0.340971, 0.000000,
                -32.905830,-19.313055,82.735832, 1.000000;;
              }
              Frame Armature_LowerArm_L {
                FrameTransformMatrix {
                   0.988032, 0.153999, 0.008772, 0.000000,
                  -0.022527, 0.200321,-0.979471, 0.000000,
                  -0.152594, 0.967551, 0.201393, 0.000000,
                  -0.000008,176.291077, 0.000008, 1.000000;;
                }
                Frame Armature_Hand_L {
                  FrameTransformMatrix {
                     0.518371, 0.025003,-0.854790, 0.000000,
                     0.466430, 0.829530, 0.307122, 0.000000,
                     0.716753,-0.557902, 0.418342, 0.000000,
                    -0.000021,171.877731,-0.000008, 1.000000;;
                  }
                  Frame Armature_Index01_L {
                    FrameTransformMatrix {
                       0.915060, 0.379368,-0.136913, 0.000000,
                      -0.403159, 0.869910,-0.284110, 0.000000,
                       0.011319, 0.315175, 0.948966, 0.000000,
                      -5.378059,55.339272,-24.943493, 1.000000;;
                    }
                    Frame Armature_Index02_L {
                      FrameTransformMatrix {
                         0.880996, 0.473124,-0.000172, 0.000000,
                        -0.472540, 0.879927, 0.049342, 0.000000,
                         0.023496,-0.043389, 0.998782, 0.000000,
                        -2.207207,39.770611,-0.317739, 1.000000;;
                      }
                      Frame Armature_Index03_L {
                        FrameTransformMatrix {
                           1.000000, 0.000000, 0.000000, 0.000000,
                          -0.000000, 0.573462, 0.819232, 0.000000,
                           0.000000,-0.819232, 0.573462, 0.000000,
                          -0.282500,27.569664,-1.050712, 1.000000;;
                        }
                      } // End of Armature_Index03_L
                    } // End of Armature_Index02_L
                  } // End of Armature_Index01_L
                  Frame Armature_Middle01_L {
                    FrameTransformMatrix {
                       0.870520, 0.491831, 0.017262, 0.000000,
                      -0.490750, 0.870166,-0.044440, 0.000000,
                      -0.036878, 0.030215, 0.998863, 0.000000,
                      -5.274552,61.946613, 2.297050, 1.000000;;
                    }
                    Frame Armature_Middle02_L {
                      FrameTransformMatrix {
                         0.886965, 0.454213,-0.083568, 0.000000,
                        -0.443456, 0.888146, 0.120596, 0.000000,
                         0.128996,-0.069906, 0.989178, 0.000000,
                         0.726911,43.116951, 0.768597, 1.000000;;
                      }
                      Frame Armature_Middle3_L {
                        FrameTransformMatrix {
                           1.000000,-0.000000,-0.000000, 0.000000,
                           0.000000, 0.573463, 0.819232, 0.000000,
                           0.000000,-0.819232, 0.573463, 0.000000,
                          -0.189606,32.270260,-0.938934, 1.000000;;
                        }
                      } // End of Armature_Middle3_L
                    } // End of Armature_Middle02_L
                  } // End of Armature_Middle01_L
                  Frame Armature_Pinky01_L {
                    FrameTransformMatrix {
                       0.893779, 0.437547, 0.098544, 0.000000,
                      -0.448487, 0.869842, 0.205507, 0.000000,
                       0.004201,-0.227874, 0.973682, 0.000000,
                      -9.550699,54.729038,28.829338, 1.000000;;
                    }
                    Frame Armature_Pinky02_L {
                      FrameTransformMatrix {
                         0.887831, 0.460051, 0.010456, 0.000000,
                        -0.460170, 0.887602, 0.020173, 0.000000,
                        -0.000000,-0.022722, 0.999742, 0.000000,
                         0.113003,39.613926, 0.562973, 1.000000;;
                      }
                      Frame Armature_Pinky03_L {
                        FrameTransformMatrix {
                           1.000000,-0.000000,-0.000000, 0.000000,
                           0.000001, 0.573463, 0.819232, 0.000000,
                          -0.000000,-0.819232, 0.573463, 0.000000,
                          -0.189590,32.270271,-0.938934, 1.000000;;
                        }
                      } // End of Armature_Pinky03_L
                    } // End of Armature_Pinky02_L
                  } // End of Armature_Pinky01_L
                  Frame Armature_Thumb01_L {
                    FrameTransformMatrix {
                       0.854712,-0.516200, 0.054810, 0.000000,
                      -0.519055,-0.851271, 0.076944, 0.000000,
                       0.006948,-0.094215,-0.995510, 0.000000,
                      -12.599342,-25.391594, 3.054253, 1.000000;;
                    }
                    Frame Armature_Thumb02_L {
                      FrameTransformMatrix {
                         1.000000,-0.000000, 0.000000, 0.000000,
                         0.000000, 0.999742, 0.022722, 0.000000,
                        -0.000000,-0.022722, 0.999742, 0.000000,
                        -1.729822,36.609901, 0.235098, 1.000000;;
                      }
                    } // End of Armature_Thumb02_L
                  } // End of Armature_Thumb01_L
                } // End of Armature_Hand_L
              } // End of Armature_LowerArm_L
            } // End of Armature_UpperArm_L
            Frame Armature_UpperArm_R {
              FrameTransformMatrix {
                 0.352922, 0.320683,-0.878981, 0.000000,
                -0.882544,-0.197905,-0.426555, 0.000000,
                -0.310743, 0.926281, 0.213172, 0.000000,
                -32.906052,-19.312998,-82.735802, 1.000000;;
              }
              Frame Armature_RowerArm_R {
                FrameTransformMatrix {
                   0.987936, 0.154684,-0.007437, 0.000000,
                  -0.022464, 0.190658, 0.981400, 0.000000,
                   0.153225,-0.969393, 0.191833, 0.000000,
                   0.000015,176.291321,-0.000038, 1.000000;;
                }
                Frame Armature_Hand_R {
                  FrameTransformMatrix {
                     0.411299, 0.227732, 0.882593, 0.000000,
                     0.348092, 0.855655,-0.382996, 0.000000,
                    -0.842416, 0.464750, 0.272658, 0.000000,
                    -0.000015,171.877243,-0.000031, 1.000000;;
                  }
                  Frame Armature_Index01_R {
                    FrameTransformMatrix {
                       0.856870, 0.474361, 0.201878, 0.000000,
                      -0.512701, 0.825092, 0.237405, 0.000000,
                      -0.053953,-0.306928, 0.950202, 0.000000,
                      -4.365425,56.017769,23.587975, 1.000000;;
                    }
                    Frame Armature_Index02_R {
                      FrameTransformMatrix {
                         0.904688, 0.425721,-0.017339, 0.000000,
                        -0.426055, 0.903514,-0.046261, 0.000000,
                        -0.004028, 0.049239, 0.998779, 0.000000,
                         0.922243,39.822781,-0.089603, 1.000000;;
                      }
                      Frame Armature_Index03_R {
                        FrameTransformMatrix {
                          -0.998719, 0.050615, 0.000000, 0.000000,
                          -0.029026,-0.572727, 0.819231, 0.000000,
                           0.041466, 0.818181, 0.573463, 0.000000,
                           1.113356,27.548420, 1.050556, 1.000000;;
                        }
                      } // End of Armature_Index03_R
                    } // End of Armature_Index02_R
                  } // End of Armature_Index01_R
                  Frame Armature_Middle01_R {
                    FrameTransformMatrix {
                       0.881348, 0.464379, 0.087058, 0.000000,
                      -0.466023, 0.884771,-0.001616, 0.000000,
                      -0.077777,-0.039147, 0.996202, 0.000000,
                      -2.675726,62.042603,-3.734703, 1.000000;;
                    }
                    Frame Armature_Middle02_R {
                      FrameTransformMatrix {
                         0.888217, 0.452267,-0.080781, 0.000000,
                        -0.452152, 0.891699, 0.020761, 0.000000,
                         0.081421, 0.018085, 0.996516, 0.000000,
                        -0.485344,43.120689,-0.768929, 1.000000;;
                      }
                      Frame Armature_Middle3_R {
                        FrameTransformMatrix {
                          -0.996632,-0.004223,-0.081897, 0.000000,
                          -0.065008,-0.568093, 0.820393, 0.000000,
                          -0.049990, 0.822954, 0.565905, 0.000000,
                          -0.384483,32.275005, 0.699825, 1.000000;;
                        }
                      } // End of Armature_Middle3_R
                    } // End of Armature_Middle02_R
                  } // End of Armature_Middle01_R
                  Frame Armature_Pinky01_R {
                    FrameTransformMatrix {
                       0.906501, 0.416214,-0.070870, 0.000000,
                      -0.418503, 0.863625,-0.281081, 0.000000,
                      -0.055784, 0.284459, 0.957064, 0.000000,
                      -5.944228,54.442402,-30.303299, 1.000000;;
                    }
                    Frame Armature_Pinky02_R {
                      FrameTransformMatrix {
                         0.885131, 0.465090, 0.015284, 0.000000,
                        -0.465341, 0.884654, 0.029072, 0.000000,
                        -0.000000,-0.032845, 0.999460, 0.000000,
                        -1.077998,39.593880, 0.897148, 1.000000;;
                      }
                      Frame Armature_Pinky03_R {
                        FrameTransformMatrix {
                           1.000000, 0.000000,-0.000001, 0.000000,
                           0.000001,-0.523353, 0.852116, 0.000000,
                           0.000000,-0.852116,-0.523353, 0.000000,
                          -1.148819,32.262363, 0.339645, 1.000000;;
                        }
                      } // End of Armature_Pinky03_R
                    } // End of Armature_Pinky02_R
                  } // End of Armature_Pinky01_R
                  Frame Armature_Thumb01_R {
                    FrameTransformMatrix {
                       0.785930,-0.618244,-0.009996, 0.000000,
                      -0.616675,-0.782543,-0.085676, 0.000000,
                       0.045154, 0.073498,-0.996275, 0.000000,
                      -13.441560,-24.940056,-3.187935, 1.000000;;
                    }
                    Frame Armature_Thumb02_R {
                      FrameTransformMatrix {
                        -0.996216, 0.086926,-0.000001, 0.000000,
                        -0.086904,-0.995957, 0.022722, 0.000000,
                         0.001975, 0.022636, 0.999742, 0.000000,
                         1.459129,36.621063,-0.234886, 1.000000;;
                      }
                    } // End of Armature_Thumb02_R
                  } // End of Armature_Thumb01_R
                } // End of Armature_Hand_R
              } // End of Armature_RowerArm_R
            } // End of Armature_UpperArm_R
          } // End of Armature_Chest
          Frame Armature_Wing01_L {
            FrameTransformMatrix {
               0.118596, 0.956824,-0.265375, 0.000000,
              -0.557054,-0.157127,-0.815476, 0.000000,
              -0.821965, 0.244540, 0.514368, 0.000000,
              -56.105751,20.234112,-89.395538, 1.000000;;
            }
            Frame Armature_Wing02_L {
              FrameTransformMatrix {
                 0.309014,-0.950938, 0.015060, 0.000000,
                 0.950931, 0.308676,-0.021196, 0.000000,
                 0.015507, 0.020871, 0.999662, 0.000000,
                -0.000008,299.243988,-0.000078, 1.000000;;
              }
              Frame Armature_Wing03_L {
                FrameTransformMatrix {
                   0.785644, 0.616560,-0.051157, 0.000000,
                  -0.618066, 0.785856,-0.020582, 0.000000,
                   0.027512, 0.047789, 0.998478, 0.000000,
                   0.000061,468.655121, 0.000011, 1.000000;;
                }
                Frame Armature_WingIndex01_L {
                  FrameTransformMatrix {
                     0.897438,-0.441140, 0.001139, 0.000000,
                     0.441133, 0.897434, 0.003583, 0.000000,
                    -0.002603,-0.002713, 0.999993, 0.000000,
                     0.000038,40.398193,-0.000103, 1.000000;;
                  }
                  Frame Armature_WingIndex02_L {
                    FrameTransformMatrix {
                       0.957455, 0.284942,-0.045698, 0.000000,
                      -0.286235, 0.957841,-0.024698, 0.000000,
                       0.036734, 0.036728, 0.998650, 0.000000,
                       0.000015,209.264526,-0.000092, 1.000000;;
                    }
                    Frame Armature_WingIndex03_L {
                      FrameTransformMatrix {
                         0.479600, 0.259207, 0.838329, 0.000000,
                         0.737507, 0.398596,-0.545165, 0.000000,
                        -0.475465, 0.879735, 0.000000, 0.000000,
                         0.000046,228.365234,-0.000069, 1.000000;;
                      }
                    } // End of Armature_WingIndex03_L
                  } // End of Armature_WingIndex02_L
                } // End of Armature_WingIndex01_L
                Frame Armature_WingMiddle01_L {
                  FrameTransformMatrix {
                     0.999165, 0.039274, 0.011227, 0.000000,
                    -0.039395, 0.999165, 0.010814, 0.000000,
                    -0.010793,-0.011248, 0.999879, 0.000000,
                    -18.335541,37.623558,-3.889061, 1.000000;;
                  }
                  Frame Armature_WingMiddle02_L {
                    FrameTransformMatrix {
                       0.992900, 0.117832,-0.016290, 0.000000,
                      -0.117914, 0.993015,-0.004138, 0.000000,
                       0.015688, 0.006029, 0.999859, 0.000000,
                       0.000021,205.206375,-0.000015, 1.000000;;
                    }
                    Frame Armature_WingMiddle04_L {
                      FrameTransformMatrix {
                        -0.946809,-0.303649, 0.106535, 0.000000,
                        -0.304713, 0.952421, 0.006532, 0.000000,
                        -0.103449,-0.026278,-0.994287, 0.000000,
                        -7.270241,370.676178,-3.474556, 1.000000;;
                      }
                      Frame Armature_WingMiddle05_L {
                        FrameTransformMatrix {
                          -0.493034,-0.030230,-0.869484, 0.000000,
                          -0.867855,-0.053212, 0.493960, 0.000000,
                          -0.061199, 0.998126, 0.000000, 0.000000,
                          -31.631241,539.507202,-7.139716, 1.000000;;
                        }
                      } // End of Armature_WingMiddle05_L
                    } // End of Armature_WingMiddle04_L
                  } // End of Armature_WingMiddle02_L
                } // End of Armature_WingMiddle01_L
                Frame Armature_WingPinky01_L {
                  FrameTransformMatrix {
                    -0.698424,-0.709779, 0.091751, 0.000000,
                    -0.712859, 0.701307,-0.001143, 0.000000,
                    -0.063534,-0.066204,-0.995781, 0.000000,
                    -61.174309,16.226479,-8.790380, 1.000000;;
                  }
                  Frame Armature_WingPinky02_L {
                    FrameTransformMatrix {
                       0.977515,-0.197933, 0.072713, 0.000000,
                       0.195876, 0.980022, 0.034484, 0.000000,
                      -0.078086,-0.019466, 0.996756, 0.000000,
                       0.000092,195.337479,-0.000007, 1.000000;;
                    }
                    Frame Armature_WingPinky04_L {
                      FrameTransformMatrix {
                         0.969579,-0.244774, 0.001311, 0.000000,
                         0.244773, 0.969580, 0.001082, 0.000000,
                        -0.001536,-0.000729, 0.999999, 0.000000,
                         0.229240,253.069794, 3.634933, 1.000000;;
                      }
                      Frame Armature_WingPinky05_L {
                        FrameTransformMatrix {
                          -0.445038,-0.367401,-0.816675, 0.000000,
                          -0.629791,-0.519924, 0.577098, 0.000000,
                          -0.636635, 0.771165, 0.000000, 0.000000,
                          -10.885880,281.533752,-8.119081, 1.000000;;
                        }
                      } // End of Armature_WingPinky05_L
                    } // End of Armature_WingPinky04_L
                  } // End of Armature_WingPinky02_L
                } // End of Armature_WingPinky01_L
                Frame Armature_WingRing01_L {
                  FrameTransformMatrix {
                     0.904509, 0.420682, 0.069933, 0.000000,
                    -0.423282, 0.905593, 0.027100, 0.000000,
                    -0.051930,-0.054114, 0.997184, 0.000000,
                    -39.982109,25.864578,-5.638372, 1.000000;;
                  }
                  Frame Armature_WingRing02_L {
                    FrameTransformMatrix {
                      -0.972438,-0.142164, 0.184806, 0.000000,
                      -0.143708, 0.989607, 0.005080, 0.000000,
                      -0.183607,-0.021618,-0.982762, 0.000000,
                       0.000008,199.689972,-0.000145, 1.000000;;
                    }
                    Frame Armature_WingRing04_L {
                      FrameTransformMatrix {
                         0.959317,-0.279679, 0.038613, 0.000000,
                         0.279406, 0.960093, 0.012408, 0.000000,
                        -0.040543,-0.001115, 0.999177, 0.000000,
                        14.586182,326.020935, 6.448004, 1.000000;;
                      }
                      Frame Armature_WingRing05_L {
                        FrameTransformMatrix {
                          -0.501266,-0.161078,-0.850169, 0.000000,
                          -0.809406,-0.260096, 0.526510, 0.000000,
                          -0.305934, 0.952053, 0.000000, 0.000000,
                          -34.832054,405.853546,-4.218925, 1.000000;;
                        }
                      } // End of Armature_WingRing05_L
                    } // End of Armature_WingRing04_L
                  } // End of Armature_WingRing02_L
                } // End of Armature_WingRing01_L
              } // End of Armature_Wing03_L
              Frame Armature_WingThumb01_L {
                FrameTransformMatrix {
                   0.009963,-0.000785,-0.000338, 0.000000,
                  -0.000797,-0.009962,-0.000354, 0.000000,
                  -0.000308, 0.000380,-0.009988, 0.000000,
                  -95.059052,-148.097961,-4.080316, 1.000000;;
                }
              } // End of Armature_WingThumb01_L
            } // End of Armature_Wing02_L
          } // End of Armature_Wing01_L
          Frame Armature_Wing01_R {
            FrameTransformMatrix {
              -0.065339,-0.969658,-0.235570, 0.000000,
              -0.504446,-0.171591, 0.846221, 0.000000,
              -0.860967, 0.174124,-0.477929, 0.000000,
              -56.106003,20.234119,89.395599, 1.000000;;
            }
            Frame Armature_Wing02_R {
              FrameTransformMatrix {
                 0.309013, 0.950939,-0.015058, 0.000000,
                -0.950932, 0.308675,-0.021182, 0.000000,
                -0.015494, 0.020865, 0.999663, 0.000000,
                 0.000008,299.244171, 0.000019, 1.000000;;
              }
              Frame Armature_Wing03_R {
                FrameTransformMatrix {
                   0.813298,-0.579861, 0.048035, 0.000000,
                   0.579806, 0.814587, 0.016492, 0.000000,
                  -0.048691, 0.014438, 0.998709, 0.000000,
                   0.000061,468.655090,-0.000206, 1.000000;;
                }
                Frame Armature_WingIndex01_R {
                  FrameTransformMatrix {
                     0.897428, 0.441160,-0.001143, 0.000000,
                    -0.441154, 0.897424, 0.003593, 0.000000,
                     0.002611,-0.002720, 0.999993, 0.000000,
                    -0.000057,40.397842,-0.000084, 1.000000;;
                  }
                  Frame Armature_WingIndex02_R {
                    FrameTransformMatrix {
                       0.957453,-0.284947, 0.045705, 0.000000,
                       0.286241, 0.957839,-0.024702, 0.000000,
                      -0.036739, 0.036733, 0.998650, 0.000000,
                       0.000046,209.265350, 0.000015, 1.000000;;
                    }
                    Frame Armature_WingIndex03_R {
                      FrameTransformMatrix {
                         0.479598,-0.259204,-0.838331, 0.000000,
                         0.737510,-0.398595, 0.545162, 0.000000,
                        -0.475463,-0.879736, 0.000000, 0.000000,
                        -0.000008,228.364532,-0.000084, 1.000000;;
                      }
                    } // End of Armature_WingIndex03_R
                  } // End of Armature_WingIndex02_R
                } // End of Armature_WingIndex01_R
                Frame Armature_WingMiddle01_R {
                  FrameTransformMatrix {
                     0.999146,-0.039764,-0.011239, 0.000000,
                     0.039886, 0.999146, 0.010813, 0.000000,
                     0.010799,-0.011252, 0.999878, 0.000000,
                    18.335258,37.623497,-3.889008, 1.000000;;
                  }
                  Frame Armature_WingMiddle02_R {
                    FrameTransformMatrix {
                       0.992900,-0.117831, 0.016295, 0.000000,
                       0.117912, 0.993015,-0.004139, 0.000000,
                      -0.015694, 0.006031, 0.999859, 0.000000,
                      -0.000011,205.206299,-0.000069, 1.000000;;
                    }
                    Frame Armature_WingMiddle04_R {
                      FrameTransformMatrix {
                        -0.946811, 0.303651,-0.106511, 0.000000,
                         0.304716, 0.952421, 0.006531, 0.000000,
                         0.103426,-0.026272,-0.994290, 0.000000,
                         4.796448,414.726715,-2.164452, 1.000000;;
                      }
                      Frame Armature_WingMiddle05_R {
                        FrameTransformMatrix {
                          -0.493050, 0.030231, 0.869475, 0.000000,
                          -0.867846, 0.053211,-0.493976, 0.000000,
                          -0.061200,-0.998126, 0.000000, 0.000000,
                          16.053131,498.297943,-4.424011, 1.000000;;
                        }
                      } // End of Armature_WingMiddle05_R
                    } // End of Armature_WingMiddle04_R
                  } // End of Armature_WingMiddle02_R
                } // End of Armature_WingMiddle01_R
                Frame Armature_WingPinky01_R {
                  FrameTransformMatrix {
                    -0.698517, 0.709688,-0.091742, 0.000000,
                     0.712768, 0.701399,-0.001155, 0.000000,
                     0.063528,-0.066198,-0.995782, 0.000000,
                    61.174225,16.226585,-8.790787, 1.000000;;
                  }
                  Frame Armature_WingPinky02_R {
                    FrameTransformMatrix {
                       0.977515, 0.197936,-0.072710, 0.000000,
                      -0.195879, 0.980022, 0.034484, 0.000000,
                       0.078083,-0.019466, 0.996757, 0.000000,
                       0.000122,195.337906,-0.000017, 1.000000;;
                    }
                    Frame Armature_WingPinky04_R {
                      FrameTransformMatrix {
                         0.969580, 0.244773,-0.001310, 0.000000,
                        -0.244772, 0.969580, 0.001081, 0.000000,
                         0.001535,-0.000728, 0.999999, 0.000000,
                        -9.829575,246.306610, 2.711309, 1.000000;;
                      }
                      Frame Armature_WingPinky05_R {
                        FrameTransformMatrix {
                          -0.445037, 0.367399, 0.816676, 0.000000,
                          -0.629793, 0.519924,-0.577096, 0.000000,
                          -0.636634,-0.771166, 0.000000, 0.000000,
                          21.847965,285.742279,-7.185406, 1.000000;;
                        }
                      } // End of Armature_WingPinky05_R
                    } // End of Armature_WingPinky04_R
                  } // End of Armature_WingPinky02_R
                } // End of Armature_WingPinky01_R
                Frame Armature_WingRing01_R {
                  FrameTransformMatrix {
                     0.903522,-0.422785,-0.070007, 0.000000,
                     0.425383, 0.904612, 0.026941, 0.000000,
                     0.051939,-0.054121, 0.997183, 0.000000,
                    39.982002,25.864395,-5.638649, 1.000000;;
                  }
                  Frame Armature_WingRing02_R {
                    FrameTransformMatrix {
                      -0.972431, 0.142168,-0.184844, 0.000000,
                       0.143713, 0.989606, 0.005081, 0.000000,
                       0.183645,-0.021624,-0.982755, 0.000000,
                       0.000069,199.690521,-0.000084, 1.000000;;
                    }
                    Frame Armature_WingRing04_R {
                      FrameTransformMatrix {
                         0.959316, 0.279678,-0.038642, 0.000000,
                        -0.279405, 0.960093, 0.012417, 0.000000,
                         0.040573,-0.001115, 0.999176, 0.000000,
                        -13.788986,362.526031, 6.754211, 1.000000;;
                      }
                      Frame Armature_WingRing05_R {
                        FrameTransformMatrix {
                          -0.501261, 0.161076, 0.850172, 0.000000,
                          -0.809408, 0.260096,-0.526506, 0.000000,
                          -0.305934,-0.952053, 0.000001, 0.000000,
                          23.869053,371.024078,-4.515555, 1.000000;;
                        }
                      } // End of Armature_WingRing05_R
                    } // End of Armature_WingRing04_R
                  } // End of Armature_WingRing02_R
                } // End of Armature_WingRing01_R
              } // End of Armature_Wing03_R
              Frame Armature_WingThumb01_R {
                FrameTransformMatrix {
                   0.009964, 0.000785, 0.000338, 0.000000,
                   0.000797,-0.009962,-0.000354, 0.000000,
                   0.000309, 0.000380,-0.009988, 0.000000,
                  92.549904,-148.258545,-3.857608, 1.000000;;
                }
              } // End of Armature_WingThumb01_R
            } // End of Armature_Wing02_R
          } // End of Armature_Wing01_R
        } // End of Armature_Spine02
      } // End of Armature_Spine01
      Frame Armature_UpperLeg_L {
        FrameTransformMatrix {
           0.622311,-0.045470,-0.781448, 0.000000,
          -0.716836, 0.367925,-0.592265, 0.000000,
           0.314444, 0.928743, 0.196369, 0.000000,
           6.620105,85.229698,-42.187756, 1.000000;;
        }
        Frame Armature_LowerLeg_L {
          FrameTransformMatrix {
             0.435230,-0.897342, 0.073166, 0.000000,
             0.884835, 0.411322,-0.218818, 0.000000,
             0.166260, 0.159976, 0.973019, 0.000000,
            -0.000002,179.437668, 0.000012, 1.000000;;
          }
          Frame Armature_Feet_L {
            FrameTransformMatrix {
               0.852796, 0.424199, 0.304622, 0.000000,
              -0.492706, 0.846902, 0.199997, 0.000000,
              -0.173146,-0.320645, 0.931239, 0.000000,
               0.000000,155.874420,-0.000019, 1.000000;;
            }
            Frame Armature_IndexToe01_L {
              FrameTransformMatrix {
                 0.877419, 0.460093,-0.135832, 0.000000,
                -0.479692, 0.844764,-0.237210, 0.000000,
                 0.005607, 0.273290, 0.961916, 0.000000,
                -3.430746,25.755121,-25.501047, 1.000000;;
              }
              Frame Armature_IndexToe02_L {
                FrameTransformMatrix {
                   0.858029, 0.513469, 0.011670, 0.000000,
                  -0.513602, 0.857807, 0.019496, 0.000000,
                   0.000000,-0.022721, 0.999742, 0.000000,
                  -2.437459,28.115873,-0.142574, 1.000000;;
                }
                Frame Armature_IndexToe03_L {
                  FrameTransformMatrix {
                     1.000000,-0.000001, 0.000000, 0.000000,
                     0.000000, 0.573462, 0.819232, 0.000000,
                    -0.000001,-0.819232, 0.573462, 0.000000,
                    -0.282464,27.569683,-1.050736, 1.000000;;
                  }
                } // End of Armature_IndexToe03_L
              } // End of Armature_IndexToe02_L
            } // End of Armature_IndexToe01_L
            Frame Armature_MiddleToe01_L {
              FrameTransformMatrix {
                 0.851030, 0.524200, 0.031017, 0.000000,
                -0.523710, 0.842947, 0.123156, 0.000000,
                 0.038413,-0.121054, 0.991902, 0.000000,
                -3.218632,31.106106,-5.303326, 1.000000;;
              }
              Frame Armature_MiddleToe02_L {
                FrameTransformMatrix {
                   0.809188, 0.587398, 0.013350, 0.000000,
                  -0.587550, 0.808979, 0.018386, 0.000000,
                   0.000000,-0.022721, 0.999742, 0.000000,
                   0.028374,36.646263, 0.243330, 1.000000;;
                }
                Frame Armature_MiddleToe03_L {
                  FrameTransformMatrix {
                     1.000000,-0.000000,-0.000001, 0.000000,
                     0.000000, 0.573462, 0.819232, 0.000000,
                     0.000000,-0.819232, 0.573462, 0.000000,
                    -0.189625,32.270287,-0.938953, 1.000000;;
                  }
                } // End of Armature_MiddleToe03_L
              } // End of Armature_MiddleToe02_L
            } // End of Armature_MiddleToe01_L
            Frame Armature_PinkyToe01_L {
              FrameTransformMatrix {
                 0.867209, 0.455882, 0.200298, 0.000000,
                -0.497856, 0.786249, 0.365994, 0.000000,
                 0.009365,-0.417113, 0.908807, 0.000000,
                -7.263599,23.997826,14.884001, 1.000000;;
              }
              Frame Armature_PinkyToe02_L {
                FrameTransformMatrix {
                   0.819770, 0.572545, 0.013012, 0.000000,
                  -0.572693, 0.819559, 0.018626, 0.000000,
                   0.000000,-0.022721, 0.999742, 0.000000,
                   0.028403,36.646278, 0.243317, 1.000000;;
                }
                Frame Armature_PinkyToe03_L {
                  FrameTransformMatrix {
                     1.000000, 0.000000, 0.000000, 0.000000,
