xof 0303txt 0032

Frame Root {
  FrameTransformMatrix {
     1.000000, 0.000000, 0.000000, 0.000000,
     0.000000,-0.000000,-1.000000, 0.000000,
     0.000000, 1.000000,-0.000000, 0.000000,
     0.000000, 0.000000, 0.000000, 1.000000;;
  }
  Frame Armature {
    FrameTransformMatrix {
       0.010000, 0.000000, 0.000000, 0.000000,
       0.000000,-0.000000, 0.010000, 0.000000,
       0.000000,-0.010000,-0.000000, 0.000000,
       0.000000, 8.028716, 0.000000, 1.000000;;
    }
    Frame Armature_Root {
      FrameTransformMatrix {
        -0.947032,-0.175480,-0.268956, 0.000000,
        -0.275148, 0.011496, 0.961333, 0.000000,
        -0.165603, 0.984416,-0.059171, 0.000000,
         0.000000,-192.086853,-1.617666, 1.000000;;
      }
      Frame Armature_Spine01 {
        FrameTransformMatrix {
          -0.278675,-0.018861, 0.960200, 0.000000,
           0.921975, 0.274676, 0.272976, 0.000000,
          -0.268892, 0.961352,-0.059156, 0.000000,
          97.524025,-0.000000,-0.000018, 1.000000;;
        }
        Frame Armature_Spine02 {
          FrameTransformMatrix {
            -0.990883, 0.132259, 0.025667, 0.000000,
             0.130485, 0.894693, 0.427198, 0.000000,
             0.033537, 0.426653,-0.903793, 0.000000,
            -0.000025,114.438347,-0.000000, 1.000000;;
          }
          Frame Armature_Chest {
            FrameTransformMatrix {
              -0.749980, 0.533032,-0.391672, 0.000000,
               0.654954, 0.681269,-0.326968, 0.000000,
               0.092549,-0.501746,-0.860050, 0.000000,
              18.667658,123.069160,-1.544903, 1.000000;;
            }
            Frame Armature_Neck01 {
              FrameTransformMatrix {
                 0.875126,-0.483895, 0.000000, 0.000000,
                 0.483895, 0.875126, 0.000000, 0.000000,
                -0.000000, 0.000000, 1.000000, 0.000000,
                 0.000000,126.849564, 0.000004, 1.000000;;
              }
              Frame Armature_Neck02 {
                FrameTransformMatrix {
                   0.889982,-0.455996, 0.000000, 0.000000,
                   0.455996, 0.889982,-0.000000, 0.000000,
                   0.000000,-0.000000, 1.000000, 0.000000,
                   0.000031,122.347191, 0.000023, 1.000000;;
                }
                Frame Armature_Neck03 {
                  FrameTransformMatrix {
                     0.960154,-0.279472, 0.000000, 0.000000,
                     0.279472, 0.960154, 0.000000, 0.000000,
                     0.000000, 0.000000, 1.000000, 0.000000,
                    -0.000023,112.527115, 0.000019, 1.000000;;
                  }
                  Frame Armature_Head {
                    FrameTransformMatrix {
                       0.768944,-0.261677, 0.583310, 0.000000,
                      -0.596831, 0.033235, 0.801678, 0.000000,
                      -0.229167,-0.964583,-0.130621, 0.000000,
                       0.000084,105.244087, 0.000034, 1.000000;;
                    }
                    Frame Armature_Eye_L {
                      FrameTransformMatrix {
                         1.000000, 0.000000, 0.000000, 0.000000,
                         0.000000, 1.000000,-0.000000, 0.000000,
                        -0.000000,-0.000000, 1.000000, 0.000000,
                        38.383717,65.654648,-19.017395, 1.000000;;
                      }
                    } // End of Armature_Eye_L
                    Frame Armature_Eye_R {
                      FrameTransformMatrix {
                         1.000000,-0.000000, 0.000000, 0.000000,
                        -0.000000,-1.000000, 0.000000, 0.000000,
                         0.000000,-0.000000,-1.000000, 0.000000,
                        -37.633698,65.696899,-18.222504, 1.000000;;
                      }
                    } // End of Armature_Eye_R
                    Frame Armature_Eye_Under_L {
                      FrameTransformMatrix {
                         1.000000, 0.000000, 0.000000, 0.000000,
                        -0.000000, 0.994467, 0.105049, 0.000000,
                        -0.000000,-0.105049, 0.994467, 0.000000,
                        27.910412,68.546997,-30.137608, 1.000000;;
                      }
                    } // End of Armature_Eye_Under_L
                    Frame Armature_Eye_Under_R {
                      FrameTransformMatrix {
                         0.983791,-0.179317, 0.000000, 0.000000,
                        -0.179317,-0.983791, 0.000000, 0.000000,
                         0.000000,-0.000000,-1.000000, 0.000000,
                        -31.522255,68.774971,-23.932678, 1.000000;;
                      }
                    } // End of Armature_Eye_Under_R
                    Frame Armature_Jaw01 {
                      FrameTransformMatrix {
                        -0.000000, 0.124976, 0.992160, 0.000000,
                         0.000000, 0.992160,-0.124976, 0.000000,
                        -1.000000, 0.000000,-0.000000, 0.000000,
                         0.000053,77.714111,41.943668, 1.000000;;
                      }
                      Frame Armature_Jaw02 {
                        FrameTransformMatrix {
                          -0.778933,-0.627108,-0.000001, 0.000000,
                           0.000001, 0.000000,-1.000000, 0.000000,
                           0.627108,-0.778933, 0.000000, 0.000000,
                           0.000011,131.770813, 0.000038, 1.000000;;
                        }
                      } // End of Armature_Jaw02
                    } // End of Armature_Jaw01
                    Frame Armature_Tongue01 {
                      FrameTransformMatrix {
                        -0.000003,-0.065750, 0.997836, 0.000000,
                         0.000000, 0.997836, 0.065750, 0.000000,
                        -1.000000, 0.000000,-0.000003, 0.000000,
                         0.000061,31.774956,21.651566, 1.000000;;
                      }
                      Frame Armature_Tongue02 {
                        FrameTransformMatrix {
                           0.999323,-0.036778,-0.000000, 0.000000,
                           0.036778, 0.999323,-0.000000, 0.000000,
                           0.000000, 0.000000, 1.000000, 0.000000,
                          -0.000025,53.169998,-0.000034, 1.000000;;
                        }
                        Frame Armature_Tongue03 {
                          FrameTransformMatrix {
                             0.999072,-0.043065, 0.000000, 0.000000,
                             0.043065, 0.999072,-0.000000, 0.000000,
                            -0.000000, 0.000000, 1.000000, 0.000000,
                             0.000031,46.743256, 0.000069, 1.000000;;
                          }
                          Frame Armature_Tongue04 {
                            FrameTransformMatrix {
                              -0.962206,-0.272321,-0.000001, 0.000000,
                               0.000000, 0.000003,-1.000000, 0.000000,
                               0.272322,-0.962206,-0.000003, 0.000000,
                               0.000003,54.003998, 0.000023, 1.000000;;
                            }
                          } // End of Armature_Tongue04
                        } // End of Armature_Tongue03
                      } // End of Armature_Tongue02
                    } // End of Armature_Tongue01
                    Frame Armature_UpperMouth01 {
                      FrameTransformMatrix {
                        -0.000003, 0.094764,-0.995500, 0.000000,
                         0.000000, 0.995500, 0.094764, 0.000000,
                         1.000000,-0.000000,-0.000003, 0.000000,
                         0.000061,97.247612,-15.644043, 1.000000;;
                      }
                      Frame Armature_UpperMouth02 {
                        FrameTransformMatrix {
                           0.995693, 0.092716,-0.000000, 0.000000,
                          -0.000000, 0.000003, 1.000000, 0.000000,
                           0.092716,-0.995693, 0.000002, 0.000000,
                          -0.000025,97.058762, 0.000019, 1.000000;;
                        }
                      } // End of Armature_UpperMouth02
                    } // End of Armature_UpperMouth01
                  } // End of Armature_Head
                } // End of Armature_Neck03
              } // End of Armature_Neck02
            } // End of Armature_Neck01
            Frame Armature_UpperArm_L {
              FrameTransformMatrix {
                 0.926297,-0.362426,-0.103058, 0.000000,
                 0.343754, 0.700849, 0.625015, 0.000000,
                -0.154294,-0.614376, 0.773780, 0.000000,
                -32.905876,-19.313084,82.735840, 1.000000;;
              }
              Frame Armature_LowerArm_L {
                FrameTransformMatrix {
                   0.988921, 0.146375, 0.024688, 0.000000,
                  -0.022466, 0.311981,-0.949823, 0.000000,
                  -0.146733, 0.938745, 0.311813, 0.000000,
                  -0.000001,176.291092, 0.000005, 1.000000;;
                }
                Frame Armature_Hand_L {
                  FrameTransformMatrix {
                     0.927442,-0.038956,-0.371932, 0.000000,
                     0.158311, 0.941945, 0.296102, 0.000000,
                     0.338805,-0.333499, 0.879767, 0.000000,
                     0.000002,171.877747, 0.000015, 1.000000;;
                  }
                  Frame Armature_Index01_L {
                    FrameTransformMatrix {
                       0.999777,-0.020721, 0.004106, 0.000000,
                       0.020953, 0.948051,-0.317428, 0.000000,
                       0.002685, 0.317443, 0.948273, 0.000000,
                      -5.378085,55.339211,-24.943506, 1.000000;;
                    }
                    Frame Armature_Index02_L {
                      FrameTransformMatrix {
                         1.000000,-0.000001,-0.000000, 0.000000,
                         0.000001, 0.999241, 0.038961, 0.000000,
                         0.000000,-0.038961, 0.999241, 0.000000,
                        -2.207193,39.770630,-0.317774, 1.000000;;
                      }
                      Frame Armature_Index03_L {
                        FrameTransformMatrix {
                           1.000000, 0.000000, 0.000000, 0.000000,
                          -0.000000, 0.573462, 0.819232, 0.000000,
                           0.000000,-0.819232, 0.573462, 0.000000,
                          -0.282505,27.569714,-1.050682, 1.000000;;
                        }
                      } // End of Armature_Index03_L
                    } // End of Armature_Index02_L
                  } // End of Armature_Index01_L
                  Frame Armature_Middle01_L {
                    FrameTransformMatrix {
                       0.997438, 0.064516,-0.030903, 0.000000,
                      -0.066262, 0.996038,-0.059304, 0.000000,
                       0.026954, 0.061200, 0.997761, 0.000000,
                      -5.274552,61.946541, 2.297050, 1.000000;;
                    }
                    Frame Armature_Middle02_L {
                      FrameTransformMatrix {
                         1.000000,-0.000000, 0.000000, 0.000000,
                         0.000000, 0.999742, 0.022722, 0.000000,
                        -0.000000,-0.022722, 0.999742, 0.000000,
                         0.726936,43.116882, 0.768633, 1.000000;;
                      }
                      Frame Armature_Middle3_L {
                        FrameTransformMatrix {
                           1.000000,-0.000000,-0.000000, 0.000000,
                           0.000000, 0.573463, 0.819232, 0.000000,
                           0.000000,-0.819232, 0.573463, 0.000000,
                          -0.189639,32.270264,-0.938952, 1.000000;;
                        }
                      } // End of Armature_Middle3_L
                    } // End of Armature_Middle02_L
                  } // End of Armature_Middle01_L
                  Frame Armature_Pinky01_L {
                    FrameTransformMatrix {
                       0.999960,-0.006735,-0.005891, 0.000000,
                       0.007900, 0.973667, 0.227837, 0.000000,
                       0.004202,-0.227874, 0.973682, 0.000000,
                      -9.550751,54.729012,28.829329, 1.000000;;
                    }
                    Frame Armature_Pinky02_L {
                      FrameTransformMatrix {
                         1.000000, 0.000001, 0.000000, 0.000000,
                        -0.000001, 0.999742, 0.022722, 0.000000,
                        -0.000000,-0.022722, 0.999742, 0.000000,
                         0.112918,39.613949, 0.562975, 1.000000;;
                      }
                      Frame Armature_Pinky03_L {
                        FrameTransformMatrix {
                           1.000000,-0.000001,-0.000000, 0.000000,
                           0.000001, 0.573463, 0.819232, 0.000000,
                          -0.000000,-0.819232, 0.573463, 0.000000,
                          -0.189575,32.270206,-0.938984, 1.000000;;
                        }
                      } // End of Armature_Pinky03_L
                    } // End of Armature_Pinky02_L
                  } // End of Armature_Pinky01_L
                  Frame Armature_Thumb01_L {
                    FrameTransformMatrix {
                       0.999761,-0.019929, 0.008856, 0.000000,
                      -0.020674,-0.995352, 0.094054, 0.000000,
                       0.006948,-0.094215,-0.995510, 0.000000,
                      -12.599388,-25.391672, 3.054234, 1.000000;;
                    }
                    Frame Armature_Thumb02_L {
                      FrameTransformMatrix {
                         1.000000,-0.000000, 0.000000, 0.000000,
                         0.000000, 0.999742, 0.022722, 0.000000,
                        -0.000000,-0.022722, 0.999742, 0.000000,
                        -1.729830,36.609940, 0.235094, 1.000000;;
                      }
                    } // End of Armature_Thumb02_L
                  } // End of Armature_Thumb01_L
                } // End of Armature_Hand_L
              } // End of Armature_LowerArm_L
            } // End of Armature_UpperArm_L
            Frame Armature_UpperArm_R {
              FrameTransformMatrix {
                 0.785781,-0.114193,-0.607871, 0.000000,
                -0.252773, 0.837695,-0.484121, 0.000000,
                 0.564494, 0.534066, 0.629380, 0.000000,
                -32.906059,-19.313015,-82.735809, 1.000000;;
              }
              Frame Armature_RowerArm_R {
                FrameTransformMatrix {
                   0.987543, 0.157336,-0.001874, 0.000000,
                  -0.022163, 0.150878, 0.988304, 0.000000,
                   0.155778,-0.975952, 0.152485, 0.000000,
                  -0.000001,176.291245, 0.000008, 1.000000;;
                }
                Frame Armature_Hand_R {
                  FrameTransformMatrix {
                     0.825433,-0.033532, 0.563503, 0.000000,
                     0.295383, 0.876321,-0.380539, 0.000000,
                    -0.481049, 0.480559, 0.733250, 0.000000,
                    -0.000041,171.877319, 0.000010, 1.000000;;
                  }
                  Frame Armature_Index01_R {
                    FrameTransformMatrix {
                       0.997907, 0.017385, 0.062277, 0.000000,
                      -0.035634, 0.951574, 0.305348, 0.000000,
                      -0.053953,-0.306928, 0.950202, 0.000000,
                      -4.365404,56.017769,23.587971, 1.000000;;
                    }
                    Frame Armature_Index02_R {
                      FrameTransformMatrix {
                         0.999593,-0.027995, 0.005411, 0.000000,
                         0.028227, 0.998395,-0.049106, 0.000000,
                        -0.004028, 0.049239, 0.998779, 0.000000,
                         0.922268,39.822792,-0.089692, 1.000000;;
                      }
                      Frame Armature_Index03_R {
                        FrameTransformMatrix {
                          -0.998719, 0.050615, 0.000000, 0.000000,
                          -0.029026,-0.572727, 0.819231, 0.000000,
                           0.041466, 0.818181, 0.573463, 0.000000,
                           1.113301,27.548426, 1.050580, 1.000000;;
                        }
                      } // End of Armature_Index03_R
                    } // End of Armature_Index02_R
                  } // End of Armature_Index01_R
                  Frame Armature_Middle01_R {
                    FrameTransformMatrix {
                       0.996970,-0.001895, 0.077762, 0.000000,
                      -0.001156, 0.999232, 0.039176, 0.000000,
                      -0.077777,-0.039147, 0.996202, 0.000000,
                      -2.675724,62.042641,-3.734699, 1.000000;;
                    }
                    Frame Armature_Middle02_R {
                      FrameTransformMatrix {
                         0.996393, 0.022485,-0.081820, 0.000000,
                        -0.023886, 0.999584,-0.016189, 0.000000,
                         0.081422, 0.018085, 0.996516, 0.000000,
                        -0.485389,43.120781,-0.768954, 1.000000;;
                      }
                      Frame Armature_Middle3_R {
                        FrameTransformMatrix {
                          -0.996632,-0.004223,-0.081897, 0.000000,
                          -0.065008,-0.568093, 0.820393, 0.000000,
                          -0.049990, 0.822954, 0.565905, 0.000000,
                          -0.384458,32.274986, 0.699817, 1.000000;;
                        }
                      } // End of Armature_Middle3_R
                    } // End of Armature_Middle02_R
                  } // End of Armature_Middle01_R
                  Frame Armature_Pinky01_R {
                    FrameTransformMatrix {
                       0.994406,-0.070278, 0.078849, 0.000000,
                       0.089690, 0.956109,-0.278948, 0.000000,
                      -0.055784, 0.284459, 0.957064, 0.000000,
                      -5.944208,54.442410,-30.303274, 1.000000;;
                    }
                    Frame Armature_Pinky02_R {
                      FrameTransformMatrix {
                         1.000000,-0.000001, 0.000000, 0.000000,
                         0.000001, 0.999460, 0.032845, 0.000000,
                        -0.000000,-0.032845, 0.999460, 0.000000,
                        -1.077934,39.593880, 0.897214, 1.000000;;
                      }
                      Frame Armature_Pinky03_R {
                        FrameTransformMatrix {
                           1.000000, 0.000000,-0.000001, 0.000000,
                           0.000001,-0.523353, 0.852116, 0.000000,
                           0.000000,-0.852116,-0.523353, 0.000000,
                          -1.148822,32.262260, 0.339680, 1.000000;;
                        }
                      } // End of Armature_Pinky03_R
                    } // End of Armature_Pinky02_R
                  } // End of Armature_Pinky01_R
                  Frame Armature_Thumb01_R {
                    FrameTransformMatrix {
                       0.988792,-0.145408, 0.034080, 0.000000,
                      -0.142359,-0.986638,-0.079240, 0.000000,
                       0.045154, 0.073498,-0.996275, 0.000000,
                      -13.441551,-24.940058,-3.187935, 1.000000;;
                    }
                    Frame Armature_Thumb02_R {
                      FrameTransformMatrix {
                        -0.996216, 0.086926,-0.000001, 0.000000,
                        -0.086904,-0.995957, 0.022722, 0.000000,
                         0.001975, 0.022636, 0.999742, 0.000000,
                         1.459139,36.621071,-0.234871, 1.000000;;
                      }
                    } // End of Armature_Thumb02_R
                  } // End of Armature_Thumb01_R
                } // End of Armature_Hand_R
              } // End of Armature_RowerArm_R
            } // End of Armature_UpperArm_R
          } // End of Armature_Chest
          Frame Armature_Wing01_L {
            FrameTransformMatrix {
              -0.569731, 0.574820,-0.587357, 0.000000,
              -0.601678,-0.778576,-0.178335, 0.000000,
              -0.559813, 0.251797, 0.789435, 0.000000,
              -56.105671,20.234089,-89.395546, 1.000000;;
            }
            Frame Armature_Wing02_L {
              FrameTransformMatrix {
                -0.921760,-0.387025, 0.023883, 0.000000,
                 0.386697,-0.922045,-0.017277, 0.000000,
                 0.028708,-0.006690, 0.999565, 0.000000,
                -0.000001,299.243958, 0.000000, 1.000000;;
              }
              Frame Armature_Wing03_L {
                FrameTransformMatrix {
                   0.187523, 0.982222,-0.008651, 0.000000,
                   0.268835,-0.059792,-0.961328, 0.000000,
                  -0.944755, 0.177945,-0.275268, 0.000000,
                   0.000008,468.655151,-0.000069, 1.000000;;
                }
                Frame Armature_WingIndex01_L {
                  FrameTransformMatrix {
                     0.707360, 0.706843, 0.003759, 0.000000,
                    -0.706849, 0.707365, 0.000079, 0.000000,
                    -0.002603,-0.002713, 0.999993, 0.000000,
                     0.000019,40.398331, 0.000027, 1.000000;;
                  }
                  Frame Armature_WingIndex02_L {
                    FrameTransformMatrix {
                       0.957455, 0.284942,-0.045698, 0.000000,
                      -0.286235, 0.957841,-0.024698, 0.000000,
                       0.036734, 0.036728, 0.998650, 0.000000,
                       0.000027,209.264511,-0.000015, 1.000000;;
                    }
                    Frame Armature_WingIndex03_L {
                      FrameTransformMatrix {
                         0.479600, 0.259207, 0.838329, 0.000000,
                         0.737507, 0.398596,-0.545165, 0.000000,
                        -0.475465, 0.879735, 0.000000, 0.000000,
                         0.000045,228.365158, 0.000017, 1.000000;;
                      }
                    } // End of Armature_WingIndex03_L
                  } // End of Armature_WingIndex02_L
                } // End of Armature_WingIndex01_L
                Frame Armature_WingMiddle01_L {
                  FrameTransformMatrix {
                     0.526401, 0.850100, 0.015245, 0.000000,
                    -0.850168, 0.526502,-0.003255, 0.000000,
                    -0.010793,-0.011248, 0.999879, 0.000000,
                    -18.335577,37.623703,-3.889065, 1.000000;;
                  }
                  Frame Armature_WingMiddle02_L {
                    FrameTransformMatrix {
                       0.992900, 0.117832,-0.016290, 0.000000,
                      -0.117914, 0.993015,-0.004138, 0.000000,
                       0.015688, 0.006029, 0.999859, 0.000000,
                       0.000015,205.206177,-0.000006, 1.000000;;
                    }
                    Frame Armature_WingMiddle04_L {
                      FrameTransformMatrix {
                        -0.946809,-0.303649, 0.106535, 0.000000,
                        -0.304713, 0.952421, 0.006532, 0.000000,
                        -0.103449,-0.026278,-0.994287, 0.000000,
                        -7.270264,370.676117,-3.474411, 1.000000;;
                      }
                      Frame Armature_WingMiddle05_L {
                        FrameTransformMatrix {
                          -0.493034,-0.030230,-0.869484, 0.000000,
                          -0.867855,-0.053212, 0.493960, 0.000000,
                          -0.061199, 0.998126, 0.000000, 0.000000,
                          -31.631292,539.507385,-7.139750, 1.000000;;
                        }
                      } // End of Armature_WingMiddle05_L
                    } // End of Armature_WingMiddle04_L
                  } // End of Armature_WingMiddle02_L
                } // End of Armature_WingMiddle01_L
                Frame Armature_WingPinky01_L {
                  FrameTransformMatrix {
                    -0.252965,-0.964142, 0.080241, 0.000000,
                    -0.965387, 0.256996, 0.044509, 0.000000,
                    -0.063534,-0.066204,-0.995781, 0.000000,
                    -61.174347,16.226555,-8.790390, 1.000000;;
                  }
                  Frame Armature_WingPinky02_L {
                    FrameTransformMatrix {
                       0.977515,-0.197933, 0.072713, 0.000000,
                       0.195876, 0.980022, 0.034484, 0.000000,
                      -0.078086,-0.019466, 0.996756, 0.000000,
                       0.000021,195.337540, 0.000011, 1.000000;;
                    }
                    Frame Armature_WingPinky04_L {
                      FrameTransformMatrix {
                         0.969579,-0.244774, 0.001311, 0.000000,
                         0.244773, 0.969580, 0.001083, 0.000000,
                        -0.001536,-0.000729, 0.999999, 0.000000,
                         0.229252,253.069839, 3.635035, 1.000000;;
                      }
                      Frame Armature_WingPinky05_L {
                        FrameTransformMatrix {
                          -0.445038,-0.367401,-0.816675, 0.000000,
                          -0.629791,-0.519924, 0.577098, 0.000000,
                          -0.636635, 0.771165, 0.000000, 0.000000,
                          -10.885765,281.533875,-8.118970, 1.000000;;
                        }
                      } // End of Armature_WingPinky05_L
                    } // End of Armature_WingPinky04_L
                  } // End of Armature_WingPinky02_L
                } // End of Armature_WingPinky01_L
                Frame Armature_WingRing01_L {
                  FrameTransformMatrix {
                     0.413673, 0.907668, 0.070799, 0.000000,
                    -0.908943, 0.416185,-0.024750, 0.000000,
                    -0.051930,-0.054114, 0.997184, 0.000000,
                    -39.982124,25.864677,-5.638329, 1.000000;;
                  }
                  Frame Armature_WingRing02_L {
                    FrameTransformMatrix {
                      -0.972438,-0.142164, 0.184806, 0.000000,
                      -0.143708, 0.989607, 0.005080, 0.000000,
                      -0.183607,-0.021618,-0.982762, 0.000000,
                      -0.000018,199.690048, 0.000022, 1.000000;;
                    }
                    Frame Armature_WingRing04_L {
                      FrameTransformMatrix {
                         0.959317,-0.279679, 0.038613, 0.000000,
                         0.279406, 0.960093, 0.012408, 0.000000,
                        -0.040543,-0.001115, 0.999177, 0.000000,
                        14.586159,326.020935, 6.447876, 1.000000;;
                      }
                      Frame Armature_WingRing05_L {
                        FrameTransformMatrix {
                          -0.501266,-0.161078,-0.850169, 0.000000,
                          -0.809406,-0.260096, 0.526510, 0.000000,
                          -0.305934, 0.952053, 0.000000, 0.000000,
                          -34.832024,405.853363,-4.218770, 1.000000;;
                        }
                      } // End of Armature_WingRing05_L
                    } // End of Armature_WingRing04_L
                  } // End of Armature_WingRing02_L
                } // End of Armature_WingRing01_L
              } // End of Armature_Wing03_L
              Frame Armature_WingThumb01_L {
                FrameTransformMatrix {
                   0.009963,-0.000785,-0.000338, 0.000000,
                  -0.000797,-0.009962,-0.000354, 0.000000,
                  -0.000308, 0.000380,-0.009988, 0.000000,
                  22.585945,-147.901886,-4.446350, 1.000000;;
                }
              } // End of Armature_WingThumb01_L
            } // End of Armature_Wing02_L
          } // End of Armature_Wing01_L
          Frame Armature_Wing01_R {
            FrameTransformMatrix {
               0.583985,-0.523539,-0.620377, 0.000000,
              -0.715008,-0.693588,-0.087743, 0.000000,
              -0.384350, 0.494815,-0.779380, 0.000000,
              -56.106026,20.234137,89.395615, 1.000000;;
            }
            Frame Armature_Wing02_R {
              FrameTransformMatrix {
                -0.935632, 0.352203,-0.023372, 0.000000,
                -0.351871,-0.935891,-0.017208, 0.000000,
                -0.027934,-0.007877, 0.999579, 0.000000,
                 0.000008,299.244171, 0.000002, 1.000000;;
              }
              Frame Armature_Wing03_R {
                FrameTransformMatrix {
                  -0.024803,-0.966828,-0.254221, 0.000000,
                  -0.374915, 0.244735,-0.894172, 0.000000,
                   0.926727, 0.073133,-0.368549, 0.000000,
                   0.000031,468.655060, 0.000004, 1.000000;;
                }
                Frame Armature_WingIndex01_R {
                  FrameTransformMatrix {
                     0.715753,-0.698343,-0.003768, 0.000000,
                     0.698348, 0.715758, 0.000124, 0.000000,
                     0.002611,-0.002720, 0.999993, 0.000000,
                     0.000022,40.397999, 0.000000, 1.000000;;
                  }
                  Frame Armature_WingIndex02_R {
                    FrameTransformMatrix {
                       0.957453,-0.284947, 0.045705, 0.000000,
                       0.286241, 0.957839,-0.024702, 0.000000,
                      -0.036739, 0.036733, 0.998650, 0.000000,
                      -0.000023,209.265289,-0.000008, 1.000000;;
                    }
                    Frame Armature_WingIndex03_R {
                      FrameTransformMatrix {
                         0.479598,-0.259204,-0.838331, 0.000000,
                         0.737510,-0.398595, 0.545162, 0.000000,
                        -0.475463,-0.879736, 0.000000, 0.000000,
                         0.000008,228.364532, 0.000000, 1.000000;;
                      }
                    } // End of Armature_WingIndex03_R
                  } // End of Armature_WingIndex02_R
                } // End of Armature_WingIndex01_R
                Frame Armature_WingMiddle01_R {
                  FrameTransformMatrix {
                     0.518918,-0.854688,-0.015223, 0.000000,
                     0.854756, 0.519020,-0.003391, 0.000000,
                     0.010799,-0.011252, 0.999878, 0.000000,
                    18.335297,37.623665,-3.888885, 1.000000;;
                  }
                  Frame Armature_WingMiddle02_R {
                    FrameTransformMatrix {
                       0.992900,-0.117831, 0.016295, 0.000000,
                       0.117912, 0.993016,-0.004139, 0.000000,
                      -0.015694, 0.006031, 0.999859, 0.000000,
                       0.000015,205.206314, 0.000008, 1.000000;;
                    }
                    Frame Armature_WingMiddle04_R {
                      FrameTransformMatrix {
                        -0.946811, 0.303651,-0.106511, 0.000000,
                         0.304716, 0.952421, 0.006531, 0.000000,
                         0.103426,-0.026272,-0.994290, 0.000000,
                         4.796537,414.726624,-2.164389, 1.000000;;
                      }
                      Frame Armature_WingMiddle05_R {
                        FrameTransformMatrix {
                          -0.493050, 0.030231, 0.869476, 0.000000,
                          -0.867846, 0.053211,-0.493976, 0.000000,
                          -0.061200,-0.998125, 0.000000, 0.000000,
                          16.053276,498.297821,-4.424026, 1.000000;;
                        }
                      } // End of Armature_WingMiddle05_R
                    } // End of Armature_WingMiddle04_R
                  } // End of Armature_WingMiddle02_R
                } // End of Armature_WingMiddle01_R
                Frame Armature_WingPinky01_R {
                  FrameTransformMatrix {
                    -0.247278, 0.965639,-0.079969, 0.000000,
                     0.966860, 0.251316, 0.044976, 0.000000,
                     0.063528,-0.066198,-0.995782, 0.000000,
                    61.174286,16.226696,-8.790668, 1.000000;;
                  }
                  Frame Armature_WingPinky02_R {
                    FrameTransformMatrix {
                       0.977515, 0.197936,-0.072710, 0.000000,
                      -0.195878, 0.980022, 0.034484, 0.000000,
                       0.078083,-0.019466, 0.996757, 0.000000,
                       0.000015,195.337830, 0.000004, 1.000000;;
                    }
                    Frame Armature_WingPinky04_R {
                      FrameTransformMatrix {
                         0.969580, 0.244773,-0.001310, 0.000000,
                        -0.244772, 0.969580, 0.001081, 0.000000,
                         0.001535,-0.000728, 0.999999, 0.000000,
                        -9.829628,246.306534, 2.711315, 1.000000;;
                      }
                      Frame Armature_WingPinky05_R {
                        FrameTransformMatrix {
                          -0.445037, 0.367399, 0.816676, 0.000000,
                          -0.629793, 0.519924,-0.577096, 0.000000,
                          -0.636634,-0.771166, 0.000000, 0.000000,
                          21.847874,285.742310,-7.185270, 1.000000;;
                        }
                      } // End of Armature_WingPinky05_R
                    } // End of Armature_WingPinky04_R
                  } // End of Armature_WingPinky02_R
                } // End of Armature_WingPinky01_R
                Frame Armature_WingRing01_R {
                  FrameTransformMatrix {
                     0.410745,-0.909003,-0.070729, 0.000000,
                     0.910270, 0.413261,-0.024983, 0.000000,
                     0.051939,-0.054121, 0.997183, 0.000000,
                    39.982079,25.864460,-5.638618, 1.000000;;
                  }
                  Frame Armature_WingRing02_R {
                    FrameTransformMatrix {
                      -0.972431, 0.142168,-0.184844, 0.000000,
                       0.143713, 0.989606, 0.005081, 0.000000,
                       0.183645,-0.021624,-0.982755, 0.000000,
                       0.000008,199.690613,-0.000019, 1.000000;;
                    }
                    Frame Armature_WingRing04_R {
                      FrameTransformMatrix {
                         0.959316, 0.279678,-0.038642, 0.000000,
                        -0.279405, 0.960093, 0.012417, 0.000000,
                         0.040573,-0.001115, 0.999176, 0.000000,
                        -13.788971,362.526154, 6.754232, 1.000000;;
                      }
                      Frame Armature_WingRing05_R {
                        FrameTransformMatrix {
                          -0.501261, 0.161076, 0.850172, 0.000000,
                          -0.809408, 0.260096,-0.526506, 0.000000,
                          -0.305934,-0.952053, 0.000000, 0.000000,
                          23.868988,371.024048,-4.515320, 1.000000;;
                        }
                      } // End of Armature_WingRing05_R
                    } // End of Armature_WingRing04_R
                  } // End of Armature_WingRing02_R
                } // End of Armature_WingRing01_R
              } // End of Armature_Wing03_R
              Frame Armature_WingThumb01_R {
                FrameTransformMatrix {
                   0.009964, 0.000785, 0.000338, 0.000000,
                   0.000797,-0.009962,-0.000354, 0.000000,
                   0.000309, 0.000380,-0.009988, 0.000000,
                  -27.368141,-152.163559,-4.530585, 1.000000;;
                }
              } // End of Armature_WingThumb01_R
            } // End of Armature_Wing02_R
          } // End of Armature_Wing01_R
        } // End of Armature_Spine02
      } // End of Armature_Spine01
      Frame Armature_UpperLeg_L {
        FrameTransformMatrix {
           0.077377, 0.913974,-0.398327, 0.000000,
          -0.990954, 0.114442, 0.070094, 0.000000,
           0.109650, 0.389300, 0.914561, 0.000000,
           6.620117,85.229698,-42.187740, 1.000000;;
        }
        Frame Armature_LowerLeg_L {
          FrameTransformMatrix {
            -0.662024,-0.712640, 0.232098, 0.000000,
             0.679336,-0.701374,-0.215816, 0.000000,
             0.316587, 0.014797, 0.948448, 0.000000,
             0.000019,179.437607,-0.000015, 1.000000;;
          }
          Frame Armature_Feet_L {
            FrameTransformMatrix {
               0.311405,-0.602606, 0.734774, 0.000000,
               0.525451, 0.753453, 0.395233, 0.000000,
              -0.791788, 0.263011, 0.551269, 0.000000,
              -0.000005,155.874405, 0.000027, 1.000000;;
            }
            Frame Armature_IndexToe01_L {
              FrameTransformMatrix {
                 0.999886,-0.015004,-0.001566, 0.000000,
                 0.014004, 0.961815,-0.273343, 0.000000,
                 0.005607, 0.273290, 0.961916, 0.000000,
                -3.430771,25.755127,-25.501060, 1.000000;;
              }
              Frame Armature_IndexToe02_L {
                FrameTransformMatrix {
                   1.000000, 0.000000,-0.000000, 0.000000,
                  -0.000000, 0.999742, 0.022721, 0.000000,
                   0.000000,-0.022721, 0.999742, 0.000000,
                  -2.437468,28.115870,-0.142605, 1.000000;;
                }
                Frame Armature_IndexToe03_L {
                  FrameTransformMatrix {
                     1.000000,-0.000001, 0.000000, 0.000000,
                     0.000000, 0.573462, 0.819232, 0.000000,
                    -0.000001,-0.819232, 0.573462, 0.000000,
                    -0.282491,27.569695,-1.050737, 1.000000;;
                  }
                } // End of Armature_IndexToe03_L
              } // End of Armature_IndexToe02_L
            } // End of Armature_IndexToe01_L
            Frame Armature_MiddleToe01_L {
              FrameTransformMatrix {
                 0.996910, 0.072713,-0.029733, 0.000000,
                -0.068525, 0.989979, 0.123473, 0.000000,
                 0.038413,-0.121054, 0.991902, 0.000000,
                -3.218615,31.106087,-5.303361, 1.000000;;
              }
              Frame Armature_MiddleToe02_L {
                FrameTransformMatrix {
                   1.000000,-0.000000,-0.000000, 0.000000,
                   0.000000, 0.999742, 0.022721, 0.000000,
                   0.000000,-0.022721, 0.999742, 0.000000,
                   0.028371,36.646278, 0.243303, 1.000000;;
                }
                Frame Armature_MiddleToe03_L {
                  FrameTransformMatrix {
                     1.000000, 0.000000,-0.000001, 0.000000,
                     0.000000, 0.573462, 0.819232, 0.000000,
                     0.000000,-0.819232, 0.573462, 0.000000,
                    -0.189632,32.270271,-0.938984, 1.000000;;
                  }
                } // End of Armature_MiddleToe03_L
              } // End of Armature_MiddleToe02_L
            } // End of Armature_MiddleToe01_L
            Frame Armature_PinkyToe01_L {
              FrameTransformMatrix {
                 0.999946,-0.000272,-0.010429, 0.000000,
                 0.004597, 0.908855, 0.417088, 0.000000,
                 0.009365,-0.417113, 0.908807, 0.000000,
                -7.263569,23.997841,14.883978, 1.000000;;
              }
              Frame Armature_PinkyToe02_L {
                FrameTransformMatrix {
                   1.000000, 0.000000,-0.000000, 0.000000,
                  -0.000000, 0.999742, 0.022721, 0.000000,
                   0.000000,-0.022722, 0.999742, 0.000000,
                   0.028385,36.646282, 0.243309, 1.000000;;
                }
                Frame Armature_PinkyToe03_L {
                  FrameTransformMatrix {
                     1.000000, 0.000000, 0.000000, 0.000000,
