xof 0303txt 0032

template XSkinMeshHeader {
  <3cf169ce-ff7c-44ab-93c0-f78f62d172e2>
  WORD nMaxSkinWeightsPerVertex;
  WORD nMaxSkinWeightsPerFace;
  WORD nBones;
}

template SkinWeights {
  <6f0d123b-bad2-4167-a0d0-80224f25fabb>
  STRING transformNodeName;
  DWORD nWeights;
  array DWORD vertexIndices[nWeights];
  array float weights[nWeights];
  Matrix4x4 matrixOffset;
}

Frame Root {
  FrameTransformMatrix {
     1.000000, 0.000000, 0.000000, 0.000000,
     0.000000,-0.000000,-1.000000, 0.000000,
     0.000000, 1.000000,-0.000000, 0.000000,
     0.000000, 0.000000, 0.000000, 1.000000;;
  }
  Frame Armature {
    FrameTransformMatrix {
       0.010000, 0.000000, 0.000000, 0.000000,
       0.000000, 0.010000, 0.000000, 0.000000,
       0.000000, 0.000000, 0.010000, 0.000000,
       0.000000, 0.000000, 0.000000, 1.000000;;
    }
    Frame Armature_Root {
      FrameTransformMatrix {
        -0.000000, 0.732108, 0.681188, 0.000000,
        -0.000000,-0.681188, 0.732108, 0.000000,
         1.000000, 0.000000, 0.000000, 0.000000,
        -0.000000,18.880455,125.189499, 1.000000;;
      }
      Frame Armature_Body {
        FrameTransformMatrix {
          -0.672246,-0.740328,-0.000000, 0.000000,
           0.740328,-0.672246, 0.000000, 0.000000,
          -0.000000,-0.000000, 1.000000, 0.000000,
           0.000005,27.693785,-0.000000, 1.000000;;
        }
        Frame Armature_BottomBodyCTRL {
          FrameTransformMatrix {
            -0.000000, 0.000000, 1.000000, 0.000000,
             0.012146, 0.999926, 0.000000, 0.000000,
            -0.999926, 0.012146,-0.000000, 0.000000,
            33.016666,-0.000009, 0.000000, 1.000000;;
          }
        } // End of Armature_BottomBodyCTRL
        Frame Armature_EyeCTRL {
          FrameTransformMatrix {
            -0.999112, 0.044514,-0.000000, 0.000000,
            -0.044514,-0.999009, 0.000000, 0.000000,
            -0.000000, 0.000000, 1.000000, 0.000000,
            -0.859377,-18.079184,-0.000000, 1.000000;;
          }
          Frame Armature_EyeBallCTRL {
            FrameTransformMatrix {
               0.032376,-0.999476,-0.000000, 0.000000,
              -0.000000,-0.000000, 1.000000, 0.000000,
              -0.999476,-0.032376,-0.000000, 0.000000,
              -0.000014,12.242519, 0.000000, 1.000000;;
            }
          } // End of Armature_EyeBallCTRL
          Frame Armature_LowerEyelidCTRL {
            FrameTransformMatrix {
               0.032376,-0.999476,-0.000000, 0.000000,
              -0.000000,-0.000000, 1.000000, 0.000000,
              -0.999476,-0.032376,-0.000000, 0.000000,
              -0.000005,12.597342, 0.000000, 1.000000;;
            }
          } // End of Armature_LowerEyelidCTRL
          Frame Armature_UpperEyelidCTRL {
            FrameTransformMatrix {
               0.032376,-0.999476,-0.000000, 0.000000,
              -0.000000,-0.000000, 1.000000, 0.000000,
              -0.999476,-0.032376,-0.000000, 0.000000,
              -0.000005,12.597342, 0.000000, 1.000000;;
            }
          } // End of Armature_UpperEyelidCTRL
        } // End of Armature_EyeCTRL
        Frame Armature_LeftBodyCTRL {
          FrameTransformMatrix {
            -0.000000, 0.000000, 1.000000, 0.000000,
             0.012146, 0.999926, 0.000000, 0.000000,
            -0.999926, 0.012146,-0.000000, 0.000000,
            -0.598636,-0.008506,33.650478, 1.000000;;
          }
        } // End of Armature_LeftBodyCTRL
        Frame Armature_Process01 {
          FrameTransformMatrix {
            -0.988296, 0.012005, 0.152077, 0.000000,
             0.016223, 0.999517, 0.026523, 0.000000,
            -0.151685, 0.028680,-0.988013, 0.000000,
            -41.532021,-6.365072, 8.697648, 1.000000;;
          }
        } // End of Armature_Process01
        Frame Armature_Process02 {
          FrameTransformMatrix {
             0.277334, 0.441454, 0.853349, 0.000000,
             0.010771, 0.886705,-0.462211, 0.000000,
            -0.960714, 0.137378, 0.241158, 0.000000,
             7.566954,18.773947,38.804436, 1.000000;;
          }
        } // End of Armature_Process02
        Frame Armature_Process03 {
          FrameTransformMatrix {
             0.900869, 0.426892, 0.078726, 0.000000,
            -0.430445, 0.901945, 0.034813, 0.000000,
            -0.056145,-0.065249, 0.996288, 0.000000,
            37.941002,18.159901, 6.916867, 1.000000;;
          }
        } // End of Armature_Process03
        Frame Armature_Process04 {
          FrameTransformMatrix {
             0.763121,-0.402115,-0.505916, 0.000000,
             0.356137, 0.914913,-0.190001, 0.000000,
             0.539271,-0.035182, 0.841397, 0.000000,
            31.862379,-18.825491,-22.134548, 1.000000;;
          }
        } // End of Armature_Process04
        Frame Armature_Process05 {
          FrameTransformMatrix {
            -0.377608, 0.795702,-0.473573, 0.000000,
             0.023719,-0.502956,-0.863986, 0.000000,
            -0.925662,-0.337480, 0.171047, 0.000000,
            -15.017792,26.232944,-24.951460, 1.000000;;
          }
        } // End of Armature_Process05
        Frame Armature_RearBodyCTRL {
          FrameTransformMatrix {
            -0.000000, 0.000000, 1.000000, 0.000000,
             0.012146, 0.999926, 0.000000, 0.000000,
            -0.999926, 0.012146,-0.000000, 0.000000,
             0.236396,29.980713, 0.000000, 1.000000;;
          }
        } // End of Armature_RearBodyCTRL
        Frame Armature_RightBodyCTRL {
          FrameTransformMatrix {
            -0.000000,-0.000012, 1.001021, 0.000000,
            -0.012146,-0.999926,-0.000000, 0.000000,
             0.999926,-0.012146, 0.000000, 0.000000,
            -0.598813,-0.008506,-33.650501, 1.000000;;
          }
        } // End of Armature_RightBodyCTRL
        Frame Armature_TentacleA01 {
          FrameTransformMatrix {
            -0.083603, 0.986929, 0.137776, 0.000000,
            -0.592745,-0.160392, 0.789258, 0.000000,
             0.801039,-0.015682, 0.598407, 0.000000,
            -23.063551,-6.629874,36.039707, 1.000000;;
          }
          Frame Armature_TentacleA02 {
            FrameTransformMatrix {
               0.999549,-0.029355,-0.006325, 0.000000,
               0.029367, 0.999567, 0.001757, 0.000000,
               0.006270,-0.001942, 0.999978, 0.000000,
              -0.110826,12.595016, 0.172179, 1.000000;;
            }
            Frame Armature_TentacleA03 {
              FrameTransformMatrix {
                 0.999076, 0.041658, 0.010550, 0.000000,
                -0.042677, 0.990612, 0.129871, 0.000000,
                -0.005041,-0.130201, 0.991475, 0.000000,
                 0.094001,14.154984, 0.248660, 1.000000;;
              }
              Frame Armature_TentacleA04 {
                FrameTransformMatrix {
                   0.999923,-0.012328,-0.001316, 0.000000,
                   0.012264, 0.999100,-0.040617, 0.000000,
                   0.001815, 0.040598, 0.999174, 0.000000,
                  -0.093126,10.906145,-0.323433, 1.000000;;
                }
                Frame Armature_TentacleA05 {
                  FrameTransformMatrix {
                    -0.091370,-0.566525, 0.818964, 0.000000,
                     0.993525,-0.107626, 0.036395, 0.000000,
                     0.067523, 0.816986, 0.572690, 0.000000,
                     0.000001,16.387602,-0.000011, 1.000000;;
                  }
                } // End of Armature_TentacleA05
              } // End of Armature_TentacleA04
            } // End of Armature_TentacleA03
          } // End of Armature_TentacleA02
        } // End of Armature_TentacleA01
        Frame Armature_TentacleB01 {
          FrameTransformMatrix {
             0.298180, 0.874573, 0.382376, 0.000000,
             0.450099,-0.482096, 0.751661, 0.000000,
             0.841724,-0.052023,-0.537396, 0.000000,
            19.650841,-18.561605,32.340565, 1.000000;;
          }
          Frame Armature_TentacleB02 {
            FrameTransformMatrix {
               0.999725, 0.005710,-0.022729, 0.000000,
              -0.006952, 0.998466,-0.054938, 0.000000,
               0.022381, 0.055081, 0.998231, 0.000000,
               0.063272,10.691486, 0.391642, 1.000000;;
            }
            Frame Armature_TentacleB03 {
              FrameTransformMatrix {
                 0.999875,-0.003993, 0.015309, 0.000000,
                 0.002399, 0.994702, 0.102775, 0.000000,
                -0.015638,-0.102726, 0.994587, 0.000000,
                -0.040695,14.817828,-0.319027, 1.000000;;
              }
              Frame Armature_TentacleB04 {
                FrameTransformMatrix {
                   0.999184, 0.028936,-0.028186, 0.000000,
                  -0.028285, 0.999330, 0.023233, 0.000000,
                   0.028839,-0.022417, 0.999333, 0.000000,
                   0.345650,12.711920, 0.548212, 1.000000;;
                }
                Frame Armature_TentacleB05 {
                  FrameTransformMatrix {
                     0.999142,-0.008305,-0.040585, 0.000000,
                     0.007986, 0.999936,-0.007999, 0.000000,
                     0.040649, 0.007668, 0.999144, 0.000000,
                     0.000006,18.558550, 0.000000, 1.000000;;
                  }
                } // End of Armature_TentacleB05
              } // End of Armature_TentacleB04
            } // End of Armature_TentacleB03
          } // End of Armature_TentacleB02
        } // End of Armature_TentacleB01
        Frame Armature_TentacleC01 {
          FrameTransformMatrix {
            -0.176782, 0.983763, 0.030953, 0.000000,
             0.966016, 0.179446,-0.186043, 0.000000,
            -0.188577,-0.002988,-0.982054, 0.000000,
            39.123753, 5.665392,-8.376417, 1.000000;;
          }
          Frame Armature_TentacleC02 {
            FrameTransformMatrix {
               0.999422, 0.033447,-0.006079, 0.000000,
              -0.033718, 0.998089,-0.051783, 0.000000,
               0.004335, 0.051958, 0.998640, 0.000000,
               0.042413, 9.142015,-0.048414, 1.000000;;
            }
            Frame Armature_TentacleC03 {
              FrameTransformMatrix {
                 0.999668, 0.025390, 0.004367, 0.000000,
                -0.025582, 0.998330, 0.051791, 0.000000,
                -0.003044,-0.051886, 0.998648, 0.000000,
                -0.005150,11.585220,-0.006627, 1.000000;;
              }
              Frame Armature_TentacleC04 {
                FrameTransformMatrix {
                   0.999130,-0.041224,-0.006313, 0.000000,
                   0.040853, 0.997889,-0.050489, 0.000000,
                   0.008381, 0.050187, 0.998705, 0.000000,
                  -0.031687, 8.851313,-0.027298, 1.000000;;
                }
                Frame Armature_TentacleC05 {
                  FrameTransformMatrix {
                     0.994336, 0.000753, 0.106276, 0.000000,
                     0.022043, 0.976770,-0.213153, 0.000000,
                    -0.103968, 0.214288, 0.971222, 0.000000,
                    -0.000001, 9.819487,-0.000001, 1.000000;;
                  }
                } // End of Armature_TentacleC05
              } // End of Armature_TentacleC04
            } // End of Armature_TentacleC03
          } // End of Armature_TentacleC02
        } // End of Armature_TentacleC01
        Frame Armature_TentacleD01 {
          FrameTransformMatrix {
            -0.017063, 0.986637, 0.162039, 0.000000,
             0.132386, 0.162865,-0.977726, 0.000000,
            -0.991051, 0.004768,-0.133396, 0.000000,
             8.171129, 6.275734,-41.120029, 1.000000;;
          }
          Frame Armature_TentacleD02 {
            FrameTransformMatrix {
               0.999984, 0.002972, 0.004890, 0.000000,
              -0.002761, 0.999084,-0.042707, 0.000000,
              -0.005012, 0.042693, 0.999075, 0.000000,
              -0.003058,12.007991,-0.032306, 1.000000;;
            }
            Frame Armature_TentacleD03 {
              FrameTransformMatrix {
                 0.999993, 0.003823, 0.000171, 0.000000,
                -0.003808, 0.998420,-0.056070, 0.000000,
                -0.000385, 0.056069, 0.998427, 0.000000,
                -0.000002,15.854487, 0.000000, 1.000000;;
              }
              Frame Armature_TentacleD04 {
                FrameTransformMatrix {
                   0.998372,-0.056168, 0.009901, 0.000000,
                   0.056250, 0.998383,-0.008221, 0.000000,
                  -0.009423, 0.008764, 0.999917, 0.000000,
                  -0.212305,12.109001, 0.170105, 1.000000;;
                }
                Frame Armature_TentacleD05 {
                  FrameTransformMatrix {
                     0.999719,-0.022919,-0.006052, 0.000000,
                     0.022923, 0.999737, 0.000501, 0.000000,
                     0.006039,-0.000639, 0.999982, 0.000000,
                     0.000002,12.287921, 0.000013, 1.000000;;
                  }
                } // End of Armature_TentacleD05
              } // End of Armature_TentacleD04
            } // End of Armature_TentacleD03
          } // End of Armature_TentacleD02
        } // End of Armature_TentacleD01
        Frame Armature_TentacleE01 {
          FrameTransformMatrix {
            -0.410775, 0.870891,-0.269840, 0.000000,
            -0.741872,-0.491312,-0.456333, 0.000000,
            -0.529992, 0.012737, 0.847907, 0.000000,
            -30.838362,-17.541431,-21.570747, 1.000000;;
          }
          Frame Armature_TentacleE02 {
            FrameTransformMatrix {
               0.999516,-0.029439, 0.010004, 0.000000,
               0.029678, 0.999254,-0.024705, 0.000000,
              -0.009269, 0.024990, 0.999645, 0.000000,
               0.073491,10.821178, 0.046599, 1.000000;;
            }
            Frame Armature_TentacleE03 {
              FrameTransformMatrix {
                 0.998409,-0.056246, 0.004091, 0.000000,
                 0.056377, 0.993621,-0.097663, 0.000000,
                 0.001429, 0.097738, 0.995211, 0.000000,
                 0.056131,11.782641, 0.008714, 1.000000;;
              }
              Frame Armature_TentacleE04 {
                FrameTransformMatrix {
                   0.996306, 0.083522, 0.019946, 0.000000,
                  -0.083360, 0.996480,-0.008827, 0.000000,
                  -0.020613, 0.007131, 0.999762, 0.000000,
                   0.380470, 8.371631,-0.156594, 1.000000;;
                }
                Frame Armature_TentacleE05 {
                  FrameTransformMatrix {
                     0.988334,-0.149331, 0.029926, 0.000000,
                     0.149814, 0.988606,-0.014615, 0.000000,
                    -0.027402, 0.018928, 0.999445, 0.000000,
                     0.000008,15.094627, 0.000011, 1.000000;;
                  }
                } // End of Armature_TentacleE05
              } // End of Armature_TentacleE04
            } // End of Armature_TentacleE03
          } // End of Armature_TentacleE02
        } // End of Armature_TentacleE01
        Frame Armature_TentacleF01 {
          FrameTransformMatrix {
             0.609334, 0.703922,-0.364973, 0.000000,
            -0.596280, 0.710201, 0.374253, 0.000000,
             0.522649,-0.010419, 0.852485, 0.000000,
            -24.773161,28.514015,17.913273, 1.000000;;
          }
          Frame Armature_TentacleF02 {
            FrameTransformMatrix {
               0.999688, 0.007763,-0.023753, 0.000000,
              -0.009179, 0.998149,-0.060109, 0.000000,
               0.023242, 0.060309, 0.997909, 0.000000,
               0.020700,14.963243,-0.070307, 1.000000;;
            }
            Frame Armature_TentacleF03 {
              FrameTransformMatrix {
                 0.999325,-0.032690, 0.016748, 0.000000,
                 0.032842, 0.999421,-0.008885, 0.000000,
                -0.016448, 0.009429, 0.999820, 0.000000,
                -0.094024,18.701708, 0.045958, 1.000000;;
              }
              Frame Armature_TentacleF04 {
                FrameTransformMatrix {
                   0.993285, 0.071433,-0.091005, 0.000000,
                  -0.070650, 0.997431, 0.011804, 0.000000,
                   0.091615,-0.005296, 0.995780, 0.000000,
                   0.588634,14.878662,-0.947050, 1.000000;;
                }
                Frame Armature_TentacleF05 {
                  FrameTransformMatrix {
                     0.995372,-0.040213, 0.087280, 0.000000,
                     0.057013, 0.978241,-0.199487, 0.000000,
                    -0.077359, 0.203539, 0.976006, 0.000000,
                    -0.000023,17.896149, 0.000004, 1.000000;;
                  }
                } // End of Armature_TentacleF05
              } // End of Armature_TentacleF04
            } // End of Armature_TentacleF03
          } // End of Armature_TentacleF02
        } // End of Armature_TentacleF01
        Frame Armature_TopBodyCTRL {
          FrameTransformMatrix {
            -0.000000, 0.000000, 1.000000, 0.000000,
             0.012146, 0.999926, 0.000000, 0.000000,
            -0.999926, 0.012146,-0.000000, 0.000000,
            -32.294037, 0.813624,-0.000000, 1.000000;;
          }
        } // End of Armature_TopBodyCTRL
      } // End of Armature_Body
    } // End of Armature_Root
    Frame BeholderMesh {
      FrameTransformMatrix {
         1.000000, 0.000000, 0.000000, 0.000000,
         0.000000, 1.000000,-0.000000, 0.000000,
         0.000000,-0.000000, 1.000000, 0.000000,
        -0.000006, 0.000000,-0.000008, 1.000000;;
      }
      Mesh { // BeholderMesh mesh
        6045;
        47.599304;25.730282;138.859406;,
        47.963768;26.200356;134.811996;,
        45.217865;27.431086;135.298233;,
        45.217865;27.431086;135.298233;,
        47.963768;26.200356;134.811996;,
        45.252670;25.722454;132.311661;,
        49.902000;22.622372;134.770981;,
        47.599304;25.730282;138.859406;,
        49.836418;21.398821;138.482849;,
        47.963768;26.200356;134.811996;,
        47.875862;21.347969;131.766098;,
        45.252670;25.722454;132.311661;,
        49.836418;21.398821;138.482849;,
        49.662445;19.212925;135.196716;,
        49.902000;22.622372;134.770981;,
        47.875862;21.347969;131.766098;,
        49.902000;22.622372;134.770981;,
        49.662445;19.212925;135.196716;,
        38.981476;21.872454;142.209778;,
        39.060913;24.921495;137.300354;,
        36.412151;23.560225;138.050629;,
        36.446667;21.896868;133.705017;,
        39.060913;24.921495;137.300354;,
        39.175282;23.224174;133.270020;,
        41.496094;16.903027;141.492523;,
        41.523003;23.187269;141.118256;,
        38.981476;21.872454;142.209778;,
        39.373146;16.369478;133.279190;,
        39.175282;23.224174;133.270020;,
        42.056824;17.783247;132.857452;,
        41.496094;16.903027;141.492523;,
        43.961487;15.612141;136.546387;,
        44.013840;18.266838;140.413666;,
        39.373146;16.369478;133.279190;,
        43.961487;15.612141;136.546387;,
        41.334801;14.219316;137.306610;,
        44.535858;24.783993;140.504486;,
        45.217865;27.431086;135.298233;,
        41.779022;26.739998;136.309280;,
        41.861153;24.798954;132.348740;,
        45.217865;27.431086;135.298233;,
        45.252670;25.722454;132.311661;,
        47.220627;19.533655;139.900269;,
        47.599304;25.730282;138.859406;,
        44.535858;24.783993;140.504486;,
        44.988342;19.244711;131.798050;,
        45.252670;25.722454;132.311661;,
        47.875862;21.347969;131.766098;,
        47.220627;19.533655;139.900269;,
        49.662445;19.212925;135.196716;,
        49.836418;21.398821;138.482849;,
        44.988342;19.244711;131.798050;,
        49.662445;19.212925;135.196716;,
        47.087280;16.792450;135.845322;,
        34.877876;23.084665;145.465256;,
        41.496094;16.903027;141.492523;,
        38.981476;21.872454;142.209778;,
        41.011162;12.139885;144.300934;,
        41.334801;14.219316;137.306610;,
        41.496094;16.903027;141.492523;,
        38.065834;12.209774;130.898697;,
        41.334801;14.219316;137.306610;,
        40.103947; 9.716081;137.664230;,
        32.222961;23.084665;132.637146;,
        39.373146;16.369478;133.279190;,
        38.065834;12.209774;130.898697;,
        32.222961;23.084665;132.637146;,
        36.412151;23.560225;138.050629;,
        36.446667;21.896868;133.705017;,
        34.877876;23.084665;145.465256;,
        36.412151;23.560225;138.050629;,
        32.356239;24.794025;138.636459;,
        44.013840;18.266838;140.413666;,
        44.535858;24.783993;140.504486;,
        41.523003;23.187269;141.118256;,
        44.013840;18.266838;140.413666;,
        47.087280;16.792450;135.845322;,
        47.220627;19.533655;139.900269;,
        42.056824;17.783247;132.857452;,
        47.087280;16.792450;135.845322;,
        43.961487;15.612141;136.546387;,
        42.056824;17.783247;132.857452;,
        41.861153;24.798954;132.348740;,
        44.988342;19.244711;131.798050;,
        39.175282;23.224174;133.270020;,
        41.779022;26.739998;136.309280;,
        41.861153;24.798954;132.348740;,
        41.523003;23.187269;141.118256;,
        41.779022;26.739998;136.309280;,
        39.060913;24.921495;137.300354;,
        11.171179;-34.869984;141.017960;,
        17.918278;-30.264153;128.243835;,
        23.411346;-30.264153;136.145111;,
         8.550032;-34.869984;137.247696;,
         9.697308;-30.264153;122.964363;,
        17.918278;-30.264153;128.243835;,
         4.627275;-34.869984;134.728546;,
         0.000013;-30.264153;121.110481;,
         9.697308;-30.264153;122.964363;,
        -4.627275;-34.869984;134.728546;,
         0.000013;-30.264153;121.110481;,
         0.000006;-34.869984;133.843903;,
        -8.550027;-34.869984;137.247696;,
        -9.697284;-30.264153;122.964363;,
        -4.627275;-34.869984;134.728546;,
        -11.171179;-34.869984;141.017960;,
        -17.918261;-30.264153;128.243805;,
        -8.550027;-34.869984;137.247696;,
        -12.091583;-34.869984;145.465271;,
        -23.411343;-30.264153;136.145081;,
        -11.171179;-34.869984;141.017960;,
        -12.091583;-34.869984;145.465271;,
        -23.411346;-30.264153;154.785431;,
        -25.340260;-30.264153;145.465256;,
        -11.171179;-34.869984;149.912567;,
        -17.918274;-30.264153;162.686707;,
        -23.411346;-30.264153;154.785431;,
        -8.550032;-34.869984;153.682831;,
        -9.697302;-30.264153;167.966171;,
        -17.918274;-30.264153;162.686707;,
        -4.627275;-34.869984;156.201981;,
        -0.000004;-30.264153;169.820053;,
        -9.697302;-30.264153;167.966171;,
         4.627275;-34.869984;156.201981;,
        -0.000004;-30.264153;169.820053;,
        -0.000002;-34.869984;157.086624;,
         8.550032;-34.869984;153.682831;,
         9.697294;-30.264153;167.966171;,
         4.627275;-34.869984;156.201981;,
        11.171179;-34.869984;149.912567;,
        17.918270;-30.264153;162.686707;,
         8.550032;-34.869984;153.682831;,
        12.091583;-34.869984;145.465271;,
        23.411346;-30.264153;154.785446;,
        11.171179;-34.869984;149.912567;,
        12.091583;-34.869984;145.465271;,
        23.411346;-30.264153;136.145111;,
        25.340260;-30.264153;145.465256;,
        23.411346;-30.264153;136.145111;,
        17.918278;-30.264153;128.243835;,
        26.365808;-26.174570;128.409576;,
        17.918278;-30.264153;128.243835;,
        13.347199;-23.084665;114.495445;,
        24.662394;-23.084665;121.762009;,
         9.697308;-30.264153;122.964363;,
         0.000018;-23.084665;111.943779;,
        13.347199;-23.084665;114.495445;,
        -9.697284;-30.264153;122.964363;,
         0.000018;-23.084665;111.943779;,
         0.000013;-30.264153;121.110481;,
        -9.697284;-30.264153;122.964363;,
        -17.932081;-24.258377;118.900497;,
        -13.347170;-23.084665;114.495445;,
        -23.411343;-30.264153;136.145081;,
        -24.662371;-23.084665;121.761971;,
        -17.918261;-30.264153;128.243805;,
        -25.340260;-30.264153;145.465256;,
        -32.222950;-23.084665;132.637115;,
        -23.411343;-30.264153;136.145081;,
        -25.340260;-30.264153;145.465256;,
        -32.222958;-23.084665;158.293396;,
        -34.877876;-23.084665;145.465256;,
        -23.411346;-30.264153;154.785431;,
        -24.662386;-23.084665;169.168549;,
        -32.222958;-23.084665;158.293396;,
        -17.918274;-30.264153;162.686707;,
        -18.203342;-25.484768;171.180664;,
        -24.662386;-23.084665;169.168549;,
        -9.697302;-30.264153;167.966171;,
        -0.000005;-23.084665;178.986771;,
        -13.347188;-23.084665;176.435089;,
         9.697294;-30.264153;167.966171;,
        -0.000005;-23.084665;178.986771;,
        -0.000004;-30.264153;169.820053;,
        17.918270;-30.264153;162.686707;,
        13.347181;-23.084665;176.435089;,
         9.697294;-30.264153;167.966171;,
        23.411346;-30.264153;154.785446;,
        24.662374;-23.084665;169.168564;,
        17.918270;-30.264153;162.686707;,
        25.340260;-30.264153;145.465256;,
        32.222954;-23.084665;158.293396;,
        23.411346;-30.264153;154.785446;,
        25.340260;-30.264153;145.465256;,
        32.222961;-23.084665;132.637146;,
        34.877876;-23.084665;145.465256;,
        24.662394;-23.084665;121.762009;,
        15.690576;-12.136326;109.058067;,
        28.992382;-12.136326;117.600410;,
        13.347199;-23.084665;114.495445;,
         0.000021;-12.136326;106.058388;,
        15.690576;-12.136326;109.058067;,
        -13.347170;-23.084665;114.495445;,
         0.000021;-12.136326;106.058388;,
         0.000018;-23.084665;111.943779;,
        -32.222950;-23.084665;132.637115;,
        -28.992353;-12.136326;117.600365;,
        -24.662371;-23.084665;121.761971;,
        -34.877876;-23.084665;145.465256;,
        -37.880348;-12.136326;130.384872;,
        -32.222950;-23.084665;132.637115;,
        -34.877876;-23.084665;145.465256;,
        -37.880352;-12.136326;160.545624;,
        -41.001400;-12.136326;145.465256;,
        -32.222958;-23.084665;158.293396;,
        -28.992376;-12.136326;173.330139;,
        -37.880352;-12.136326;160.545624;,
        -0.000005;-23.084665;178.986771;,
        -15.690562;-12.136326;181.872452;,
        -13.347188;-23.084665;176.435089;,
        -0.000005;-23.084665;178.986771;,
         7.480363;-15.019816;182.518677;,
        -0.006064;-10.622128;185.297989;,
        13.347181;-23.084665;176.435089;,
        28.992367;-12.136326;173.330154;,
        15.791624;-11.200282;182.122635;,
        24.662374;-23.084665;169.168564;,
        32.222954;-23.084665;158.293396;,
        32.190948;-16.186769;166.347092;,
        34.877876;-23.084665;145.465256;,
        37.880352;-12.136326;160.545624;,
        32.222954;-23.084665;158.293396;,
        34.877876;-23.084665;145.465256;,
        37.880352;-12.136326;130.384918;,
        41.001400;-12.136326;145.465256;,
        30.484396; 0.000000;116.166420;,
        33.963326;-9.553399;123.199013;,
        28.992382;-12.136326;117.600410;,
        28.992382;-12.136326;117.600410;,
        16.498047; 0.000000;107.184471;,
        30.484396; 0.000000;116.166420;,
        15.690576;-12.136326;109.058067;,
         0.000022; 0.000000;104.030418;,
        16.498047; 0.000000;107.184471;,
         0.000021;-12.136326;106.058388;,
        -15.690537;-12.136326;109.058037;,
        -8.638825;-3.356344;105.681961;,
        -16.498009; 0.000000;107.184456;,
        -23.037334;-10.257214;113.405708;,
        -30.484364; 0.000000;116.166389;,
        -37.880348;-12.136326;130.384872;,
        -30.484364; 0.000000;116.166389;,
        -28.992353;-12.136326;117.600365;,
        -37.880348;-12.136326;130.384872;,
        -41.001400;-12.136326;145.465256;,
        -41.416939;-2.937335;137.277817;,
        -41.001400;-12.136326;145.465256;,
        -39.829765; 0.000000;161.321686;,
        -43.111423; 0.000000;145.465256;,
        -37.880352;-12.136326;160.545624;,
        -30.484386; 0.000000;174.764114;,
        -39.829765; 0.000000;161.321686;,
        -16.498035; 0.000000;183.746078;,
        -22.790598;-9.479083;178.384827;,
        -15.690562;-12.136326;181.872452;,
        -0.006064;-10.622128;185.297989;,
        -16.498035; 0.000000;183.746078;,
        -15.690562;-12.136326;181.872452;,
         6.385848;-5.920009;199.541443;,
        11.472969;-6.346338;200.214737;,
        11.455680;-3.248885;198.626648;,
        15.791624;-11.200282;182.122635;,
        30.484377; 0.000000;174.764145;,
        16.494799;-0.791130;183.738083;,
        41.001400;-12.136326;145.465256;,
        39.829750; 0.000000;161.321686;,
        37.880352;-12.136326;160.545624;,
        41.001400;-12.136326;145.465256;,
        39.829773; 0.000000;129.608841;,
        43.111423; 0.000000;145.465256;,
        39.829773; 0.000000;129.608841;,
        28.992382;12.136326;117.600410;,
        38.065834;12.209774;130.898697;,
        16.498047; 0.000000;107.184471;,
        28.992382;12.136326;117.600410;,
        30.484396; 0.000000;116.166420;,
        16.498047; 0.000000;107.184471;,
         8.273325;10.048807;107.291229;,
        15.690576;12.136326;109.058067;,
        -16.498009; 0.000000;107.184456;,
        -28.992353;12.136326;117.600365;,
        -15.690537;12.136326;109.058037;,
        -30.484364; 0.000000;116.166389;,
        -37.880348;12.136326;130.384872;,
        -28.992353;12.136326;117.600365;,
        -39.829765; 0.000000;161.321686;,
        -41.001400;12.136326;145.465256;,
        -43.111423; 0.000000;145.465256;,
        -30.484386; 0.000000;174.764114;,
        -37.880352;12.136326;160.545624;,
        -39.829765; 0.000000;161.321686;,
        -16.498035; 0.000000;183.746078;,
        -28.992376;12.136326;173.330139;,
        -30.484386; 0.000000;174.764114;,
        -16.498035; 0.000000;183.746078;,
        -0.000006;12.136326;184.872162;,
        -15.690562;12.136326;181.872452;,
        -0.000006;12.136326;184.872162;,
         8.639970; 2.407012;185.247833;,
        15.690551;12.136326;181.872452;,
        30.484377; 0.000000;174.764145;,
        15.690551;12.136326;181.872452;,
        16.494799;-0.791130;183.738083;,
        28.992367;12.136326;173.330154;,
        34.858047; 2.964961;168.473022;,
        37.880352;12.136326;160.545624;,
        43.111423; 0.000000;145.465256;,
        37.880352;12.136326;160.545624;,
        39.829750; 0.000000;161.321686;,
        43.111423; 0.000000;145.465256;,
        39.829773; 0.000000;129.608841;,
        40.103947; 9.716081;137.664230;,
        28.992382;12.136326;117.600410;,
        32.222961;23.084665;132.637146;,
        38.065834;12.209774;130.898697;,
        15.690576;12.136326;109.058067;,
        24.662394;23.084665;121.762009;,
        28.992382;12.136326;117.600410;,
        -13.347170;23.084665;114.495445;,
        -8.039276;15.609191;108.744621;,
        -15.690537;12.136326;109.058037;,
        -15.690537;12.136326;109.058037;,
        -24.662371;23.084665;121.761971;,
        -13.347170;23.084665;114.495445;,
        -28.992353;12.136326;117.600365;,
        -32.222950;23.084665;132.637115;,
        -24.662371;23.084665;121.761971;,
        -32.222950;23.084665;132.637115;,
        -38.206619;15.499245;137.517105;,
        -34.877876;23.084665;145.465256;,
        -37.880352;12.136326;160.545624;,
        -34.877876;23.084665;145.465256;,
        -41.001400;12.136326;145.465256;,
        -37.880352;12.136326;160.545624;,
        -28.992376;12.136326;173.330139;,
        -29.241549;21.289291;164.285645;,
        -15.690562;12.136326;181.872452;,
        -24.662386;23.084665;169.168549;,
        -28.992376;12.136326;173.330139;,
        -0.000006;12.136326;184.872162;,
        -13.347188;23.084665;176.435089;,
        -15.690562;12.136326;181.872452;,
        -0.000006;12.136326;184.872162;,
        13.347181;23.084665;176.435089;,
        -0.000005;23.084665;178.986771;,
        15.690551;12.136326;181.872452;,
        28.992367;12.136326;173.330154;,
        20.223866;20.928921;173.963638;,
        28.992367;12.136326;173.330154;,
        32.222954;23.084665;158.293396;,
        24.662374;23.084665;169.168564;,
        37.880352;12.136326;160.545624;,
        34.877876;23.084665;145.465256;,
        32.222954;23.084665;158.293396;,
        24.662394;23.084665;121.762009;,
        23.411346;31.773317;136.145111;,
        32.222961;23.084665;132.637146;,
        13.347199;23.084665;114.495445;,
        17.918278;31.773317;128.243835;,
        24.662394;23.084665;121.762009;,
         9.697308;31.773317;122.964363;,
         6.720764;24.373999;114.588898;,
         0.000013;31.773317;121.110481;,
         0.000018;23.084665;111.943779;,
        -9.697284;31.773317;122.964363;,
         0.000013;31.773317;121.110481;,
        -13.347170;23.084665;114.495445;,
        -17.918261;31.773317;128.243805;,
        -9.697284;31.773317;122.964363;,
        -24.662371;23.084665;121.761971;,
        -23.411343;31.773317;136.145081;,
        -17.918261;31.773317;128.243805;,
        -32.222950;23.084665;132.637115;,
        -25.340260;31.773317;145.465256;,
        -23.411343;31.773317;136.145081;,
        -32.222958;23.084665;158.293396;,
        -25.340260;31.773317;145.465256;,
        -34.877876;23.084665;145.465256;,
        -13.347188;23.084665;176.435089;,
        -17.918274;31.773317;162.686707;,
        -24.662386;23.084665;169.168549;,
        -0.000005;23.084665;178.986771;,
        -9.697302;31.773317;167.966171;,
        -13.347188;23.084665;176.435089;,
        -0.000005;23.084665;178.986771;,
         9.697294;30.672367;169.667664;,
        -0.000004;31.773317;169.820053;,
        32.222954;23.084665;158.293396;,
        19.936529;30.399818;163.441696;,
        24.662374;23.084665;169.168564;,
        32.222954;23.084665;158.293396;,
        25.340260;31.773317;145.465256;,
        23.411346;31.773317;154.785446;,
        25.340260;31.773317;145.465256;,
        32.356239;24.794025;138.636459;,
        23.411346;31.773317;136.145111;,
        17.918278;31.773317;128.243835;,
        12.308077;35.859318;140.565369;,
        23.411346;31.773317;136.145111;,
         9.697308;31.773317;122.964363;,
         9.420197;35.859318;136.411407;,
        17.918278;31.773317;128.243835;,
         0.000013;31.773317;121.110481;,
         5.098177;35.859318;133.635849;,
         9.697308;31.773317;122.964363;,
         0.000013;31.773317;121.110481;,
        -5.098165;35.859318;133.635849;,
         0.000007;35.859318;132.661179;,
        -9.697284;31.773317;122.964363;,
        -9.420186;35.859318;136.411407;,
        -5.098165;35.859318;133.635849;,
        -17.918261;31.773317;128.243805;,
        -12.308071;35.859318;140.565369;,
        -9.420186;35.859318;136.411407;,
        -23.411343;31.773317;136.145081;,
        -13.322162;35.859318;145.465256;,
        -12.308071;35.859318;140.565369;,
        -23.411346;31.773317;154.785431;,
        -13.322162;35.859318;145.465256;,
        -25.340260;31.773317;145.465256;,
        -9.420192;35.859318;154.519119;,
        -19.669167;32.227249;157.902847;,
        -17.918274;31.773317;162.686707;,
        -9.697302;31.773317;167.966171;,
        -9.420192;35.859318;154.519119;,
        -17.918274;31.773317;162.686707;,
        -0.000004;31.773317;169.820053;,
        -5.098173;35.859318;157.294693;,
        -9.697302;31.773317;167.966171;,
        -0.000004;31.773317;169.820053;,
         5.098169;35.859318;157.294693;,
        -0.000002;35.859318;158.269348;,
         9.420191;35.859318;154.519119;,
        13.417667;32.728020;164.030884;,
        19.936529;30.399818;163.441696;,
        23.411346;31.773317;154.785446;,
         9.420191;35.859318;154.519119;,
        19.936529;30.399818;163.441696;,
        23.411346;31.773317;154.785446;,
        13.322162;35.859318;145.465256;,
        12.308071;35.859318;150.365173;,
        23.411346;31.773317;136.145111;,
        13.322162;35.859318;145.465256;,
        25.340260;31.773317;145.465256;,
        -0.000005;-23.084665;178.986771;,
        13.347181;-23.084665;176.435089;,
         7.480363;-15.019816;182.518677;,
         0.000164;-1.336978;186.884567;,
         8.639970; 2.407012;185.247833;,
        -0.000006;12.136326;184.872162;,
        11.455680;-3.248885;198.626648;,
        11.472969;-6.346338;200.214737;,
        15.053192;-5.386982;197.537369;,
        10.844272;-11.095041;199.513199;,
         6.385848;-5.920009;199.541443;,
         6.056148;-11.647006;198.599289;,
        11.472969;-6.346338;200.214737;,
        14.865320;-11.440042;196.906754;,
        15.053192;-5.386982;197.537369;,
         6.056148;-11.647006;198.599289;,
        10.022133;-14.152319;197.008957;,
        10.844272;-11.095041;199.513199;,
        14.865320;-11.440042;196.906754;,
        10.844272;-11.095041;199.513199;,
        10.022133;-14.152319;197.008957;,
         3.290238;-3.349323;189.354828;,
         9.761568;-1.236200;191.518173;,
         9.145840;-0.659050;188.271927;,
        14.462058;-2.966733;187.225449;,
         9.761568;-1.236200;191.518173;,
        14.662934;-3.580474;190.516037;,
         3.280825;-9.929863;188.230911;,
         4.350646;-3.953121;192.478912;,
         3.290238;-3.349323;189.354828;,
        13.959843;-10.314306;186.085571;,
        14.662934;-3.580474;190.516037;,
        14.160100;-10.812638;189.394669;,
         3.280825;-9.929863;188.230911;,
         8.967042;-13.598026;189.573898;,
         4.334100;-10.468573;191.366928;,
        13.959843;-10.314306;186.085571;,
         8.967042;-13.598026;189.573898;,
         8.331882;-13.064465;186.325745;,
         4.753367;-4.525415;196.201614;,
        11.455680;-3.248885;198.626648;,
        10.712809;-1.457066;195.134628;,
        15.508375;-4.003610;193.939835;,
        11.455680;-3.248885;198.626648;,
        15.053192;-5.386982;197.537369;,
         4.544814;-11.472536;195.037323;,
         6.385848;-5.920009;199.541443;,
         4.753367;-4.525415;196.201614;,
        15.126159;-11.530825;192.959274;,
        15.053192;-5.386982;197.537369;,
        14.865320;-11.440042;196.906754;,
         4.544814;-11.472536;195.037323;,
        10.022133;-14.152319;197.008957;,
         6.056148;-11.647006;198.599289;,
        15.126159;-11.530825;192.959274;,
        10.022133;-14.152319;197.008957;,
         9.420303;-14.660648;193.116852;,
        15.690551;12.136326;181.872452;,
         8.639970; 2.407012;185.247833;,
        16.494799;-0.791130;183.738083;,
         7.480363;-15.019816;182.518677;,
        13.347181;-23.084665;176.435089;,
        15.791624;-11.200282;182.122635;,
        -0.006064;-10.622128;185.297989;,
         3.290238;-3.349323;189.354828;,
         0.000164;-1.336978;186.884567;,
        -0.006064;-10.622128;185.297989;,
         8.331882;-13.064465;186.325745;,
         3.280825;-9.929863;188.230911;,
        15.791624;-11.200282;182.122635;,
         8.331882;-13.064465;186.325745;,
         7.480363;-15.019816;182.518677;,
        15.791624;-11.200282;182.122635;,
        14.462058;-2.966733;187.225449;,
        13.959843;-10.314306;186.085571;,
         8.639970; 2.407012;185.247833;,
        14.462058;-2.966733;187.225449;,
        16.494799;-0.791130;183.738083;,
         8.639970; 2.407012;185.247833;,
         3.290238;-3.349323;189.354828;,
         9.145840;-0.659050;188.271927;,
         4.334100;-10.468573;191.366928;,
         4.753367;-4.525415;196.201614;,
         4.350646;-3.953121;192.478912;,
         4.334100;-10.468573;191.366928;,
         9.420303;-14.660648;193.116852;,
         4.544814;-11.472536;195.037323;,
        14.160100;-10.812638;189.394669;,
         9.420303;-14.660648;193.116852;,
         8.967042;-13.598026;189.573898;,
        14.160100;-10.812638;189.394669;,
        15.508375;-4.003610;193.939835;,
        15.126159;-11.530825;192.959274;,
        14.662934;-3.580474;190.516037;,
        10.712809;-1.457066;195.134628;,
