xof 0303txt 0032

Frame Root {
  FrameTransformMatrix {
     1.000000, 0.000000, 0.000000, 0.000000,
     0.000000,-0.000000,-1.000000, 0.000000,
     0.000000, 1.000000,-0.000000, 0.000000,
     0.000000, 0.000000, 0.000000, 1.000000;;
  }
  Frame Armature {
    FrameTransformMatrix {
       0.010000, 0.000000, 0.000000, 0.000000,
       0.000000, 0.010000, 0.000000, 0.000000,
       0.000000, 0.000000, 0.010000, 0.000000,
       0.000000, 0.000000, 0.000000, 1.000000;;
    }
    Frame Armature_Root {
      FrameTransformMatrix {
        -0.056951, 0.674094, 0.736447, 0.000000,
        -0.019120,-0.738246, 0.674261, 0.000000,
         0.998194, 0.024319, 0.054932, 0.000000,
        -2.218274, 7.973717,119.395668, 1.000000;;
      }
      Frame Armature_Body {
        FrameTransformMatrix {
          -0.672246,-0.740328,-0.000000, 0.000000,
           0.740328,-0.672246, 0.000000, 0.000000,
          -0.000000,-0.000000, 1.000000, 0.000000,
          -0.000006,27.693787, 0.000000, 1.000000;;
        }
        Frame Armature_BottomBodyCTRL {
          FrameTransformMatrix {
            -0.000000, 0.000000, 1.000000, 0.000000,
             0.012146, 0.999926,-0.000000, 0.000000,
            -0.999926, 0.012146,-0.000000, 0.000000,
            38.974445,-0.072381, 0.000001, 1.000000;;
          }
        } // End of Armature_BottomBodyCTRL
        Frame Armature_EyeCTRL {
          FrameTransformMatrix {
            -0.999566, 0.032785,-0.000450, 0.000000,
            -0.032784,-0.999462, 0.000000, 0.000000,
            -0.000450, 0.000015, 1.000000, 0.000000,
            -1.412199,-18.027323,-0.000466, 1.000000;;
          }
          Frame Armature_EyeBallCTRL {
            FrameTransformMatrix {
              -0.039914,-0.999158, 0.009522, 0.000000,
              -0.000309, 0.009542, 0.999954, 0.000000,
              -0.999203, 0.039909,-0.000690, 0.000000,
               0.000016,12.242521,-0.000001, 1.000000;;
            }
          } // End of Armature_EyeBallCTRL
          Frame Armature_LowerEyelidCTRL {
            FrameTransformMatrix {
              -0.227205,-0.973847,-0.000000, 0.000000,
              -0.000000,-0.000000, 1.000000, 0.000000,
              -0.973847, 0.227205,-0.000000, 0.000000,
               0.000004,12.597341,-0.000000, 1.000000;;
            }
          } // End of Armature_LowerEyelidCTRL
          Frame Armature_UpperEyelidCTRL {
            FrameTransformMatrix {
               0.017443,-0.999848,-0.000000, 0.000000,
              -0.000000,-0.000000, 1.000000, 0.000000,
              -0.999848,-0.017443,-0.000000, 0.000000,
               0.000004,12.597341,-0.000000, 1.000000;;
            }
          } // End of Armature_UpperEyelidCTRL
        } // End of Armature_EyeCTRL
        Frame Armature_LeftBodyCTRL {
          FrameTransformMatrix {
            -0.000000, 0.000000, 1.000000, 0.000000,
             0.012146, 0.999926,-0.000000, 0.000000,
            -0.999926, 0.012146,-0.000000, 0.000000,
            -0.598616,-0.008506,43.311501, 1.000000;;
          }
        } // End of Armature_LeftBodyCTRL
        Frame Armature_Process01 {
          FrameTransformMatrix {
            -0.819396,-0.562680, 0.109465, 0.000000,
            -0.552796, 0.826177, 0.108850, 0.000000,
            -0.151685, 0.028680,-0.988013, 0.000000,
            -41.532005,-6.365073, 8.697647, 1.000000;;
          }
        } // End of Armature_Process01
        Frame Armature_Process02 {
          FrameTransformMatrix {
             0.210801,-0.204025, 0.956001, 0.000000,
             0.180536, 0.969279, 0.167050, 0.000000,
            -0.960714, 0.137378, 0.241158, 0.000000,
             7.566963,18.773947,38.804436, 1.000000;;
          }
        } // End of Armature_Process02
        Frame Armature_Process03 {
          FrameTransformMatrix {
             0.997748, 0.033024, 0.058390, 0.000000,
            -0.036711, 0.997323, 0.063248, 0.000000,
            -0.056145,-0.065249, 0.996288, 0.000000,
            37.940994,18.159899, 6.916868, 1.000000;;
          }
        } // End of Armature_Process03
        Frame Armature_Process04 {
          FrameTransformMatrix {
             0.499926,-0.790651,-0.353474, 0.000000,
             0.677688, 0.611255,-0.408787, 0.000000,
             0.539271,-0.035182, 0.841397, 0.000000,
            31.862379,-18.825491,-22.134552, 1.000000;;
          }
        } // End of Armature_Process04
        Frame Armature_Process05 {
          FrameTransformMatrix {
            -0.775581, 0.536054,-0.333348, 0.000000,
             0.023719,-0.502956,-0.863986, 0.000000,
            -0.630803,-0.677998, 0.377369, 0.000000,
            -15.017793,26.232943,-24.951462, 1.000000;;
          }
        } // End of Armature_Process05
        Frame Armature_RearBodyCTRL {
          FrameTransformMatrix {
            -0.000000, 0.000000, 1.000000, 0.000000,
             0.012146, 0.999926,-0.000000, 0.000000,
            -0.999926, 0.012146,-0.000000, 0.000000,
             0.312260,36.226738, 0.000000, 1.000000;;
          }
        } // End of Armature_RearBodyCTRL
        Frame Armature_RightBodyCTRL {
          FrameTransformMatrix {
            -0.000000,-0.000012, 1.001021, 0.000000,
            -0.012146,-0.999926, 0.000000, 0.000000,
             0.999926,-0.012146, 0.000000, 0.000000,
            -0.598805,-0.008401,-42.116779, 1.000000;;
          }
        } // End of Armature_RightBodyCTRL
        Frame Armature_TentacleA01 {
          FrameTransformMatrix {
            -0.421036, 0.663504, 0.618459, 0.000000,
            -0.413297,-0.747281, 0.520343, 0.000000,
             0.807412,-0.036524, 0.588857, 0.000000,
            -23.063536,-6.629874,36.039707, 1.000000;;
          }
          Frame Armature_TentacleA02 {
            FrameTransformMatrix {
               0.878835, 0.476296,-0.028136, 0.000000,
              -0.476182, 0.879277, 0.011032, 0.000000,
               0.029993, 0.003703, 0.999543, 0.000000,
              -0.110815,12.595032, 0.172201, 1.000000;;
            }
            Frame Armature_TentacleA03 {
              FrameTransformMatrix {
                 0.962684, 0.269605, 0.023489, 0.000000,
                -0.270381, 0.954483, 0.125920, 0.000000,
                 0.011529,-0.127572, 0.991762, 0.000000,
                 0.094008,14.155004, 0.248651, 1.000000;;
              }
              Frame Armature_TentacleA04 {
                FrameTransformMatrix {
                   0.999923,-0.012328,-0.001316, 0.000000,
                   0.012264, 0.999100,-0.040617, 0.000000,
                   0.001815, 0.040598, 0.999174, 0.000000,
                  -0.093121,10.906157,-0.323441, 1.000000;;
                }
                Frame Armature_TentacleA05 {
                  FrameTransformMatrix {
                     0.332044,-0.097976, 0.938162, 0.000000,
                    -0.125506,-0.990336,-0.059005, 0.000000,
                     0.934877,-0.098153,-0.341132, 0.000000,
                     0.000026,16.387594, 0.000005, 1.000000;;
                  }
                } // End of Armature_TentacleA05
              } // End of Armature_TentacleA04
            } // End of Armature_TentacleA03
          } // End of Armature_TentacleA02
        } // End of Armature_TentacleA01
        Frame Armature_TentacleB01 {
          FrameTransformMatrix {
             0.479105, 0.614101, 0.627167, 0.000000,
             0.291785,-0.785302, 0.546042, 0.000000,
             0.827841,-0.078613,-0.555428, 0.000000,
            19.650829,-18.561604,32.340561, 1.000000;;
          }
          Frame Armature_TentacleB02 {
            FrameTransformMatrix {
               0.957719, 0.285765,-0.033350, 0.000000,
              -0.287109, 0.956749,-0.046912, 0.000000,
               0.018501, 0.054504, 0.998342, 0.000000,
               0.063271,10.691488, 0.391625, 1.000000;;
            }
            Frame Armature_TentacleB03 {
              FrameTransformMatrix {
                 0.992434, 0.121353, 0.018691, 0.000000,
                -0.122626, 0.987337, 0.100641, 0.000000,
                -0.006241,-0.102172, 0.994747, 0.000000,
                -0.040697,14.817827,-0.319035, 1.000000;;
              }
              Frame Armature_TentacleB04 {
                FrameTransformMatrix {
                   0.991899, 0.122778,-0.032579, 0.000000,
                  -0.121957, 0.992192, 0.026092, 0.000000,
                   0.035528,-0.021907, 0.999129, 0.000000,
                   0.345657,12.711915, 0.548223, 1.000000;;
                }
                Frame Armature_TentacleB05 {
                  FrameTransformMatrix {
                     0.072680,-0.994934,-0.069457, 0.000000,
                     0.755699, 0.100384,-0.647180, 0.000000,
                     0.650874,-0.005451, 0.759166, 0.000000,
                    -0.000002,18.558558,-0.000000, 1.000000;;
                  }
                } // End of Armature_TentacleB05
              } // End of Armature_TentacleB04
            } // End of Armature_TentacleB03
          } // End of Armature_TentacleB02
        } // End of Armature_TentacleB01
        Frame Armature_TentacleC01 {
          FrameTransformMatrix {
             0.415369, 0.907233,-0.066315, 0.000000,
             0.890332,-0.420410,-0.174826, 0.000000,
            -0.186487, 0.013575,-0.982363, 0.000000,
            39.123749, 5.665393,-8.376418, 1.000000;;
          }
          Frame Armature_TentacleC02 {
            FrameTransformMatrix {
               0.824121, 0.566207, 0.015290, 0.000000,
              -0.564746, 0.823466,-0.054465, 0.000000,
              -0.043430, 0.036251, 0.998398, 0.000000,
               0.042414, 9.142003,-0.048414, 1.000000;;
            }
            Frame Armature_TentacleC03 {
              FrameTransformMatrix {
                 0.812037, 0.583421,-0.014657, 0.000000,
                -0.581948, 0.811367, 0.054951, 0.000000,
                 0.043952,-0.036093, 0.998381, 0.000000,
                -0.005149,11.585231,-0.006626, 1.000000;;
              }
              Frame Armature_TentacleC04 {
                FrameTransformMatrix {
                   0.999130,-0.041224,-0.006313, 0.000000,
                   0.040853, 0.997889,-0.050489, 0.000000,
                   0.008381, 0.050187, 0.998705, 0.000000,
                  -0.031693, 8.851314,-0.027300, 1.000000;;
                }
                Frame Armature_TentacleC05 {
                  FrameTransformMatrix {
                    -0.000926,-0.999345, 0.036176, 0.000000,
                     0.997303,-0.003577,-0.073303, 0.000000,
                     0.073385, 0.036011, 0.996653, 0.000000,
                     0.000004, 9.819498, 0.000001, 1.000000;;
                  }
                } // End of Armature_TentacleC05
              } // End of Armature_TentacleC04
            } // End of Armature_TentacleC03
          } // End of Armature_TentacleC02
        } // End of Armature_TentacleC01
        Frame Armature_TentacleD01 {
          FrameTransformMatrix {
             0.114800, 0.802117,-0.586028, 0.000000,
             0.090925,-0.595936,-0.797867, 0.000000,
            -0.989219, 0.038311,-0.141346, 0.000000,
             8.171134, 6.275734,-41.120026, 1.000000;;
          }
          Frame Armature_TentacleD02 {
            FrameTransformMatrix {
               0.817361, 0.575977,-0.013110, 0.000000,
              -0.575992, 0.816470,-0.040115, 0.000000,
              -0.012401, 0.040339, 0.999109, 0.000000,
              -0.003057,12.007993,-0.032280, 1.000000;;
            }
            Frame Armature_TentacleD03 {
              FrameTransformMatrix {
                 0.951095, 0.308899,-0.000163, 0.000000,
                -0.308422, 0.949596,-0.056071, 0.000000,
                -0.017166, 0.053379, 0.998427, 0.000000,
                -0.000003,15.854485, 0.000015, 1.000000;;
              }
              Frame Armature_TentacleD04 {
                FrameTransformMatrix {
                   0.998372,-0.056168, 0.009901, 0.000000,
                   0.056250, 0.998383,-0.008221, 0.000000,
                  -0.009423, 0.008764, 0.999917, 0.000000,
                  -0.212300,12.108997, 0.170115, 1.000000;;
                }
                Frame Armature_TentacleD05 {
                  FrameTransformMatrix {
                     0.085885,-0.996217,-0.013257, 0.000000,
                     0.996145, 0.086102,-0.016809, 0.000000,
                     0.017887,-0.011762, 0.999771, 0.000000,
                     0.000001,12.287924, 0.000010, 1.000000;;
                  }
                } // End of Armature_TentacleD05
              } // End of Armature_TentacleD04
            } // End of Armature_TentacleD03
          } // End of Armature_TentacleD02
        } // End of Armature_TentacleD01
        Frame Armature_TentacleE01 {
          FrameTransformMatrix {
            -0.687904, 0.573377,-0.445003, 0.000000,
            -0.492504,-0.819118,-0.294084, 0.000000,
            -0.533131, 0.016864, 0.845865, 0.000000,
            -30.838373,-17.541428,-21.570745, 1.000000;;
          }
          Frame Armature_TentacleE02 {
            FrameTransformMatrix {
               0.933522, 0.358146, 0.016381, 0.000000,
              -0.357574, 0.933403,-0.029991, 0.000000,
              -0.026031, 0.022140, 0.999416, 0.000000,
               0.073484,10.821173, 0.046584, 1.000000;;
            }
            Frame Armature_TentacleE03 {
              FrameTransformMatrix {
                 0.980942, 0.194202, 0.006135, 0.000000,
                -0.192657, 0.976264,-0.098950, 0.000000,
                -0.025206, 0.095882, 0.995073, 0.000000,
                 0.056140,11.782661, 0.008724, 1.000000;;
              }
              Frame Armature_TentacleE04 {
                FrameTransformMatrix {
                   0.992742, 0.118384, 0.021149, 0.000000,
                  -0.118204, 0.992943,-0.009547, 0.000000,
                  -0.022130, 0.006977, 0.999731, 0.000000,
                   0.380458, 8.371624,-0.156596, 1.000000;;
                }
                Frame Armature_TentacleE05 {
                  FrameTransformMatrix {
                    -0.005002,-0.999811, 0.018798, 0.000000,
                     0.999612,-0.004484, 0.027492, 0.000000,
                    -0.027402, 0.018928, 0.999445, 0.000000,
                     0.000020,15.094593,-0.000010, 1.000000;;
                  }
                } // End of Armature_TentacleE05
              } // End of Armature_TentacleE04
            } // End of Armature_TentacleE03
          } // End of Armature_TentacleE02
        } // End of Armature_TentacleE01
        Frame Armature_TentacleF01 {
          FrameTransformMatrix {
             0.184346, 0.977261,-0.104778, 0.000000,
            -0.831522, 0.211908, 0.513484, 0.000000,
             0.524011,-0.007534, 0.851678, 0.000000,
            -24.773157,28.514017,17.913275, 1.000000;;
          }
          Frame Armature_TentacleF02 {
            FrameTransformMatrix {
               0.840321, 0.542044,-0.006989, 0.000000,
              -0.541647, 0.839044,-0.051213, 0.000000,
              -0.021896, 0.046821, 0.998663, 0.000000,
               0.020698,14.963236,-0.070313, 1.000000;;
            }
            Frame Armature_TentacleF03 {
              FrameTransformMatrix {
                 0.671680, 0.740840,-0.001448, 0.000000,
                -0.740762, 0.671578,-0.015969, 0.000000,
                -0.010858, 0.011798, 0.999871, 0.000000,
                -0.094027,18.701712, 0.045942, 1.000000;;
              }
              Frame Armature_TentacleF04 {
                FrameTransformMatrix {
                   0.926005, 0.373365,-0.055798, 0.000000,
                  -0.371914, 0.927613, 0.034847, 0.000000,
                   0.064770,-0.011517, 0.997834, 0.000000,
                   0.588627,14.878645,-0.947042, 1.000000;;
                }
                Frame Armature_TentacleF05 {
                  FrameTransformMatrix {
                     0.100227,-0.942373,-0.319197, 0.000000,
                     0.974565, 0.028352, 0.222307, 0.000000,
                    -0.200446,-0.333359, 0.921245, 0.000000,
                    -0.000005,17.896141, 0.000002, 1.000000;;
                  }
                } // End of Armature_TentacleF05
              } // End of Armature_TentacleF04
            } // End of Armature_TentacleF03
          } // End of Armature_TentacleF02
        } // End of Armature_TentacleF01
        Frame Armature_TopBodyCTRL {
          FrameTransformMatrix {
            -0.000000, 0.000000, 1.000000, 0.000000,
             0.012146, 0.999926, 0.000000, 0.000000,
            -0.999926, 0.012146,-0.000000, 0.000000,
            -39.993835, 0.907154,-0.000001, 1.000000;;
          }
        } // End of Armature_TopBodyCTRL
      } // End of Armature_Body
    } // End of Armature_Root
    Frame BeholderMesh {
      FrameTransformMatrix {
         1.000000,-0.000000,-0.000000, 0.000000,
        -0.000000, 1.000000,-0.000000, 0.000000,
        -0.000000,-0.000000, 1.000000, 0.000000,
        -0.000003,-0.000001,-0.000002, 1.000000;;
      }
    } // End of BeholderMesh
  } // End of Armature
} // End of Root
AnimationSet Global {
  Animation {
    {Armature}
    AnimationKey { // Rotation
      0;
      21;
      0;4;-1.000000, 0.000000, 0.000000, 0.000000;;,
      1;4;-1.000000, 0.000000, 0.000000, 0.000000;;,
      2;4;-1.000000, 0.000000, 0.000000, 0.000000;;,
      3;4;-1.000000, 0.000000, 0.000000, 0.000000;;,
      4;4;-1.000000, 0.000000, 0.000000, 0.000000;;,
      5;4;-1.000000, 0.000000, 0.000000, 0.000000;;,
      6;4;-1.000000, 0.000000, 0.000000, 0.000000;;,
      7;4;-1.000000, 0.000000, 0.000000, 0.000000;;,
      8;4;-1.000000, 0.000000, 0.000000, 0.000000;;,
      9;4;-1.000000, 0.000000, 0.000000, 0.000000;;,
      10;4;-1.000000, 0.000000, 0.000000, 0.000000;;,
      11;4;-1.000000, 0.000000, 0.000000, 0.000000;;,
      12;4;-1.000000, 0.000000, 0.000000, 0.000000;;,
      13;4;-1.000000, 0.000000, 0.000000, 0.000000;;,
      14;4;-1.000000, 0.000000, 0.000000, 0.000000;;,
      15;4;-1.000000, 0.000000, 0.000000, 0.000000;;,
      16;4;-1.000000, 0.000000, 0.000000, 0.000000;;,
      17;4;-1.000000, 0.000000, 0.000000, 0.000000;;,
      18;4;-1.000000, 0.000000, 0.000000, 0.000000;;,
      19;4;-1.000000, 0.000000, 0.000000, 0.000000;;,
      20;4;-1.000000, 0.000000, 0.000000, 0.000000;;;
    }
    AnimationKey { // Scale
      1;
      21;
      0;3; 0.010000, 0.010000, 0.010000;;,
      1;3; 0.010000, 0.010000, 0.010000;;,
      2;3; 0.010000, 0.010000, 0.010000;;,
      3;3; 0.010000, 0.010000, 0.010000;;,
      4;3; 0.010000, 0.010000, 0.010000;;,
      5;3; 0.010000, 0.010000, 0.010000;;,
      6;3; 0.010000, 0.010000, 0.010000;;,
      7;3; 0.010000, 0.010000, 0.010000;;,
      8;3; 0.010000, 0.010000, 0.010000;;,
      9;3; 0.010000, 0.010000, 0.010000;;,
      10;3; 0.010000, 0.010000, 0.010000;;,
      11;3; 0.010000, 0.010000, 0.010000;;,
      12;3; 0.010000, 0.010000, 0.010000;;,
      13;3; 0.010000, 0.010000, 0.010000;;,
      14;3; 0.010000, 0.010000, 0.010000;;,
      15;3; 0.010000, 0.010000, 0.010000;;,
      16;3; 0.010000, 0.010000, 0.010000;;,
      17;3; 0.010000, 0.010000, 0.010000;;,
      18;3; 0.010000, 0.010000, 0.010000;;,
      19;3; 0.010000, 0.010000, 0.010000;;,
      20;3; 0.010000, 0.010000, 0.010000;;;
    }
    AnimationKey { // Position
      2;
      21;
      0;3; 0.000000, 0.000000, 0.000000;;,
      1;3; 0.000000, 0.000000, 0.000000;;,
      2;3; 0.000000, 0.000000, 0.000000;;,
      3;3; 0.000000, 0.000000, 0.000000;;,
      4;3; 0.000000, 0.000000, 0.000000;;,
      5;3; 0.000000, 0.000000, 0.000000;;,
      6;3; 0.000000, 0.000000, 0.000000;;,
      7;3; 0.000000, 0.000000, 0.000000;;,
      8;3; 0.000000, 0.000000, 0.000000;;,
      9;3; 0.000000, 0.000000, 0.000000;;,
      10;3; 0.000000, 0.000000, 0.000000;;,
      11;3; 0.000000, 0.000000, 0.000000;;,
      12;3; 0.000000, 0.000000, 0.000000;;,
      13;3; 0.000000, 0.000000, 0.000000;;,
      14;3; 0.000000, 0.000000, 0.000000;;,
      15;3; 0.000000, 0.000000, 0.000000;;,
      16;3; 0.000000, 0.000000, 0.000000;;,
      17;3; 0.000000, 0.000000, 0.000000;;,
      18;3; 0.000000, 0.000000, 0.000000;;,
      19;3; 0.000000, 0.000000, 0.000000;;,
      20;3; 0.000000, 0.000000, 0.000000;;;
    }
  }
  Animation {
    {Armature_Root}
    AnimationKey { // Rotation
      0;
      21;
      0;4;-0.254821, 0.637645, 0.256794, 0.680097;;,
      1;4;-0.254520, 0.637925, 0.257074, 0.679842;;,
      2;4;-0.253852, 0.638857, 0.257709, 0.678975;;,
      3;4;-0.252891, 0.640471, 0.258660, 0.677449;;,
      4;4;-0.251382, 0.643474, 0.260233, 0.674557;;,
      5;4;-0.248991, 0.648769, 0.262804, 0.669356;;,
      6;4;-0.247242, 0.652593, 0.264828, 0.665477;;,
      7;4;-0.246468, 0.654013, 0.265923, 0.663932;;,
      8;4;-0.245530, 0.655735, 0.267069, 0.662119;;,
      9;4;-0.245014, 0.656391, 0.267620, 0.661436;;,
      10;4;-0.245769, 0.654116, 0.266820, 0.663729;;,
      11;4;-0.247325, 0.650245, 0.265145, 0.667615;;,
      12;4;-0.248496, 0.647761, 0.263817, 0.670116;;,
      13;4;-0.248521, 0.648570, 0.263673, 0.669381;;,
      14;4;-0.247913, 0.651163, 0.264209, 0.666873;;,
      15;4;-0.247349, 0.653573, 0.264730, 0.664514;;,
      16;4;-0.247892, 0.653119, 0.264136, 0.664994;;,
      17;4;-0.249823, 0.649104, 0.262114, 0.668991;;,
      18;4;-0.252061, 0.644082, 0.259751, 0.673909;;,
      19;4;-0.253973, 0.639641, 0.257709, 0.678192;;,
      20;4;-0.254821, 0.637645, 0.256794, 0.680097;;;
    }
    AnimationKey { // Scale
      1;
      21;
      0;3; 1.000000, 1.000000, 1.000000;;,
      1;3; 1.000000, 1.000000, 1.000000;;,
      2;3; 1.000000, 1.000000, 1.000000;;,
      3;3; 1.000000, 1.000000, 1.000000;;,
      4;3; 1.000000, 1.000000, 1.000000;;,
      5;3; 1.000000, 1.000000, 1.000000;;,
      6;3; 1.000000, 1.000000, 1.000000;;,
      7;3; 1.000000, 1.000000, 1.000000;;,
      8;3; 1.000000, 1.000000, 1.000000;;,
      9;3; 1.000000, 1.000000, 1.000000;;,
      10;3; 1.000000, 1.000000, 1.000000;;,
      11;3; 1.000000, 1.000000, 1.000000;;,
      12;3; 1.000000, 1.000000, 1.000000;;,
      13;3; 1.000000, 1.000000, 1.000000;;,
      14;3; 1.000000, 1.000000, 1.000000;;,
      15;3; 1.000000, 1.000000, 1.000000;;,
      16;3; 1.000000, 1.000000, 1.000000;;,
      17;3; 1.000000, 1.000000, 1.000000;;,
      18;3; 1.000000, 1.000000, 1.000000;;,
      19;3; 1.000000, 1.000000, 1.000000;;,
      20;3; 1.000000, 1.000000, 1.000000;;;
    }
    AnimationKey { // Position
      2;
      21;
      0;3;-2.218274, 7.973717,119.395668;;,
      1;3;-2.289580, 7.813505,119.573692;;,
      2;3;-2.433299, 7.463721,119.924774;;,
      3;3;-2.565424, 7.121073,120.175400;;,
      4;3;-2.664038, 6.992433,119.909920;;,
      5;3;-2.677095, 7.553311,118.631424;;,
      6;3;-3.042313, 8.721745,116.711266;;,
      7;3;-3.759536, 9.886133,114.816139;;,
      8;3;-4.253238,10.436919,113.629944;;,
      9;3;-4.547389, 9.703692,113.927856;;,
      10;3;-4.907547, 8.035865,115.384293;;,
      11;3;-5.150502, 6.344745,117.180855;;,
      12;3;-4.980160, 5.552199,118.359802;;,
      13;3;-4.265172, 6.444700,118.224739;;,
      14;3;-3.311138, 8.452275,117.240852;;,
      15;3;-2.455096,10.463395,116.186073;;,
      16;3;-1.959575,11.355146,116.019287;;,
      17;3;-1.861843,10.802346,116.894379;;,
      18;3;-1.969896, 9.644419,117.993317;;,
      19;3;-2.136781, 8.495533,118.962021;;,
      20;3;-2.218274, 7.973717,119.395668;;;
    }
  }
  Animation {
    {Armature_Body}
    AnimationKey { // Rotation
      0;
      21;
      0;4;-0.404817, 0.000000, 0.000000,-0.914398;;,
      1;4;-0.404817, 0.000000, 0.000000,-0.914398;;,
      2;4;-0.404817, 0.000000, 0.000000,-0.914398;;,
      3;4;-0.404817, 0.000000, 0.000000,-0.914398;;,
      4;4;-0.404817, 0.000000, 0.000000,-0.914398;;,
      5;4;-0.404817, 0.000000, 0.000000,-0.914398;;,
      6;4;-0.404817, 0.000000, 0.000000,-0.914398;;,
      7;4;-0.404817, 0.000000, 0.000000,-0.914398;;,
      8;4;-0.404817, 0.000000, 0.000000,-0.914398;;,
      9;4;-0.404817, 0.000000, 0.000000,-0.914398;;,
      10;4;-0.404817, 0.000000, 0.000000,-0.914398;;,
      11;4;-0.404817, 0.000000, 0.000000,-0.914398;;,
      12;4;-0.404817, 0.000000, 0.000000,-0.914398;;,
      13;4;-0.404817, 0.000000, 0.000000,-0.914398;;,
      14;4;-0.404817, 0.000000, 0.000000,-0.914398;;,
      15;4;-0.404817, 0.000000, 0.000000,-0.914398;;,
      16;4;-0.404817, 0.000000, 0.000000,-0.914398;;,
      17;4;-0.404817, 0.000000, 0.000000,-0.914398;;,
      18;4;-0.404817, 0.000000, 0.000000,-0.914398;;,
      19;4;-0.404817, 0.000000, 0.000000,-0.914398;;,
      20;4;-0.404817, 0.000000, 0.000000,-0.914398;;;
    }
    AnimationKey { // Scale
      1;
      21;
      0;3; 1.000000, 1.000000, 1.000000;;,
      1;3; 1.000000, 1.000000, 1.000000;;,
      2;3; 1.000000, 1.000000, 1.000000;;,
      3;3; 1.000000, 1.000000, 1.000000;;,
      4;3; 1.000000, 1.000000, 1.000000;;,
      5;3; 1.000000, 1.000000, 1.000000;;,
      6;3; 1.000000, 1.000000, 1.000000;;,
      7;3; 1.000000, 1.000000, 1.000000;;,
      8;3; 1.000000, 1.000000, 1.000000;;,
      9;3; 1.000000, 1.000000, 1.000000;;,
      10;3; 1.000000, 1.000000, 1.000000;;,
      11;3; 1.000000, 1.000000, 1.000000;;,
      12;3; 1.000000, 1.000000, 1.000000;;,
      13;3; 1.000000, 1.000000, 1.000000;;,
      14;3; 1.000000, 1.000000, 1.000000;;,
      15;3; 1.000000, 1.000000, 1.000000;;,
      16;3; 1.000000, 1.000000, 1.000000;;,
      17;3; 1.000000, 1.000000, 1.000000;;,
      18;3; 1.000000, 1.000000, 1.000000;;,
      19;3; 1.000000, 1.000000, 1.000000;;,
      20;3; 1.000000, 1.000000, 1.000000;;;
    }
    AnimationKey { // Position
      2;
      21;
      0;3;-0.000006,27.693787, 0.000000;;,
      1;3;-0.000009,27.693775,-0.000001;;,
      2;3;-0.000003,27.693789,-0.000000;;,
      3;3; 0.000010,27.693800, 0.000001;;,
      4;3;-0.000014,27.693762,-0.000000;;,
      5;3;-0.000001,27.693787, 0.000000;;,
      6;3;-0.000015,27.693785,-0.000000;;,
      7;3; 0.000005,27.693785,-0.000000;;,
      8;3; 0.000008,27.693773, 0.000000;;,
      9;3;-0.000003,27.693773,-0.000000;;,
      10;3; 0.000004,27.693781,-0.000000;;,
      11;3; 0.000010,27.693792, 0.000000;;,
      12;3; 0.000005,27.693789,-0.000000;;,
      13;3; 0.000009,27.693794, 0.000000;;,
      14;3; 0.000010,27.693789, 0.000000;;,
      15;3; 0.000005,27.693787, 0.000000;;,
      16;3; 0.000008,27.693785, 0.000000;;,
      17;3; 0.000001,27.693773, 0.000001;;,
      18;3; 0.000002,27.693796,-0.000000;;,
      19;3; 0.000003,27.693785,-0.000000;;,
      20;3;-0.000006,27.693787, 0.000000;;;
    }
  }
  Animation {
    {Armature_BottomBodyCTRL}
    AnimationKey { // Rotation
      0;
      21;
      0;4;-0.707094,-0.004294,-0.707094,-0.004294;;,
      1;4;-0.707094,-0.004294,-0.707094,-0.004294;;,
      2;4;-0.707094,-0.004294,-0.707094,-0.004294;;,
      3;4;-0.707094,-0.004294,-0.707094,-0.004294;;,
      4;4;-0.707094,-0.004294,-0.707094,-0.004294;;,
      5;4;-0.707094,-0.004294,-0.707094,-0.004294;;,
      6;4;-0.707094,-0.004294,-0.707094,-0.004294;;,
      7;4;-0.707094,-0.004294,-0.707094,-0.004294;;,
      8;4;-0.707094,-0.004294,-0.707094,-0.004294;;,
      9;4;-0.707094,-0.004294,-0.707094,-0.004294;;,
      10;4;-0.707094,-0.004294,-0.707094,-0.004294;;,
      11;4;-0.707094,-0.004294,-0.707094,-0.004294;;,
      12;4;-0.707094,-0.004294,-0.707094,-0.004294;;,
      13;4;-0.707094,-0.004294,-0.707094,-0.004294;;,
      14;4;-0.707094,-0.004294,-0.707094,-0.004294;;,
      15;4;-0.707094,-0.004294,-0.707094,-0.004294;;,
      16;4;-0.707094,-0.004294,-0.707094,-0.004294;;,
      17;4;-0.707094,-0.004294,-0.707094,-0.004294;;,
      18;4;-0.707094,-0.004294,-0.707094,-0.004294;;,
      19;4;-0.707094,-0.004294,-0.707094,-0.004294;;,
      20;4;-0.707094,-0.004294,-0.707094,-0.004294;;;
    }
    AnimationKey { // Scale
      1;
      21;
      0;3; 1.000000, 1.000000, 1.000000;;,
      1;3; 1.000000, 1.000000, 1.000000;;,
      2;3; 1.000000, 1.000000, 1.000000;;,
      3;3; 1.000000, 1.000000, 1.000000;;,
      4;3; 1.000000, 1.000000, 1.000000;;,
      5;3; 1.000000, 1.000000, 1.000000;;,
      6;3; 1.000000, 1.000000, 1.000000;;,
      7;3; 1.000000, 1.000000, 1.000000;;,
      8;3; 1.000000, 1.000000, 1.000000;;,
      9;3; 1.000000, 1.000000, 1.000000;;,
      10;3; 1.000000, 1.000000, 1.000000;;,
      11;3; 1.000000, 1.000000, 1.000000;;,
      12;3; 1.000000, 1.000000, 1.000000;;,
      13;3; 1.000000, 1.000000, 1.000000;;,
      14;3; 1.000000, 1.000000, 1.000000;;,
      15;3; 1.000000, 1.000000, 1.000000;;,
      16;3; 1.000000, 1.000000, 1.000000;;,
      17;3; 1.000000, 1.000000, 1.000000;;,
      18;3; 1.000000, 1.000000, 1.000000;;,
      19;3; 1.000000, 1.000000, 1.000000;;,
      20;3; 1.000000, 1.000000, 1.000000;;;
    }
    AnimationKey { // Position
      2;
      21;
      0;3;38.974445,-0.072381, 0.000001;;,
      1;3;38.939358,-0.071954, 0.000001;;,
      2;3;38.526871,-0.066943, 0.000002;;,
      3;3;37.275288,-0.051739, 0.000001;;,
      4;3;35.208923,-0.026639, 0.000001;;,
      5;3;33.016663,-0.000007, 0.000000;;,
      6;3;30.648266, 0.028761, 0.000000;;,
      7;3;28.255878, 0.057821, 0.000000;;,
      8;3;26.764832, 0.075933,-0.000000;;,
      9;3;26.266548, 0.081987, 0.000000;;,
      10;3;26.223885, 0.082505, 0.000001;;,
      11;3;26.266521, 0.081986,-0.000000;;,
      12;3;26.764868, 0.075933, 0.000000;;,
      13;3;28.255880, 0.057823, 0.000001;;,
      14;3;30.648252, 0.028760, 0.000000;;,
      15;3;33.016651,-0.000008, 0.000000;;,
      16;3;35.208908,-0.026639, 0.000001;;,
      17;3;37.275284,-0.051740, 0.000000;;,
      18;3;38.526855,-0.066941, 0.000000;;,
      19;3;38.939369,-0.071953, 0.000001;;,
      20;3;38.974445,-0.072381, 0.000001;;;
    }
  }
  Animation {
    {Armature_TopBodyCTRL}
    AnimationKey { // Rotation
      0;
      21;
      0;4;-0.707094,-0.004294,-0.707094,-0.004294;;,
      1;4;-0.707094,-0.004294,-0.707094,-0.004294;;,
      2;4;-0.707094,-0.004294,-0.707094,-0.004294;;,
      3;4;-0.707094,-0.004294,-0.707094,-0.004294;;,
      4;4;-0.707094,-0.004294,-0.707094,-0.004294;;,
      5;4;-0.707094,-0.004294,-0.707094,-0.004294;;,
      6;4;-0.707094,-0.004294,-0.707094,-0.004294;;,
      7;4;-0.707094,-0.004294,-0.707094,-0.004294;;,
      8;4;-0.707094,-0.004294,-0.707094,-0.004294;;,
      9;4;-0.707094,-0.004294,-0.707094,-0.004294;;,
      10;4;-0.707094,-0.004294,-0.707094,-0.004294;;,
      11;4;-0.707094,-0.004294,-0.707094,-0.004294;;,
      12;4;-0.707094,-0.004294,-0.707094,-0.004294;;,
      13;4;-0.707094,-0.004294,-0.707094,-0.004294;;,
      14;4;-0.707094,-0.004294,-0.707094,-0.004294;;,
      15;4;-0.707094,-0.004294,-0.707094,-0.004294;;,
      16;4;-0.707094,-0.004294,-0.707094,-0.004294;;,
      17;4;-0.707094,-0.004294,-0.707094,-0.004294;;,
      18;4;-0.707094,-0.004294,-0.707094,-0.004294;;,
      19;4;-0.707094,-0.004294,-0.707094,-0.004294;;,
      20;4;-0.707094,-0.004294,-0.707094,-0.004294;;;
    }
    AnimationKey { // Scale
      1;
      21;
      0;3; 1.000000, 1.000000, 1.000000;;,
      1;3; 1.000000, 1.000000, 1.000000;;,
      2;3; 1.000000, 1.000000, 1.000000;;,
      3;3; 1.000000, 1.000000, 1.000000;;,
      4;3; 1.000000, 1.000000, 1.000000;;,
      5;3; 1.000000, 1.000000, 1.000000;;,
      6;3; 1.000000, 1.000000, 1.000000;;,
      7;3; 1.000000, 1.000000, 1.000000;;,
      8;3; 1.000000, 1.000000, 1.000000;;,
      9;3; 1.000000, 1.000000, 1.000000;;,
      10;3; 1.000000, 1.000000, 1.000000;;,
      11;3; 1.000000, 1.000000, 1.000000;;,
      12;3; 1.000000, 1.000000, 1.000000;;,
      13;3; 1.000000, 1.000000, 1.000000;;,
      14;3; 1.000000, 1.000000, 1.000000;;,
      15;3; 1.000000, 1.000000, 1.000000;;,
      16;3; 1.000000, 1.000000, 1.000000;;,
      17;3; 1.000000, 1.000000, 1.000000;;,
      18;3; 1.000000, 1.000000, 1.000000;;,
      19;3; 1.000000, 1.000000, 1.000000;;,
      20;3; 1.000000, 1.000000, 1.000000;;;
    }
    AnimationKey { // Position
      2;
      21;
      0;3;-39.993835, 0.907154,-0.000001;;,
      1;3;-39.945972, 0.906576,-0.000000;;,
      2;3;-39.386051, 0.899773, 0.000000;;,
      3;3;-37.707249, 0.879382, 0.000000;;,
      4;3;-35.001831, 0.846516, 0.000000;;,
      5;3;-32.294037, 0.813624,-0.000000;;,
      6;3;-29.719351, 0.782351,-0.000000;;,
      7;3;-27.260246, 0.752477, 0.000000;;,
      8;3;-25.762384, 0.734284,-0.000000;;,
      9;3;-25.267292, 0.728271,-0.000000;;,
      10;3;-25.225134, 0.727755, 0.000000;;,
      11;3;-25.267309, 0.728270,-0.000000;;,
      12;3;-25.762356, 0.734283, 0.000000;;,
      13;3;-27.260244, 0.752479, 0.000001;;,
      14;3;-29.719341, 0.782348,-0.000001;;,
      15;3;-32.294052, 0.813626,-0.000001;;,
      16;3;-35.001839, 0.846516,-0.000001;;,
      17;3;-37.707237, 0.879381,-0.000001;;,
      18;3;-39.386086, 0.899775,-0.000002;;,
      19;3;-39.945957, 0.906576,-0.000001;;,
      20;3;-39.993835, 0.907154,-0.000001;;;
    }
  }
  Animation {
    {Armature_LeftBodyCTRL}
    AnimationKey { // Rotation
      0;
      21;
      0;4;-0.707094,-0.004294,-0.707094,-0.004294;;,
      1;4;-0.707094,-0.004294,-0.707094,-0.004294;;,
      2;4;-0.707094,-0.004294,-0.707094,-0.004294;;,
      3;4;-0.707094,-0.004294,-0.707094,-0.004294;;,
      4;4;-0.707094,-0.004294,-0.707094,-0.004294;;,
      5;4;-0.707094,-0.004294,-0.707094,-0.004294;;,
      6;4;-0.707094,-0.004294,-0.707094,-0.004294;;,
      7;4;-0.707094,-0.004294,-0.707094,-0.004294;;,
      8;4;-0.707094,-0.004294,-0.707094,-0.004294;;,
      9;4;-0.707094,-0.004294,-0.707094,-0.004294;;,
      10;4;-0.707094,-0.004294,-0.707094,-0.004294;;,
      11;4;-0.707094,-0.004294,-0.707094,-0.004294;;,
      12;4;-0.707094,-0.004294,-0.707094,-0.004294;;,
      13;4;-0.707094,-0.004294,-0.707094,-0.004294;;,
      14;4;-0.707094,-0.004294,-0.707094,-0.004294;;,
      15;4;-0.707094,-0.004294,-0.707094,-0.004294;;,
      16;4;-0.707094,-0.004294,-0.707094,-0.004294;;,
      17;4;-0.707094,-0.004294,-0.707094,-0.004294;;,
      18;4;-0.707094,-0.004294,-0.707094,-0.004294;;,
      19;4;-0.707094,-0.004294,-0.707094,-0.004294;;,
      20;4;-0.707094,-0.004294,-0.707094,-0.004294;;;
    }
    AnimationKey { // Scale
      1;
      21;
      0;3; 1.000000, 1.000000, 1.000000;;,
      1;3; 1.000000, 1.000000, 1.000000;;,
      2;3; 1.000000, 1.000000, 1.000000;;,
      3;3; 1.000000, 1.000000, 1.000000;;,
      4;3; 1.000000, 1.000000, 1.000000;;,
      5;3; 1.000000, 1.000000, 1.000000;;,
      6;3; 1.000000, 1.000000, 1.000000;;,
      7;3; 1.000000, 1.000000, 1.000000;;,
      8;3; 1.000000, 1.000000, 1.000000;;,
      9;3; 1.000000, 1.000000, 1.000000;;,
      10;3; 1.000000, 1.000000, 1.000000;;,
      11;3; 1.000000, 1.000000, 1.000000;;,
      12;3; 1.000000, 1.000000, 1.000000;;,
      13;3; 1.000000, 1.000000, 1.000000;;,
      14;3; 1.000000, 1.000000, 1.000000;;,
      15;3; 1.000000, 1.000000, 1.000000;;,
      16;3; 1.000000, 1.000000, 1.000000;;,
      17;3; 1.000000, 1.000000, 1.000000;;,
      18;3; 1.000000, 1.000000, 1.000000;;,
      19;3; 1.000000, 1.000000, 1.000000;;,
      20;3; 1.000000, 1.000000, 1.000000;;;
    }
    AnimationKey { // Position
      2;
      21;
      0;3;-0.598616,-0.008506,43.311501;;,
      1;3;-0.598619,-0.008507,43.249302;;,
      2;3;-0.598611,-0.008506,42.524223;;,
      3;3;-0.598634,-0.008505,40.366047;;,
      4;3;-0.598610,-0.008506,36.942204;;,
      5;3;-0.598635,-0.008506,33.650482;;,
      6;3;-0.598635,-0.008505,30.830023;;,
      7;3;-0.598627,-0.008507,28.278212;;,
      8;3;-0.598643,-0.008507,26.760744;;,
      9;3;-0.598621,-0.008504,26.265156;;,
      10;3;-0.598634,-0.008506,26.223181;;,
      11;3;-0.598634,-0.008506,26.265160;;,
      12;3;-0.598608,-0.008505,26.760742;;,
      13;3;-0.598627,-0.008505,28.278210;;,
      14;3;-0.598639,-0.008506,30.830017;;,
      15;3;-0.598618,-0.008506,33.650475;;,
      16;3;-0.598623,-0.008506,36.942204;;,
      17;3;-0.598639,-0.008506,40.366035;;,
      18;3;-0.598633,-0.008504,42.524227;;,
      19;3;-0.598617,-0.008505,43.249306;;,
      20;3;-0.598616,-0.008506,43.311501;;;
    }
  }
  Animation {
    {Armature_RightBodyCTRL}
    AnimationKey { // Rotation
      0;
      21;
      0;4;-0.004290, 0.707094,-0.004294, 0.707094;;,
      1;4;-0.004290, 0.707094,-0.004294, 0.707094;;,
      2;4;-0.004290, 0.707094,-0.004294, 0.707094;;,
      3;4;-0.004290, 0.707094,-0.004294, 0.707094;;,
      4;4;-0.004290, 0.707094,-0.004294, 0.707094;;,
      5;4;-0.004290, 0.707094,-0.004294, 0.707094;;,
      6;4;-0.004290, 0.707094,-0.004294, 0.707094;;,
      7;4;-0.004290, 0.707094,-0.004294, 0.707094;;,
      8;4;-0.004290, 0.707094,-0.004294, 0.707094;;,
      9;4;-0.004290, 0.707094,-0.004294, 0.707094;;,
      10;4;-0.004290, 0.707094,-0.004294, 0.707094;;,
      11;4;-0.004290, 0.707094,-0.004294, 0.707094;;,
      12;4;-0.004290, 0.707094,-0.004294, 0.707094;;,
      13;4;-0.004290, 0.707094,-0.004294, 0.707094;;,
      14;4;-0.004290, 0.707094,-0.004294, 0.707094;;,
      15;4;-0.004290, 0.707094,-0.004294, 0.707094;;,
      16;4;-0.004290, 0.707094,-0.004294, 0.707094;;,
      17;4;-0.004290, 0.707094,-0.004294, 0.707094;;,
      18;4;-0.004290, 0.707094,-0.004294, 0.707094;;,
      19;4;-0.004290, 0.707094,-0.004294, 0.707094;;,
      20;4;-0.004290, 0.707094,-0.004294, 0.707094;;;
    }
    AnimationKey { // Scale
      1;
      21;
      0;3; 1.001021, 1.000000, 1.000000;;,
      1;3; 1.001021, 1.000000, 1.000000;;,
      2;3; 1.001021, 1.000000, 1.000000;;,
      3;3; 1.001021, 1.000000, 1.000000;;,
      4;3; 1.001021, 1.000000, 1.000000;;,
      5;3; 1.001021, 1.000000, 1.000000;;,
      6;3; 1.001021, 1.000000, 1.000000;;,
      7;3; 1.001020, 1.000000, 1.000000;;,
      8;3; 1.001021, 1.000000, 1.000000;;,
      9;3; 1.001021, 1.000000, 1.000000;;,
      10;3; 1.001021, 1.000000, 1.000000;;,
      11;3; 1.001021, 1.000000, 1.000000;;,
      12;3; 1.001020, 1.000000, 1.000000;;,
      13;3; 1.001020, 1.000000, 1.000000;;,
      14;3; 1.001021, 1.000000, 1.000000;;,
      15;3; 1.001021, 1.000000, 1.000000;;,
      16;3; 1.001021, 1.000000, 1.000000;;,
      17;3; 1.001021, 1.000000, 1.000000;;,
      18;3; 1.001021, 1.000000, 1.000000;;,
      19;3; 1.001021, 1.000000, 1.000000;;,
      20;3; 1.001021, 1.000000, 1.000000;;;
    }
    AnimationKey { // Position
      2;
      21;
      0;3;-0.598805,-0.008401,-42.116779;;,
      1;3;-0.598809,-0.008402,-42.065075;;,
      2;3;-0.598791,-0.008410,-41.459236;;,
      3;3;-0.598824,-0.008430,-39.635715;;,
      4;3;-0.598800,-0.008469,-36.673733;;,
      5;3;-0.598810,-0.008506,-33.650505;;,
      6;3;-0.598808,-0.008542,-30.641645;;,
      7;3;-0.598832,-0.008580,-27.706280;;,
      8;3;-0.598832,-0.008603,-25.902319;;,
      9;3;-0.598826,-0.008607,-25.303480;;,
      10;3;-0.598822,-0.008611,-25.252386;;,
      11;3;-0.598821,-0.008610,-25.303490;;,
      12;3;-0.598790,-0.008602,-25.902315;;,
      13;3;-0.598821,-0.008579,-27.706278;;,
      14;3;-0.598832,-0.008544,-30.641645;;,
      15;3;-0.598837,-0.008505,-33.650497;;,
      16;3;-0.598803,-0.008469,-36.673733;;,
      17;3;-0.598822,-0.008431,-39.635712;;,
      18;3;-0.598796,-0.008410,-41.459236;;,
      19;3;-0.598798,-0.008403,-42.065067;;,
      20;3;-0.598805,-0.008401,-42.116779;;;
    }
  }
  Animation {
    {Armature_RearBodyCTRL}
    AnimationKey { // Rotation
      0;
      21;
      0;4;-0.707094,-0.004294,-0.707094,-0.004294;;,
      1;4;-0.707094,-0.004294,-0.707094,-0.004294;;,
      2;4;-0.707094,-0.004294,-0.707094,-0.004294;;,
      3;4;-0.707094,-0.004294,-0.707094,-0.004294;;,
      4;4;-0.707094,-0.004294,-0.707094,-0.004294;;,
      5;4;-0.707094,-0.004294,-0.707094,-0.004294;;,
      6;4;-0.707094,-0.004294,-0.707094,-0.004294;;,
      7;4;-0.707094,-0.004294,-0.707094,-0.004294;;,
      8;4;-0.707094,-0.004294,-0.707094,-0.004294;;,
