xof 0303txt 0032

Frame Root {
  FrameTransformMatrix {
     1.000000, 0.000000, 0.000000, 0.000000,
     0.000000,-0.000000,-1.000000, 0.000000,
     0.000000, 1.000000,-0.000000, 0.000000,
     0.000000, 0.000000, 0.000000, 1.000000;;
  }
  Frame Armature {
    FrameTransformMatrix {
       0.010000, 0.000000, 0.000000, 0.000000,
       0.000000, 0.010000, 0.000000, 0.000000,
       0.000000, 0.000000, 0.010000, 0.000000,
       0.000000, 0.000000, 0.000000, 1.000000;;
    }
    Frame Armature_Root {
      FrameTransformMatrix {
        -0.000000, 0.748446, 0.663196, 0.000000,
        -0.000000,-0.663196, 0.748446, 0.000000,
         1.000000, 0.000000, 0.000000, 0.000000,
         0.000000,18.382175,124.737038, 1.000000;;
      }
      Frame Armature_Body {
        FrameTransformMatrix {
          -0.672246,-0.740328,-0.000000, 0.000000,
           0.740328,-0.672246, 0.000000, 0.000000,
          -0.000000,-0.000000, 1.000000, 0.000000,
           0.000008,27.693796, 0.000000, 1.000000;;
        }
        Frame Armature_BottomBodyCTRL {
          FrameTransformMatrix {
            -0.000000, 0.000000, 1.000000, 0.000000,
             0.012146, 0.999926, 0.000000, 0.000000,
            -0.999926, 0.012146,-0.000000, 0.000000,
            33.016674,-0.000009, 0.000000, 1.000000;;
          }
        } // End of Armature_BottomBodyCTRL
        Frame Armature_EyeCTRL {
          FrameTransformMatrix {
            -0.999112, 0.044514,-0.000000, 0.000000,
            -0.044514,-0.999009, 0.000000, 0.000000,
            -0.000000, 0.000000, 1.000000, 0.000000,
            -0.859378,-18.079184,-0.000000, 1.000000;;
          }
          Frame Armature_EyeBallCTRL {
            FrameTransformMatrix {
               0.032376,-0.999476,-0.000000, 0.000000,
              -0.000000,-0.000000, 1.000000, 0.000000,
              -0.999476,-0.032376,-0.000000, 0.000000,
               0.000003,12.242519, 0.000000, 1.000000;;
            }
          } // End of Armature_EyeBallCTRL
          Frame Armature_LowerEyelidCTRL {
            FrameTransformMatrix {
               0.032376,-0.999476,-0.000000, 0.000000,
              -0.000000,-0.000000, 1.000000, 0.000000,
              -0.999476,-0.032376,-0.000000, 0.000000,
               0.000000,12.597345, 0.000000, 1.000000;;
            }
          } // End of Armature_LowerEyelidCTRL
          Frame Armature_UpperEyelidCTRL {
            FrameTransformMatrix {
              -0.088262,-0.996097,-0.000000, 0.000000,
              -0.000000,-0.000000, 1.000000, 0.000000,
              -0.996097, 0.088262,-0.000000, 0.000000,
               0.000000,12.597345, 0.000000, 1.000000;;
            }
          } // End of Armature_UpperEyelidCTRL
        } // End of Armature_EyeCTRL
        Frame Armature_LeftBodyCTRL {
          FrameTransformMatrix {
            -0.000000, 0.000000, 1.000000, 0.000000,
             0.012146, 0.999926, 0.000000, 0.000000,
            -0.999926, 0.012146,-0.000000, 0.000000,
            -0.598615,-0.008506,33.650478, 1.000000;;
          }
        } // End of Armature_LeftBodyCTRL
        Frame Armature_Process01 {
          FrameTransformMatrix {
            -0.988296, 0.012005, 0.152077, 0.000000,
             0.016223, 0.999517, 0.026523, 0.000000,
            -0.151685, 0.028680,-0.988013, 0.000000,
            -41.532017,-6.365072, 8.697648, 1.000000;;
          }
        } // End of Armature_Process01
        Frame Armature_Process02 {
          FrameTransformMatrix {
             0.277334, 0.441454, 0.853349, 0.000000,
             0.010771, 0.886705,-0.462211, 0.000000,
            -0.960714, 0.137378, 0.241158, 0.000000,
             7.566960,18.773951,38.804436, 1.000000;;
          }
        } // End of Armature_Process02
        Frame Armature_Process03 {
          FrameTransformMatrix {
             0.900869, 0.426892, 0.078726, 0.000000,
            -0.430445, 0.901946, 0.034813, 0.000000,
            -0.056145,-0.065249, 0.996288, 0.000000,
            37.941006,18.159899, 6.916867, 1.000000;;
          }
        } // End of Armature_Process03
        Frame Armature_Process04 {
          FrameTransformMatrix {
             0.763121,-0.402115,-0.505916, 0.000000,
             0.356137, 0.914913,-0.190001, 0.000000,
             0.539271,-0.035182, 0.841397, 0.000000,
            31.862389,-18.825495,-22.134548, 1.000000;;
          }
        } // End of Armature_Process04
        Frame Armature_Process05 {
          FrameTransformMatrix {
            -0.377608, 0.795702,-0.473573, 0.000000,
             0.023719,-0.502957,-0.863986, 0.000000,
            -0.925662,-0.337480, 0.171047, 0.000000,
            -15.017796,26.232946,-24.951460, 1.000000;;
          }
        } // End of Armature_Process05
        Frame Armature_RearBodyCTRL {
          FrameTransformMatrix {
            -0.000000,-0.000000, 1.000000, 0.000000,
             0.012146, 0.999926, 0.000000, 0.000000,
            -0.999926, 0.012146,-0.000000, 0.000000,
             0.236400,29.980715, 0.000000, 1.000000;;
          }
        } // End of Armature_RearBodyCTRL
        Frame Armature_RightBodyCTRL {
          FrameTransformMatrix {
            -0.000000,-0.000012, 1.001021, 0.000000,
            -0.012146,-0.999926,-0.000000, 0.000000,
             0.999926,-0.012146, 0.000000, 0.000000,
            -0.598791,-0.008506,-33.650501, 1.000000;;
          }
        } // End of Armature_RightBodyCTRL
        Frame Armature_TentacleA01 {
          FrameTransformMatrix {
            -0.083603, 0.986929, 0.137776, 0.000000,
            -0.685941,-0.157286, 0.710455, 0.000000,
             0.722838,-0.035110, 0.690125, 0.000000,
            -23.063545,-6.629874,36.039707, 1.000000;;
          }
          Frame Armature_TentacleA02 {
            FrameTransformMatrix {
               0.999549,-0.029355,-0.006325, 0.000000,
               0.028384, 0.992355,-0.120112, 0.000000,
               0.009802, 0.119878, 0.992740, 0.000000,
              -0.110826,12.595024, 0.172173, 1.000000;;
            }
            Frame Armature_TentacleA03 {
              FrameTransformMatrix {
                 0.999076, 0.041658, 0.010550, 0.000000,
                -0.041745, 0.999095, 0.008084, 0.000000,
                -0.010204,-0.008516, 0.999912, 0.000000,
                 0.094001,14.155027, 0.248671, 1.000000;;
              }
              Frame Armature_TentacleA04 {
                FrameTransformMatrix {
                   0.999923,-0.012328,-0.001316, 0.000000,
                   0.011951, 0.986706,-0.162072, 0.000000,
                   0.003296, 0.162044, 0.986778, 0.000000,
                  -0.093128,10.906157,-0.323441, 1.000000;;
                }
                Frame Armature_TentacleA05 {
                  FrameTransformMatrix {
                    -0.091370,-0.566525, 0.818964, 0.000000,
                     0.993525,-0.107626, 0.036395, 0.000000,
                     0.067523, 0.816986, 0.572690, 0.000000,
                    -0.000002,16.387579,-0.000001, 1.000000;;
                  }
                } // End of Armature_TentacleA05
              } // End of Armature_TentacleA04
            } // End of Armature_TentacleA03
          } // End of Armature_TentacleA02
        } // End of Armature_TentacleA01
        Frame Armature_TentacleB01 {
          FrameTransformMatrix {
             0.298180, 0.874573, 0.382376, 0.000000,
             0.560595,-0.484688, 0.671425, 0.000000,
             0.772543, 0.014153,-0.634805, 0.000000,
            19.650843,-18.561607,32.340565, 1.000000;;
          }
          Frame Armature_TentacleB02 {
            FrameTransformMatrix {
               0.999725, 0.005710,-0.022729, 0.000000,
              -0.003838, 0.996658, 0.081594, 0.000000,
               0.023119,-0.081484, 0.996407, 0.000000,
               0.063267,10.691491, 0.391641, 1.000000;;
            }
            Frame Armature_TentacleB03 {
              FrameTransformMatrix {
                 0.999875,-0.003993, 0.015309, 0.000000,
                 0.000246, 0.971427, 0.237339, 0.000000,
                -0.015819,-0.237306, 0.971306, 0.000000,
                -0.040695,14.817822,-0.319039, 1.000000;;
              }
              Frame Armature_TentacleB04 {
                FrameTransformMatrix {
                   0.999184, 0.028936,-0.028185, 0.000000,
                  -0.024092, 0.986954, 0.159186, 0.000000,
                   0.032424,-0.158377, 0.986846, 0.000000,
                   0.345648,12.711916, 0.548213, 1.000000;;
                }
                Frame Armature_TentacleB05 {
                  FrameTransformMatrix {
                     0.999142,-0.008305,-0.040585, 0.000000,
                     0.007986, 0.999936,-0.007999, 0.000000,
                     0.040649, 0.007668, 0.999144, 0.000000,
                     0.000000,18.558542, 0.000001, 1.000000;;
                  }
                } // End of Armature_TentacleB05
              } // End of Armature_TentacleB04
            } // End of Armature_TentacleB03
          } // End of Armature_TentacleB02
        } // End of Armature_TentacleB01
        Frame Armature_TentacleC01 {
          FrameTransformMatrix {
            -0.176781, 0.983764, 0.030953, 0.000000,
             0.984198, 0.176362, 0.015820, 0.000000,
             0.010104, 0.033261,-0.999396, 0.000000,
            39.123764, 5.665392,-8.376417, 1.000000;;
          }
          Frame Armature_TentacleC02 {
            FrameTransformMatrix {
               0.999422, 0.033447,-0.006079, 0.000000,
              -0.033899, 0.967106,-0.252105, 0.000000,
              -0.002553, 0.252165, 0.967681, 0.000000,
               0.042413, 9.142001,-0.048413, 1.000000;;
            }
            Frame Armature_TentacleC03 {
              FrameTransformMatrix {
                 0.999668, 0.025390, 0.004367, 0.000000,
                -0.024442, 0.988283,-0.150661, 0.000000,
                -0.008141, 0.150504, 0.988576, 0.000000,
                -0.005153,11.585227,-0.006624, 1.000000;;
              }
              Frame Armature_TentacleC04 {
                FrameTransformMatrix {
                   0.999130,-0.041224,-0.006313, 0.000000,
                   0.038324, 0.967267,-0.250850, 0.000000,
                   0.016448, 0.250390, 0.968005, 0.000000,
                  -0.031688, 8.851307,-0.027298, 1.000000;;
                }
                Frame Armature_TentacleC05 {
                  FrameTransformMatrix {
                     0.994336, 0.000753, 0.106276, 0.000000,
                     0.022043, 0.976770,-0.213153, 0.000000,
                    -0.103968, 0.214288, 0.971222, 0.000000,
                    -0.000001, 9.819501,-0.000005, 1.000000;;
                  }
                } // End of Armature_TentacleC05
              } // End of Armature_TentacleC04
            } // End of Armature_TentacleC03
          } // End of Armature_TentacleC02
        } // End of Armature_TentacleC01
        Frame Armature_TentacleD01 {
          FrameTransformMatrix {
            -0.017063, 0.986637, 0.162039, 0.000000,
             0.402311, 0.155139,-0.902262, 0.000000,
            -0.915344, 0.049795,-0.399582, 0.000000,
             8.171147, 6.275734,-41.120029, 1.000000;;
          }
          Frame Armature_TentacleD02 {
            FrameTransformMatrix {
               0.999983, 0.002972, 0.004890, 0.000000,
              -0.001261, 0.947960,-0.318386, 0.000000,
              -0.005582, 0.318374, 0.947949, 0.000000,
              -0.003058,12.007997,-0.032275, 1.000000;;
            }
            Frame Armature_TentacleD03 {
              FrameTransformMatrix {
                 0.999993, 0.003823, 0.000171, 0.000000,
                -0.003551, 0.943609,-0.331043, 0.000000,
                -0.001427, 0.331040, 0.943616, 0.000000,
                 0.000000,15.854486, 0.000007, 1.000000;;
              }
              Frame Armature_TentacleD04 {
                FrameTransformMatrix {
                   0.998372,-0.056168, 0.009901, 0.000000,
                   0.056655, 0.956706,-0.285488, 0.000000,
                   0.006563, 0.285584, 0.958331, 0.000000,
                  -0.212299,12.108990, 0.170104, 1.000000;;
                }
                Frame Armature_TentacleD05 {
                  FrameTransformMatrix {
                     0.999719,-0.022919,-0.006052, 0.000000,
                     0.022923, 0.999737, 0.000501, 0.000000,
                     0.006039,-0.000639, 0.999982, 0.000000,
                    -0.000001,12.287929, 0.000002, 1.000000;;
                  }
                } // End of Armature_TentacleD05
              } // End of Armature_TentacleD04
            } // End of Armature_TentacleD03
          } // End of Armature_TentacleD02
        } // End of Armature_TentacleD01
        Frame Armature_TentacleE01 {
          FrameTransformMatrix {
            -0.410775, 0.870891,-0.269840, 0.000000,
            -0.817155,-0.482935,-0.314693, 0.000000,
            -0.404379, 0.091233, 0.910030, 0.000000,
            -30.838360,-17.541433,-21.570747, 1.000000;;
          }
          Frame Armature_TentacleE02 {
            FrameTransformMatrix {
               0.999516,-0.029439, 0.010004, 0.000000,
               0.027812, 0.990365, 0.135660, 0.000000,
              -0.013901,-0.135316, 0.990705, 0.000000,
               0.073492,10.821175, 0.046599, 1.000000;;
            }
            Frame Armature_TentacleE03 {
              FrameTransformMatrix {
                 0.998409,-0.056246, 0.004091, 0.000000,
                 0.055878, 0.996452, 0.062933, 0.000000,
                -0.007616,-0.062605, 0.998009, 0.000000,
                 0.056139,11.782662, 0.008712, 1.000000;;
              }
              Frame Armature_TentacleE04 {
                FrameTransformMatrix {
                   0.996306, 0.083522, 0.019946, 0.000000,
                  -0.085585, 0.984768, 0.151353, 0.000000,
                  -0.007001,-0.152501, 0.988279, 0.000000,
                   0.380456, 8.371631,-0.156600, 1.000000;;
                }
                Frame Armature_TentacleE05 {
                  FrameTransformMatrix {
                     0.988334,-0.149331, 0.029926, 0.000000,
                     0.149814, 0.988606,-0.014615, 0.000000,
                    -0.027402, 0.018928, 0.999445, 0.000000,
                    -0.000009,15.094584, 0.000002, 1.000000;;
                  }
                } // End of Armature_TentacleE05
              } // End of Armature_TentacleE04
            } // End of Armature_TentacleE03
          } // End of Armature_TentacleE02
        } // End of Armature_TentacleE01
        Frame Armature_TentacleF01 {
          FrameTransformMatrix {
             0.609334, 0.703922,-0.364973, 0.000000,
            -0.650751, 0.706947, 0.277037, 0.000000,
             0.453029, 0.068698, 0.888845, 0.000000,
            -24.773167,28.514017,17.913273, 1.000000;;
          }
          Frame Armature_TentacleF02 {
            FrameTransformMatrix {
               0.999688, 0.007763,-0.023753, 0.000000,
              -0.011709, 0.985234,-0.170813, 0.000000,
               0.022076, 0.171037, 0.985017, 0.000000,
               0.020696,14.963232,-0.070303, 1.000000;;
            }
            Frame Armature_TentacleF03 {
              FrameTransformMatrix {
                 0.999325,-0.032690, 0.016748, 0.000000,
                 0.034468, 0.992161,-0.120120, 0.000000,
                -0.012690, 0.120616, 0.992618, 0.000000,
                -0.094036,18.701702, 0.045942, 1.000000;;
              }
              Frame Armature_TentacleF04 {
                FrameTransformMatrix {
                   0.993285, 0.071433,-0.091005, 0.000000,
                  -0.080408, 0.991822,-0.099109, 0.000000,
                   0.083181, 0.105761, 0.990906, 0.000000,
                   0.588651,14.878617,-0.947043, 1.000000;;
                }
                Frame Armature_TentacleF05 {
                  FrameTransformMatrix {
                     0.995372,-0.040213, 0.087280, 0.000000,
                     0.057013, 0.978241,-0.199487, 0.000000,
                    -0.077359, 0.203539, 0.976006, 0.000000,
                    -0.000010,17.896137,-0.000004, 1.000000;;
                  }
                } // End of Armature_TentacleF05
              } // End of Armature_TentacleF04
            } // End of Armature_TentacleF03
          } // End of Armature_TentacleF02
        } // End of Armature_TentacleF01
        Frame Armature_TopBodyCTRL {
          FrameTransformMatrix {
            -0.000000, 0.000000, 1.000000, 0.000000,
             0.012146, 0.999926, 0.000000, 0.000000,
            -0.999926, 0.012146,-0.000000, 0.000000,
            -32.294044, 0.813624,-0.000000, 1.000000;;
          }
        } // End of Armature_TopBodyCTRL
      } // End of Armature_Body
    } // End of Armature_Root
    Frame BeholderMesh {
      FrameTransformMatrix {
         1.000000, 0.000000, 0.000000, 0.000000,
         0.000000, 1.000000, 0.000000, 0.000000,
         0.000000, 0.000000, 1.000000, 0.000000,
        -0.000004,-0.000002,-0.000004, 1.000000;;
      }
    } // End of BeholderMesh
  } // End of Armature
} // End of Root
AnimationSet Global {
  Animation {
    {Armature}
    AnimationKey { // Rotation
      0;
      41;
      0;4;-1.000000, 0.000000, 0.000000, 0.000000;;,
      1;4;-1.000000, 0.000000, 0.000000, 0.000000;;,
      2;4;-1.000000, 0.000000, 0.000000, 0.000000;;,
      3;4;-1.000000, 0.000000, 0.000000, 0.000000;;,
      4;4;-1.000000, 0.000000, 0.000000, 0.000000;;,
      5;4;-1.000000, 0.000000, 0.000000, 0.000000;;,
      6;4;-1.000000, 0.000000, 0.000000, 0.000000;;,
      7;4;-1.000000, 0.000000, 0.000000, 0.000000;;,
      8;4;-1.000000, 0.000000, 0.000000, 0.000000;;,
      9;4;-1.000000, 0.000000, 0.000000, 0.000000;;,
      10;4;-1.000000, 0.000000, 0.000000, 0.000000;;,
      11;4;-1.000000, 0.000000, 0.000000, 0.000000;;,
      12;4;-1.000000, 0.000000, 0.000000, 0.000000;;,
      13;4;-1.000000, 0.000000, 0.000000, 0.000000;;,
      14;4;-1.000000, 0.000000, 0.000000, 0.000000;;,
      15;4;-1.000000, 0.000000, 0.000000, 0.000000;;,
      16;4;-1.000000, 0.000000, 0.000000, 0.000000;;,
      17;4;-1.000000, 0.000000, 0.000000, 0.000000;;,
      18;4;-1.000000, 0.000000, 0.000000, 0.000000;;,
      19;4;-1.000000, 0.000000, 0.000000, 0.000000;;,
      20;4;-1.000000, 0.000000, 0.000000, 0.000000;;,
      21;4;-1.000000, 0.000000, 0.000000, 0.000000;;,
      22;4;-1.000000, 0.000000, 0.000000, 0.000000;;,
      23;4;-1.000000, 0.000000, 0.000000, 0.000000;;,
      24;4;-1.000000, 0.000000, 0.000000, 0.000000;;,
      25;4;-1.000000, 0.000000, 0.000000, 0.000000;;,
      26;4;-1.000000, 0.000000, 0.000000, 0.000000;;,
      27;4;-1.000000, 0.000000, 0.000000, 0.000000;;,
      28;4;-1.000000, 0.000000, 0.000000, 0.000000;;,
      29;4;-1.000000, 0.000000, 0.000000, 0.000000;;,
      30;4;-1.000000, 0.000000, 0.000000, 0.000000;;,
      31;4;-1.000000, 0.000000, 0.000000, 0.000000;;,
      32;4;-1.000000, 0.000000, 0.000000, 0.000000;;,
      33;4;-1.000000, 0.000000, 0.000000, 0.000000;;,
      34;4;-1.000000, 0.000000, 0.000000, 0.000000;;,
      35;4;-1.000000, 0.000000, 0.000000, 0.000000;;,
      36;4;-1.000000, 0.000000, 0.000000, 0.000000;;,
      37;4;-1.000000, 0.000000, 0.000000, 0.000000;;,
      38;4;-1.000000, 0.000000, 0.000000, 0.000000;;,
      39;4;-1.000000, 0.000000, 0.000000, 0.000000;;,
      40;4;-1.000000, 0.000000, 0.000000, 0.000000;;;
    }
    AnimationKey { // Scale
      1;
      41;
      0;3; 0.010000, 0.010000, 0.010000;;,
      1;3; 0.010000, 0.010000, 0.010000;;,
      2;3; 0.010000, 0.010000, 0.010000;;,
      3;3; 0.010000, 0.010000, 0.010000;;,
      4;3; 0.010000, 0.010000, 0.010000;;,
      5;3; 0.010000, 0.010000, 0.010000;;,
      6;3; 0.010000, 0.010000, 0.010000;;,
      7;3; 0.010000, 0.010000, 0.010000;;,
      8;3; 0.010000, 0.010000, 0.010000;;,
      9;3; 0.010000, 0.010000, 0.010000;;,
      10;3; 0.010000, 0.010000, 0.010000;;,
      11;3; 0.010000, 0.010000, 0.010000;;,
      12;3; 0.010000, 0.010000, 0.010000;;,
      13;3; 0.010000, 0.010000, 0.010000;;,
      14;3; 0.010000, 0.010000, 0.010000;;,
      15;3; 0.010000, 0.010000, 0.010000;;,
      16;3; 0.010000, 0.010000, 0.010000;;,
      17;3; 0.010000, 0.010000, 0.010000;;,
      18;3; 0.010000, 0.010000, 0.010000;;,
      19;3; 0.010000, 0.010000, 0.010000;;,
      20;3; 0.010000, 0.010000, 0.010000;;,
      21;3; 0.010000, 0.010000, 0.010000;;,
      22;3; 0.010000, 0.010000, 0.010000;;,
      23;3; 0.010000, 0.010000, 0.010000;;,
      24;3; 0.010000, 0.010000, 0.010000;;,
      25;3; 0.010000, 0.010000, 0.010000;;,
      26;3; 0.010000, 0.010000, 0.010000;;,
      27;3; 0.010000, 0.010000, 0.010000;;,
      28;3; 0.010000, 0.010000, 0.010000;;,
      29;3; 0.010000, 0.010000, 0.010000;;,
      30;3; 0.010000, 0.010000, 0.010000;;,
      31;3; 0.010000, 0.010000, 0.010000;;,
      32;3; 0.010000, 0.010000, 0.010000;;,
      33;3; 0.010000, 0.010000, 0.010000;;,
      34;3; 0.010000, 0.010000, 0.010000;;,
      35;3; 0.010000, 0.010000, 0.010000;;,
      36;3; 0.010000, 0.010000, 0.010000;;,
      37;3; 0.010000, 0.010000, 0.010000;;,
      38;3; 0.010000, 0.010000, 0.010000;;,
      39;3; 0.010000, 0.010000, 0.010000;;,
      40;3; 0.010000, 0.010000, 0.010000;;;
    }
    AnimationKey { // Position
      2;
      41;
      0;3; 0.000000, 0.000000, 0.000000;;,
      1;3; 0.000000, 0.000000, 0.000000;;,
      2;3; 0.000000, 0.000000, 0.000000;;,
      3;3; 0.000000, 0.000000, 0.000000;;,
      4;3; 0.000000, 0.000000, 0.000000;;,
      5;3; 0.000000, 0.000000, 0.000000;;,
      6;3; 0.000000, 0.000000, 0.000000;;,
      7;3; 0.000000, 0.000000, 0.000000;;,
      8;3; 0.000000, 0.000000, 0.000000;;,
      9;3; 0.000000, 0.000000, 0.000000;;,
      10;3; 0.000000, 0.000000, 0.000000;;,
      11;3; 0.000000, 0.000000, 0.000000;;,
      12;3; 0.000000, 0.000000, 0.000000;;,
      13;3; 0.000000, 0.000000, 0.000000;;,
      14;3; 0.000000, 0.000000, 0.000000;;,
      15;3; 0.000000, 0.000000, 0.000000;;,
      16;3; 0.000000, 0.000000, 0.000000;;,
      17;3; 0.000000, 0.000000, 0.000000;;,
      18;3; 0.000000, 0.000000, 0.000000;;,
      19;3; 0.000000, 0.000000, 0.000000;;,
      20;3; 0.000000, 0.000000, 0.000000;;,
      21;3; 0.000000, 0.000000, 0.000000;;,
      22;3; 0.000000, 0.000000, 0.000000;;,
      23;3; 0.000000, 0.000000, 0.000000;;,
      24;3; 0.000000, 0.000000, 0.000000;;,
      25;3; 0.000000, 0.000000, 0.000000;;,
      26;3; 0.000000, 0.000000, 0.000000;;,
      27;3; 0.000000, 0.000000, 0.000000;;,
      28;3; 0.000000, 0.000000, 0.000000;;,
      29;3; 0.000000, 0.000000, 0.000000;;,
      30;3; 0.000000, 0.000000, 0.000000;;,
      31;3; 0.000000, 0.000000, 0.000000;;,
      32;3; 0.000000, 0.000000, 0.000000;;,
      33;3; 0.000000, 0.000000, 0.000000;;,
      34;3; 0.000000, 0.000000, 0.000000;;,
      35;3; 0.000000, 0.000000, 0.000000;;,
      36;3; 0.000000, 0.000000, 0.000000;;,
      37;3; 0.000000, 0.000000, 0.000000;;,
      38;3; 0.000000, 0.000000, 0.000000;;,
      39;3; 0.000000, 0.000000, 0.000000;;,
      40;3; 0.000000, 0.000000, 0.000000;;;
    }
  }
  Animation {
    {Armature_Root}
    AnimationKey { // Rotation
      0;
      41;
      0;4;-0.290174, 0.644825, 0.290174, 0.644825;;,
      1;4;-0.290002, 0.644939, 0.290049, 0.644844;;,
      2;4;-0.289510, 0.645265, 0.289691, 0.644900;;,
      3;4;-0.288733, 0.645779, 0.289125, 0.644988;;,
      4;4;-0.287707, 0.646458, 0.288377, 0.645101;;,
      5;4;-0.286468, 0.647276, 0.287471, 0.645237;;,
      6;4;-0.285051, 0.648210, 0.286433, 0.645388;;,
      7;4;-0.283493, 0.649236, 0.285287, 0.645551;;,
      8;4;-0.281828, 0.650329, 0.284059, 0.645721;;,
      9;4;-0.280093, 0.651466, 0.282775, 0.645893;;,
      10;4;-0.278323, 0.652624, 0.281461, 0.646063;;,
      11;4;-0.276553, 0.653779, 0.280143, 0.646229;;,
      12;4;-0.274820, 0.654907, 0.278848, 0.646386;;,
      13;4;-0.273158, 0.655987, 0.277601, 0.646531;;,
      14;4;-0.271603, 0.656995, 0.276432, 0.646664;;,
      15;4;-0.270191, 0.657909, 0.275366, 0.646781;;,
      16;4;-0.268956, 0.658707, 0.274433, 0.646880;;,
      17;4;-0.267935, 0.659366, 0.273658, 0.646961;;,
      18;4;-0.267161, 0.659865, 0.273071, 0.647021;;,
      19;4;-0.266671, 0.660180, 0.272698, 0.647058;;,
      20;4;-0.266500, 0.660291, 0.272568, 0.647071;;,
      21;4;-0.266671, 0.660180, 0.272698, 0.647058;;,
      22;4;-0.267161, 0.659865, 0.273071, 0.647021;;,
      23;4;-0.267935, 0.659366, 0.273658, 0.646961;;,
      24;4;-0.268956, 0.658707, 0.274433, 0.646880;;,
      25;4;-0.270191, 0.657909, 0.275366, 0.646781;;,
      26;4;-0.271603, 0.656995, 0.276432, 0.646664;;,
      27;4;-0.273158, 0.655987, 0.277601, 0.646531;;,
      28;4;-0.274820, 0.654907, 0.278848, 0.646386;;,
      29;4;-0.276553, 0.653779, 0.280143, 0.646229;;,
      30;4;-0.278323, 0.652624, 0.281461, 0.646063;;,
      31;4;-0.280093, 0.651466, 0.282775, 0.645893;;,
      32;4;-0.281828, 0.650329, 0.284059, 0.645721;;,
      33;4;-0.283493, 0.649236, 0.285287, 0.645551;;,
      34;4;-0.285051, 0.648210, 0.286433, 0.645388;;,
      35;4;-0.286468, 0.647276, 0.287471, 0.645237;;,
      36;4;-0.287707, 0.646458, 0.288377, 0.645101;;,
      37;4;-0.288733, 0.645779, 0.289125, 0.644988;;,
      38;4;-0.289510, 0.645265, 0.289691, 0.644900;;,
      39;4;-0.290002, 0.644939, 0.290049, 0.644844;;,
      40;4;-0.290174, 0.644825, 0.290174, 0.644825;;;
    }
    AnimationKey { // Scale
      1;
      41;
      0;3; 1.000000, 1.000000, 1.000000;;,
      1;3; 1.000000, 1.000000, 1.000000;;,
      2;3; 1.000000, 1.000000, 1.000000;;,
      3;3; 1.000000, 1.000000, 1.000000;;,
      4;3; 1.000000, 1.000000, 1.000000;;,
      5;3; 1.000000, 1.000000, 1.000000;;,
      6;3; 1.000000, 1.000000, 1.000000;;,
      7;3; 1.000000, 1.000000, 1.000000;;,
      8;3; 1.000000, 1.000000, 1.000000;;,
      9;3; 1.000000, 1.000000, 1.000000;;,
      10;3; 1.000000, 1.000000, 1.000000;;,
      11;3; 1.000000, 1.000000, 1.000000;;,
      12;3; 1.000000, 1.000000, 1.000000;;,
      13;3; 1.000000, 1.000000, 1.000000;;,
      14;3; 1.000000, 1.000000, 1.000000;;,
      15;3; 1.000000, 1.000000, 1.000000;;,
      16;3; 1.000000, 1.000000, 1.000000;;,
      17;3; 1.000000, 1.000000, 1.000000;;,
      18;3; 1.000000, 1.000000, 1.000000;;,
      19;3; 1.000000, 1.000000, 1.000000;;,
      20;3; 1.000000, 1.000000, 1.000000;;,
      21;3; 1.000000, 1.000000, 1.000000;;,
      22;3; 1.000000, 1.000000, 1.000000;;,
      23;3; 1.000000, 1.000000, 1.000000;;,
      24;3; 1.000000, 1.000000, 1.000000;;,
      25;3; 1.000000, 1.000000, 1.000000;;,
      26;3; 1.000000, 1.000000, 1.000000;;,
      27;3; 1.000000, 1.000000, 1.000000;;,
      28;3; 1.000000, 1.000000, 1.000000;;,
      29;3; 1.000000, 1.000000, 1.000000;;,
      30;3; 1.000000, 1.000000, 1.000000;;,
      31;3; 1.000000, 1.000000, 1.000000;;,
      32;3; 1.000000, 1.000000, 1.000000;;,
      33;3; 1.000000, 1.000000, 1.000000;;,
      34;3; 1.000000, 1.000000, 1.000000;;,
      35;3; 1.000000, 1.000000, 1.000000;;,
      36;3; 1.000000, 1.000000, 1.000000;;,
      37;3; 1.000000, 1.000000, 1.000000;;,
      38;3; 1.000000, 1.000000, 1.000000;;,
      39;3; 1.000000, 1.000000, 1.000000;;,
      40;3; 1.000000, 1.000000, 1.000000;;;
    }
    AnimationKey { // Position
      2;
      41;
      0;3; 0.000000,18.382175,124.737038;;,
      1;3;-0.003195,18.391727,124.675743;;,
      2;3;-0.012327,18.419024,124.500343;;,
      3;3;-0.026699,18.462044,124.223579;;,
      4;3;-0.045602,18.518740,123.858231;;,
      5;3;-0.068324,18.587040,123.417091;;,
      6;3;-0.094151,18.664894,122.912933;;,
      7;3;-0.122377,18.750250,122.358536;;,
      8;3;-0.152309,18.841085,121.766617;;,
      9;3;-0.183268,18.935396,121.149887;;,
      10;3;-0.214595,19.031212,120.521034;;,
      11;3;-0.245650,19.126595,119.892677;;,
      12;3;-0.275816,19.219641,119.277412;;,
      13;3;-0.304499,19.308483,118.687790;;,
      14;3;-0.331122,19.391285,118.136330;;,
      15;3;-0.355127,19.466230,117.635521;;,
      16;3;-0.375973,19.531540,117.197830;;,
      17;3;-0.393123,19.585436,116.835709;;,
      18;3;-0.406046,19.626154,116.561600;;,
      19;3;-0.414206,19.651905,116.387985;;,
      20;3;-0.417052,19.660894,116.327339;;,
      21;3;-0.414206,19.651905,116.387985;;,
      22;3;-0.406046,19.626154,116.561600;;,
      23;3;-0.393123,19.585436,116.835709;;,
      24;3;-0.375973,19.531540,117.197830;;,
      25;3;-0.355127,19.466230,117.635521;;,
      26;3;-0.331122,19.391285,118.136330;;,
      27;3;-0.304499,19.308483,118.687790;;,
      28;3;-0.275816,19.219641,119.277412;;,
      29;3;-0.245650,19.126595,119.892677;;,
      30;3;-0.214595,19.031212,120.521034;;,
      31;3;-0.183268,18.935396,121.149887;;,
      32;3;-0.152309,18.841085,121.766617;;,
      33;3;-0.122377,18.750250,122.358536;;,
      34;3;-0.094151,18.664894,122.912933;;,
      35;3;-0.068324,18.587040,123.417091;;,
      36;3;-0.045602,18.518740,123.858231;;,
      37;3;-0.026699,18.462044,124.223579;;,
      38;3;-0.012327,18.419024,124.500343;;,
      39;3;-0.003195,18.391727,124.675743;;,
      40;3; 0.000000,18.382175,124.737038;;;
    }
  }
  Animation {
    {Armature_Body}
    AnimationKey { // Rotation
      0;
      41;
      0;4;-0.404817, 0.000000, 0.000000,-0.914398;;,
      1;4;-0.404817, 0.000000, 0.000000,-0.914398;;,
      2;4;-0.404817, 0.000000, 0.000000,-0.914398;;,
      3;4;-0.404817, 0.000000, 0.000000,-0.914398;;,
      4;4;-0.404817, 0.000000, 0.000000,-0.914398;;,
      5;4;-0.404817, 0.000000, 0.000000,-0.914398;;,
      6;4;-0.404817, 0.000000, 0.000000,-0.914398;;,
      7;4;-0.404817, 0.000000, 0.000000,-0.914398;;,
      8;4;-0.404817, 0.000000, 0.000000,-0.914398;;,
      9;4;-0.404817, 0.000000, 0.000000,-0.914398;;,
      10;4;-0.404817, 0.000000, 0.000000,-0.914398;;,
      11;4;-0.404817, 0.000000, 0.000000,-0.914398;;,
      12;4;-0.404817, 0.000000, 0.000000,-0.914398;;,
      13;4;-0.404817, 0.000000, 0.000000,-0.914398;;,
      14;4;-0.404817, 0.000000, 0.000000,-0.914398;;,
      15;4;-0.404817, 0.000000, 0.000000,-0.914398;;,
      16;4;-0.404817, 0.000000, 0.000000,-0.914398;;,
      17;4;-0.404817, 0.000000, 0.000000,-0.914398;;,
      18;4;-0.404817, 0.000000, 0.000000,-0.914398;;,
      19;4;-0.404817, 0.000000, 0.000000,-0.914398;;,
      20;4;-0.404817, 0.000000, 0.000000,-0.914398;;,
      21;4;-0.404817, 0.000000, 0.000000,-0.914398;;,
      22;4;-0.404817, 0.000000, 0.000000,-0.914398;;,
      23;4;-0.404817, 0.000000, 0.000000,-0.914398;;,
      24;4;-0.404817, 0.000000, 0.000000,-0.914398;;,
      25;4;-0.404817, 0.000000, 0.000000,-0.914398;;,
      26;4;-0.404817, 0.000000, 0.000000,-0.914398;;,
      27;4;-0.404817, 0.000000, 0.000000,-0.914398;;,
      28;4;-0.404817, 0.000000, 0.000000,-0.914398;;,
      29;4;-0.404817, 0.000000, 0.000000,-0.914398;;,
      30;4;-0.404817, 0.000000, 0.000000,-0.914398;;,
      31;4;-0.404817, 0.000000, 0.000000,-0.914398;;,
      32;4;-0.404817, 0.000000, 0.000000,-0.914398;;,
      33;4;-0.404817, 0.000000, 0.000000,-0.914398;;,
      34;4;-0.404817, 0.000000, 0.000000,-0.914398;;,
      35;4;-0.404817, 0.000000, 0.000000,-0.914398;;,
      36;4;-0.404817, 0.000000, 0.000000,-0.914398;;,
      37;4;-0.404817, 0.000000, 0.000000,-0.914398;;,
      38;4;-0.404817, 0.000000, 0.000000,-0.914398;;,
      39;4;-0.404817, 0.000000, 0.000000,-0.914398;;,
      40;4;-0.404817, 0.000000, 0.000000,-0.914398;;;
    }
    AnimationKey { // Scale
      1;
      41;
      0;3; 1.000000, 1.000000, 1.000000;;,
      1;3; 1.000000, 1.000000, 1.000000;;,
      2;3; 1.000000, 1.000000, 1.000000;;,
      3;3; 1.000000, 1.000000, 1.000000;;,
      4;3; 1.000000, 1.000000, 1.000000;;,
      5;3; 1.000000, 1.000000, 1.000000;;,
      6;3; 1.000000, 1.000000, 1.000000;;,
      7;3; 1.000000, 1.000000, 1.000000;;,
      8;3; 1.000000, 1.000000, 1.000000;;,
      9;3; 1.000000, 1.000000, 1.000000;;,
      10;3; 1.000000, 1.000000, 1.000000;;,
      11;3; 1.000000, 1.000000, 1.000000;;,
      12;3; 1.000000, 1.000000, 1.000000;;,
      13;3; 1.000000, 1.000000, 1.000000;;,
      14;3; 1.000000, 1.000000, 1.000000;;,
      15;3; 1.000000, 1.000000, 1.000000;;,
      16;3; 1.000000, 1.000000, 1.000000;;,
      17;3; 1.000000, 1.000000, 1.000000;;,
      18;3; 1.000000, 1.000000, 1.000000;;,
      19;3; 1.000000, 1.000000, 1.000000;;,
      20;3; 1.000000, 1.000000, 1.000000;;,
      21;3; 1.000000, 1.000000, 1.000000;;,
      22;3; 1.000000, 1.000000, 1.000000;;,
      23;3; 1.000000, 1.000000, 1.000000;;,
      24;3; 1.000000, 1.000000, 1.000000;;,
      25;3; 1.000000, 1.000000, 1.000000;;,
      26;3; 1.000000, 1.000000, 1.000000;;,
      27;3; 1.000000, 1.000000, 1.000000;;,
      28;3; 1.000000, 1.000000, 1.000000;;,
      29;3; 1.000000, 1.000000, 1.000000;;,
      30;3; 1.000000, 1.000000, 1.000000;;,
      31;3; 1.000000, 1.000000, 1.000000;;,
      32;3; 1.000000, 1.000000, 1.000000;;,
      33;3; 1.000000, 1.000000, 1.000000;;,
      34;3; 1.000000, 1.000000, 1.000000;;,
      35;3; 1.000000, 1.000000, 1.000000;;,
      36;3; 1.000000, 1.000000, 1.000000;;,
      37;3; 1.000000, 1.000000, 1.000000;;,
      38;3; 1.000000, 1.000000, 1.000000;;,
      39;3; 1.000000, 1.000000, 1.000000;;,
      40;3; 1.000000, 1.000000, 1.000000;;;
    }
    AnimationKey { // Position
      2;
      41;
      0;3; 0.000008,27.693796, 0.000000;;,
      1;3; 0.000001,27.693777, 0.000000;;,
      2;3; 0.000003,27.693790, 0.000000;;,
      3;3;-0.000001,27.693779, 0.000000;;,
      4;3; 0.000015,27.693794,-0.000000;;,
      5;3; 0.000010,27.693787,-0.000000;;,
      6;3; 0.000011,27.693792, 0.000000;;,
      7;3; 0.000003,27.693783,-0.000000;;,
      8;3; 0.000003,27.693790, 0.000000;;,
      9;3;-0.000000,27.693789,-0.000000;;,
      10;3;-0.000008,27.693775, 0.000000;;,
      11;3; 0.000010,27.693781,-0.000000;;,
      12;3;-0.000002,27.693789, 0.000000;;,
      13;3; 0.000002,27.693785,-0.000000;;,
      14;3; 0.000000,27.693785, 0.000000;;,
      15;3;-0.000012,27.693781, 0.000000;;,
      16;3; 0.000012,27.693783,-0.000000;;,
      17;3; 0.000004,27.693789,-0.000000;;,
      18;3;-0.000007,27.693769,-0.000000;;,
      19;3; 0.000007,27.693787,-0.000000;;,
      20;3; 0.000003,27.693781, 0.000000;;,
      21;3; 0.000007,27.693787,-0.000000;;,
      22;3;-0.000007,27.693769,-0.000000;;,
      23;3; 0.000004,27.693789,-0.000000;;,
      24;3; 0.000012,27.693783,-0.000000;;,
      25;3;-0.000012,27.693781, 0.000000;;,
      26;3; 0.000000,27.693785, 0.000000;;,
      27;3; 0.000002,27.693785,-0.000000;;,
      28;3;-0.000002,27.693789, 0.000000;;,
      29;3; 0.000010,27.693781,-0.000000;;,
      30;3;-0.000008,27.693775, 0.000000;;,
      31;3;-0.000000,27.693789, 0.000000;;,
      32;3; 0.000003,27.693790,-0.000000;;,
      33;3; 0.000003,27.693783,-0.000000;;,
      34;3; 0.000011,27.693792,-0.000000;;,
      35;3; 0.000010,27.693787,-0.000000;;,
      36;3; 0.000015,27.693794, 0.000000;;,
      37;3;-0.000001,27.693779, 0.000000;;,
      38;3; 0.000003,27.693790,-0.000000;;,
      39;3; 0.000001,27.693777, 0.000000;;,
      40;3; 0.000008,27.693796, 0.000000;;;
    }
  }
  Animation {
    {Armature_BottomBodyCTRL}
    AnimationKey { // Rotation
      0;
      41;
      0;4;-0.707094,-0.004294,-0.707094,-0.004294;;,
      1;4;-0.707094,-0.004294,-0.707094,-0.004294;;,
      2;4;-0.707094,-0.004294,-0.707094,-0.004294;;,
      3;4;-0.707094,-0.004294,-0.707094,-0.004294;;,
      4;4;-0.707094,-0.004294,-0.707094,-0.004294;;,
      5;4;-0.707094,-0.004294,-0.707094,-0.004294;;,
      6;4;-0.707094,-0.004294,-0.707094,-0.004294;;,
      7;4;-0.707094,-0.004294,-0.707094,-0.004294;;,
      8;4;-0.707094,-0.004294,-0.707094,-0.004294;;,
      9;4;-0.707094,-0.004294,-0.707094,-0.004294;;,
      10;4;-0.707094,-0.004294,-0.707094,-0.004294;;,
      11;4;-0.707094,-0.004294,-0.707094,-0.004294;;,
      12;4;-0.707094,-0.004294,-0.707094,-0.004294;;,
      13;4;-0.707094,-0.004294,-0.707094,-0.004294;;,
      14;4;-0.707094,-0.004294,-0.707094,-0.004294;;,
      15;4;-0.707094,-0.004294,-0.707094,-0.004294;;,
      16;4;-0.707094,-0.004294,-0.707094,-0.004294;;,
      17;4;-0.707094,-0.004294,-0.707094,-0.004294;;,
      18;4;-0.707094,-0.004294,-0.707094,-0.004294;;,
      19;4;-0.707094,-0.004294,-0.707094,-0.004294;;,
      20;4;-0.707094,-0.004294,-0.707094,-0.004294;;,
      21;4;-0.707094,-0.004294,-0.707094,-0.004294;;,
      22;4;-0.707094,-0.004294,-0.707094,-0.004294;;,
      23;4;-0.707094,-0.004294,-0.707094,-0.004294;;,
      24;4;-0.707094,-0.004294,-0.707094,-0.004294;;,
      25;4;-0.707094,-0.004294,-0.707094,-0.004294;;,
      26;4;-0.707094,-0.004294,-0.707094,-0.004294;;,
      27;4;-0.707094,-0.004294,-0.707094,-0.004294;;,
      28;4;-0.707094,-0.004294,-0.707094,-0.004294;;,
      29;4;-0.707094,-0.004294,-0.707094,-0.004294;;,
      30;4;-0.707094,-0.004294,-0.707094,-0.004294;;,
      31;4;-0.707094,-0.004294,-0.707094,-0.004294;;,
      32;4;-0.707094,-0.004294,-0.707094,-0.004294;;,
      33;4;-0.707094,-0.004294,-0.707094,-0.004294;;,
      34;4;-0.707094,-0.004294,-0.707094,-0.004294;;,
      35;4;-0.707094,-0.004294,-0.707094,-0.004294;;,
      36;4;-0.707094,-0.004294,-0.707094,-0.004294;;,
      37;4;-0.707094,-0.004294,-0.707094,-0.004294;;,
      38;4;-0.707094,-0.004294,-0.707094,-0.004294;;,
      39;4;-0.707094,-0.004294,-0.707094,-0.004294;;,
      40;4;-0.707094,-0.004294,-0.707094,-0.004294;;;
    }
    AnimationKey { // Scale
      1;
      41;
      0;3; 1.000000, 1.000000, 1.000000;;,
      1;3; 1.000000, 1.000000, 1.000000;;,
      2;3; 1.000000, 1.000000, 1.000000;;,
      3;3; 1.000000, 1.000000, 1.000000;;,
      4;3; 1.000000, 1.000000, 1.000000;;,
      5;3; 1.000000, 1.000000, 1.000000;;,
      6;3; 1.000000, 1.000000, 1.000000;;,
      7;3; 1.000000, 1.000000, 1.000000;;,
      8;3; 1.000000, 1.000000, 1.000000;;,
      9;3; 1.000000, 1.000000, 1.000000;;,
      10;3; 1.000000, 1.000000, 1.000000;;,
      11;3; 1.000000, 1.000000, 1.000000;;,
      12;3; 1.000000, 1.000000, 1.000000;;,
      13;3; 1.000000, 1.000000, 1.000000;;,
      14;3; 1.000000, 1.000000, 1.000000;;,
      15;3; 1.000000, 1.000000, 1.000000;;,
      16;3; 1.000000, 1.000000, 1.000000;;,
      17;3; 1.000000, 1.000000, 1.000000;;,
      18;3; 1.000000, 1.000000, 1.000000;;,
      19;3; 1.000000, 1.000000, 1.000000;;,
      20;3; 1.000000, 1.000000, 1.000000;;,
      21;3; 1.000000, 1.000000, 1.000000;;,
      22;3; 1.000000, 1.000000, 1.000000;;,
      23;3; 1.000000, 1.000000, 1.000000;;,
      24;3; 1.000000, 1.000000, 1.000000;;,
      25;3; 1.000000, 1.000000, 1.000000;;,
      26;3; 1.000000, 1.000000, 1.000000;;,
      27;3; 1.000000, 1.000000, 1.000000;;,
      28;3; 1.000000, 1.000000, 1.000000;;,
      29;3; 1.000000, 1.000000, 1.000000;;,
      30;3; 1.000000, 1.000000, 1.000000;;,
      31;3; 1.000000, 1.000000, 1.000000;;,
      32;3; 1.000000, 1.000000, 1.000000;;,
      33;3; 1.000000, 1.000000, 1.000000;;,
      34;3; 1.000000, 1.000000, 1.000000;;,
      35;3; 1.000000, 1.000000, 1.000000;;,
      36;3; 1.000000, 1.000000, 1.000000;;,
      37;3; 1.000000, 1.000000, 1.000000;;,
      38;3; 1.000000, 1.000000, 1.000000;;,
      39;3; 1.000000, 1.000000, 1.000000;;,
      40;3; 1.000000, 1.000000, 1.000000;;;
    }
    AnimationKey { // Position
      2;
      41;
      0;3;33.016674,-0.000009, 0.000000;;,
      1;3;33.063152,-0.000574, 0.000000;;,
      2;3;33.199062,-0.002225, 0.000000;;,
      3;3;33.421658,-0.004928, 0.000000;;,
      4;3;33.728889,-0.008661, 0.000001;;,
      5;3;34.116756,-0.013372, 0.000001;;,
      6;3;34.576897,-0.018962, 0.000001;;,
      7;3;35.095650,-0.025263, 0.000000;;,
      8;3;35.653877,-0.032044, 0.000001;;,
      9;3;36.228092,-0.039019, 0.000001;;,
      10;3;36.792492,-0.045875, 0.000001;;,
      11;3;37.321224,-0.052298, 0.000001;;,
