xof 0303txt 0032

Frame Root {
  FrameTransformMatrix {
     1.000000, 0.000000, 0.000000, 0.000000,
     0.000000,-0.000000,-1.000000, 0.000000,
     0.000000, 1.000000,-0.000000, 0.000000,
     0.000000, 0.000000, 0.000000, 1.000000;;
  }
  Frame Armature {
    FrameTransformMatrix {
       0.010000, 0.000000, 0.000000, 0.000000,
       0.000000, 0.010000, 0.000000, 0.000000,
       0.000000, 0.000000, 0.010000, 0.000000,
       0.000000, 0.000000, 0.000000, 1.000000;;
    }
    Frame Armature_Root {
      FrameTransformMatrix {
         0.058619, 0.658038, 0.750700, 0.000000,
        -0.045243,-0.749469, 0.660492, 0.000000,
         0.997255,-0.072681,-0.014162, 0.000000,
         4.312859,16.262461,127.099815, 1.000000;;
      }
      Frame Armature_Body {
        FrameTransformMatrix {
          -0.672246,-0.740328,-0.000000, 0.000000,
           0.740328,-0.672246, 0.000000, 0.000000,
          -0.000000,-0.000000, 1.000000, 0.000000,
           0.000007,27.693789,-0.000000, 1.000000;;
        }
        Frame Armature_BottomBodyCTRL {
          FrameTransformMatrix {
            -0.000000,-0.000000, 1.000000, 0.000000,
             0.012146, 0.999926, 0.000000, 0.000000,
            -0.999926, 0.012146,-0.000000, 0.000000,
            33.016663,-0.000009, 0.000001, 1.000000;;
          }
        } // End of Armature_BottomBodyCTRL
        Frame Armature_EyeCTRL {
          FrameTransformMatrix {
            -0.999112, 0.044514,-0.000000, 0.000000,
            -0.044514,-0.999009, 0.000000, 0.000000,
            -0.000000, 0.000000, 1.000000, 0.000000,
            -0.859372,-18.079184, 0.000000, 1.000000;;
          }
          Frame Armature_EyeBallCTRL {
            FrameTransformMatrix {
               0.032376,-0.999476,-0.000000, 0.000000,
              -0.000000,-0.000000, 1.000000, 0.000000,
              -0.999476,-0.032376,-0.000000, 0.000000,
               0.000006,12.242518,-0.000000, 1.000000;;
            }
          } // End of Armature_EyeBallCTRL
          Frame Armature_LowerEyelidCTRL {
            FrameTransformMatrix {
               0.032376,-0.999476,-0.000000, 0.000000,
              -0.000000,-0.000000, 1.000000, 0.000000,
              -0.999476,-0.032376,-0.000000, 0.000000,
               0.000001,12.597344,-0.000000, 1.000000;;
            }
          } // End of Armature_LowerEyelidCTRL
          Frame Armature_UpperEyelidCTRL {
            FrameTransformMatrix {
               0.032376,-0.999476,-0.000000, 0.000000,
              -0.000000,-0.000000, 1.000000, 0.000000,
              -0.999476,-0.032376,-0.000000, 0.000000,
               0.000001,12.597344,-0.000000, 1.000000;;
            }
          } // End of Armature_UpperEyelidCTRL
        } // End of Armature_EyeCTRL
        Frame Armature_LeftBodyCTRL {
          FrameTransformMatrix {
            -0.000000,-0.000000, 1.000000, 0.000000,
             0.012146, 0.999926, 0.000000, 0.000000,
            -0.999926, 0.012146,-0.000000, 0.000000,
            -0.598624,-0.008508,33.650475, 1.000000;;
          }
        } // End of Armature_LeftBodyCTRL
        Frame Armature_Process01 {
          FrameTransformMatrix {
            -0.878477, 0.454268, 0.148055, 0.000000,
             0.453068, 0.890404,-0.043711, 0.000000,
            -0.151685, 0.028680,-0.988013, 0.000000,
            -41.532005,-6.365071, 8.697648, 1.000000;;
          }
        } // End of Armature_Process01
        Frame Armature_Process02 {
          FrameTransformMatrix {
             0.270729, 0.655217, 0.705264, 0.000000,
            -0.061123, 0.742845,-0.666668, 0.000000,
            -0.960714, 0.137378, 0.241158, 0.000000,
             7.566970,18.773951,38.804432, 1.000000;;
          }
        } // End of Armature_Process02
        Frame Armature_Process03 {
          FrameTransformMatrix {
             0.796805, 0.598356, 0.084091, 0.000000,
            -0.601622, 0.798569, 0.018396, 0.000000,
            -0.056145,-0.065249, 0.996288, 0.000000,
            37.941002,18.159901, 6.916867, 1.000000;;
          }
        } // End of Armature_Process03
        Frame Armature_Process04 {
          FrameTransformMatrix {
             0.842104, 0.030768,-0.538438, 0.000000,
            -0.006945, 0.998907, 0.046219, 0.000000,
             0.539271,-0.035182, 0.841397, 0.000000,
            31.862385,-18.825493,-22.134552, 1.000000;;
          }
        } // End of Armature_Process04
        Frame Armature_Process05 {
          FrameTransformMatrix {
            -0.041379, 0.862995,-0.503516, 0.000000,
             0.023719,-0.502957,-0.863986, 0.000000,
            -0.998862,-0.047694, 0.000342, 0.000000,
            -15.017785,26.232943,-24.951460, 1.000000;;
          }
        } // End of Armature_Process05
        Frame Armature_RearBodyCTRL {
          FrameTransformMatrix {
            -0.000000,-0.000000, 1.000000, 0.000000,
             0.012146, 0.999926, 0.000000, 0.000000,
            -0.999926, 0.012146,-0.000000, 0.000000,
             0.236388,29.980715,-0.000000, 1.000000;;
          }
        } // End of Armature_RearBodyCTRL
        Frame Armature_RightBodyCTRL {
          FrameTransformMatrix {
            -0.000000,-0.000012, 1.001021, 0.000000,
            -0.012146,-0.999926,-0.000000, 0.000000,
             0.999926,-0.012146, 0.000000, 0.000000,
            -0.598813,-0.008505,-33.650501, 1.000000;;
          }
        } // End of Armature_RightBodyCTRL
        Frame Armature_TentacleA01 {
          FrameTransformMatrix {
             0.203459, 0.939140,-0.276805, 0.000000,
            -0.449683, 0.340769, 0.825628, 0.000000,
             0.869707,-0.043507, 0.491648, 0.000000,
            -23.063547,-6.629873,36.039707, 1.000000;;
          }
          Frame Armature_TentacleA02 {
            FrameTransformMatrix {
               0.857094,-0.514893, 0.016595, 0.000000,
               0.508371, 0.850573, 0.134479, 0.000000,
              -0.083357,-0.106825, 0.990777, 0.000000,
              -0.110826,12.595022, 0.172174, 1.000000;;
            }
            Frame Armature_TentacleA03 {
              FrameTransformMatrix {
                 0.891589,-0.452445,-0.019012, 0.000000,
                 0.437084, 0.870781,-0.225162, 0.000000,
                 0.118429, 0.192442, 0.974136, 0.000000,
                 0.093987,14.155006, 0.248637, 1.000000;;
              }
              Frame Armature_TentacleA04 {
                FrameTransformMatrix {
                   0.865615,-0.500704, 0.002634, 0.000000,
                   0.480758, 0.829640,-0.283848, 0.000000,
                   0.139939, 0.246969, 0.958866, 0.000000,
                  -0.093116,10.906147,-0.323459, 1.000000;;
                }
                Frame Armature_TentacleA05 {
                  FrameTransformMatrix {
                    -0.086893,-0.513449, 0.853710, 0.000000,
                     0.993525,-0.107625, 0.036395, 0.000000,
                     0.073194, 0.851344, 0.519476, 0.000000,
                     0.000005,16.387589,-0.000019, 1.000000;;
                  }
                } // End of Armature_TentacleA05
              } // End of Armature_TentacleA04
            } // End of Armature_TentacleA03
          } // End of Armature_TentacleA02
        } // End of Armature_TentacleA01
        Frame Armature_TentacleB01 {
          FrameTransformMatrix {
            -0.045220, 0.996065,-0.076220, 0.000000,
             0.612494, 0.087920, 0.785571, 0.000000,
             0.789181,-0.011161,-0.614059, 0.000000,
            19.650833,-18.561605,32.340561, 1.000000;;
          }
          Frame Armature_TentacleB02 {
            FrameTransformMatrix {
               0.831994,-0.554768, 0.004191, 0.000000,
               0.554667, 0.831951, 0.014178, 0.000000,
              -0.011352,-0.009472, 0.999891, 0.000000,
               0.063268,10.691500, 0.391638, 1.000000;;
            }
            Frame Armature_TentacleB03 {
              FrameTransformMatrix {
                 0.826403,-0.563071,-0.002963, 0.000000,
                 0.562420, 0.825680,-0.044005, 0.000000,
                 0.027225, 0.034700, 0.999027, 0.000000,
                -0.040700,14.817822,-0.319026, 1.000000;;
              }
              Frame Armature_TentacleB04 {
                FrameTransformMatrix {
                   0.844776,-0.535108, 0.003530, 0.000000,
                   0.530296, 0.836259,-0.139487, 0.000000,
                   0.071688, 0.119707, 0.990218, 0.000000,
                   0.345648,12.711917, 0.548205, 1.000000;;
                }
                Frame Armature_TentacleB05 {
                  FrameTransformMatrix {
                     0.999142,-0.008305,-0.040585, 0.000000,
                     0.004181, 0.994914,-0.100641, 0.000000,
                     0.041215, 0.100385, 0.994095, 0.000000,
                     0.000011,18.558548,-0.000008, 1.000000;;
                  }
                } // End of Armature_TentacleB05
              } // End of Armature_TentacleB04
            } // End of Armature_TentacleB03
          } // End of Armature_TentacleB02
        } // End of Armature_TentacleB01
        Frame Armature_TentacleC01 {
          FrameTransformMatrix {
            -0.579753, 0.809034, 0.096694, 0.000000,
             0.807881, 0.586197,-0.060835, 0.000000,
            -0.105899, 0.042848,-0.993453, 0.000000,
            39.123760, 5.665392,-8.376417, 1.000000;;
          }
          Frame Armature_TentacleC02 {
            FrameTransformMatrix {
               0.915233,-0.402329,-0.021887, 0.000000,
               0.392935, 0.903247,-0.172471, 0.000000,
               0.089159, 0.149251, 0.984771, 0.000000,
               0.042409, 9.142018,-0.048413, 1.000000;;
            }
            Frame Armature_TentacleC03 {
              FrameTransformMatrix {
                 0.912009,-0.409775, 0.017987, 0.000000,
                 0.388641, 0.877329, 0.281515, 0.000000,
                -0.131139,-0.249754, 0.959388, 0.000000,
                -0.005139,11.585218,-0.006624, 1.000000;;
              }
              Frame Armature_TentacleC04 {
                FrameTransformMatrix {
                   0.882659,-0.469538,-0.021142, 0.000000,
                   0.469074, 0.877163, 0.102739, 0.000000,
                  -0.029694,-0.100601, 0.994484, 0.000000,
                  -0.031689, 8.851312,-0.027298, 1.000000;;
                }
                Frame Armature_TentacleC05 {
                  FrameTransformMatrix {
                     0.994337, 0.000753, 0.106276, 0.000000,
                     0.010285, 0.994600,-0.103274, 0.000000,
                    -0.105780, 0.103782, 0.988959, 0.000000,
                    -0.000007, 9.819493, 0.000000, 1.000000;;
                  }
                } // End of Armature_TentacleC05
              } // End of Armature_TentacleC04
            } // End of Armature_TentacleC03
          } // End of Armature_TentacleC02
        } // End of Armature_TentacleC01
        Frame Armature_TentacleD01 {
          FrameTransformMatrix {
            -0.089777, 0.825811, 0.556754, 0.000000,
             0.228016, 0.561207,-0.795648, 0.000000,
            -0.969510, 0.055518,-0.238682, 0.000000,
             8.171139, 6.275733,-41.120029, 1.000000;;
          }
          Frame Armature_TentacleD02 {
            FrameTransformMatrix {
               0.907701,-0.419271, 0.017024, 0.000000,
               0.416126, 0.894188,-0.165126, 0.000000,
               0.054010, 0.156969, 0.986125, 0.000000,
              -0.003059,12.007990,-0.032298, 1.000000;;
            }
            Frame Armature_TentacleD03 {
              FrameTransformMatrix {
                 0.908131,-0.418686, 0.000606, 0.000000,
                 0.409646, 0.888821, 0.205394, 0.000000,
                -0.086534,-0.186276, 0.978679, 0.000000,
                 0.000005,15.854483, 0.000000, 1.000000;;
              }
              Frame Armature_TentacleD04 {
                FrameTransformMatrix {
                   0.881170,-0.471963, 0.028109, 0.000000,
                   0.455485, 0.863342, 0.217197, 0.000000,
                  -0.126776,-0.178584, 0.975723, 0.000000,
                  -0.212306,12.108991, 0.170104, 1.000000;;
                }
                Frame Armature_TentacleD05 {
                  FrameTransformMatrix {
                     0.999719,-0.022919,-0.006052, 0.000000,
                     0.023331, 0.996499, 0.080288, 0.000000,
                     0.004190,-0.080407, 0.996753, 0.000000,
                     0.000002,12.287916,-0.000008, 1.000000;;
                  }
                } // End of Armature_TentacleD05
              } // End of Armature_TentacleD04
            } // End of Armature_TentacleD03
          } // End of Armature_TentacleD02
        } // End of Armature_TentacleD01
        Frame Armature_TentacleE01 {
          FrameTransformMatrix {
             0.019791, 0.999792, 0.004897, 0.000000,
            -0.878856, 0.019732,-0.476680, 0.000000,
            -0.476678, 0.005130, 0.879063, 0.000000,
            -30.838358,-17.541435,-21.570749, 1.000000;;
          }
          Frame Armature_TentacleE02 {
            FrameTransformMatrix {
               0.845979,-0.533216,-0.000810, 0.000000,
               0.532192, 0.844257, 0.063263, 0.000000,
              -0.033049,-0.053950, 0.997996, 0.000000,
               0.073482,10.821166, 0.046587, 1.000000;;
            }
            Frame Armature_TentacleE03 {
              FrameTransformMatrix {
                 0.831325,-0.555786,-0.000911, 0.000000,
                 0.536664, 0.803147,-0.258740, 0.000000,
                 0.144535, 0.214608, 0.965946, 0.000000,
                 0.056146,11.782665, 0.008703, 1.000000;;
              }
              Frame Armature_TentacleE04 {
                FrameTransformMatrix {
                   0.900854,-0.434123,-0.000428, 0.000000,
                   0.431208, 0.894919,-0.114804, 0.000000,
                   0.050222, 0.103237, 0.993388, 0.000000,
                   0.380466, 8.371630,-0.156596, 1.000000;;
                }
                Frame Armature_TentacleE05 {
                  FrameTransformMatrix {
                    -0.038794,-0.998886, 0.026879, 0.000000,
                     0.997365,-0.040357,-0.060296, 0.000000,
                     0.061313, 0.024469, 0.997819, 0.000000,
                     0.000018,15.094603, 0.000003, 1.000000;;
                  }
                } // End of Armature_TentacleE05
              } // End of Armature_TentacleE04
            } // End of Armature_TentacleE03
          } // End of Armature_TentacleE02
        } // End of Armature_TentacleE01
        Frame Armature_TentacleF01 {
          FrameTransformMatrix {
             0.782106, 0.406706,-0.472125, 0.000000,
            -0.432701, 0.899657, 0.058199, 0.000000,
             0.448420, 0.158771, 0.879609, 0.000000,
            -24.773159,28.514017,17.913273, 1.000000;;
          }
          Frame Armature_TentacleF02 {
            FrameTransformMatrix {
               0.937418,-0.346837,-0.030855, 0.000000,
               0.326505, 0.906331,-0.268251, 0.000000,
               0.121004, 0.241389, 0.962855, 0.000000,
               0.020698,14.963243,-0.070307, 1.000000;;
            }
            Frame Armature_TentacleF03 {
              FrameTransformMatrix {
                 0.922860,-0.384543, 0.021368, 0.000000,
                 0.348506, 0.857416, 0.378658, 0.000000,
                -0.163932,-0.342002, 0.925290, 0.000000,
                -0.094047,18.701717, 0.045952, 1.000000;;
              }
              Frame Armature_TentacleF04 {
                FrameTransformMatrix {
                   0.950932,-0.284939,-0.120575, 0.000000,
                   0.308148, 0.907238, 0.286295, 0.000000,
                   0.027813,-0.309402, 0.950524, 0.000000,
                   0.588619,14.878644,-0.947053, 1.000000;;
                }
                Frame Armature_TentacleF05 {
                  FrameTransformMatrix {
                     0.999275,-0.010848, 0.036491, 0.000000,
                     0.011395, 0.999826,-0.014802, 0.000000,
                    -0.036324, 0.015207, 0.999224, 0.000000,
                    -0.000000,17.896149, 0.000000, 1.000000;;
                  }
                } // End of Armature_TentacleF05
              } // End of Armature_TentacleF04
            } // End of Armature_TentacleF03
          } // End of Armature_TentacleF02
        } // End of Armature_TentacleF01
        Frame Armature_TopBodyCTRL {
          FrameTransformMatrix {
            -0.000000,-0.000000, 1.000000, 0.000000,
             0.012146, 0.999926, 0.000000, 0.000000,
            -0.999926, 0.012146,-0.000000, 0.000000,
            -32.294022, 0.813623,-0.000000, 1.000000;;
          }
        } // End of Armature_TopBodyCTRL
      } // End of Armature_Body
    } // End of Armature_Root
    Frame BeholderMesh {
      FrameTransformMatrix {
         1.000000, 0.000000, 0.000000, 0.000000,
         0.000000, 1.000000,-0.000000, 0.000000,
         0.000000,-0.000000, 1.000000, 0.000000,
        -0.000005, 0.000008,-0.000001, 1.000000;;
      }
    } // End of BeholderMesh
  } // End of Armature
} // End of Root
AnimationSet Global {
  Animation {
    {Armature}
    AnimationKey { // Rotation
      0;
      17;
      0;4;-1.000000, 0.000000, 0.000000, 0.000000;;,
      1;4;-1.000000, 0.000000, 0.000000, 0.000000;;,
      2;4;-1.000000, 0.000000, 0.000000, 0.000000;;,
      3;4;-1.000000, 0.000000, 0.000000, 0.000000;;,
      4;4;-1.000000, 0.000000, 0.000000, 0.000000;;,
      5;4;-1.000000, 0.000000, 0.000000, 0.000000;;,
      6;4;-1.000000, 0.000000, 0.000000, 0.000000;;,
      7;4;-1.000000, 0.000000, 0.000000, 0.000000;;,
      8;4;-1.000000, 0.000000, 0.000000, 0.000000;;,
      9;4;-1.000000, 0.000000, 0.000000, 0.000000;;,
      10;4;-1.000000, 0.000000, 0.000000, 0.000000;;,
      11;4;-1.000000, 0.000000, 0.000000, 0.000000;;,
      12;4;-1.000000, 0.000000, 0.000000, 0.000000;;,
      13;4;-1.000000, 0.000000, 0.000000, 0.000000;;,
      14;4;-1.000000, 0.000000, 0.000000, 0.000000;;,
      15;4;-1.000000, 0.000000, 0.000000, 0.000000;;,
      16;4;-1.000000, 0.000000, 0.000000, 0.000000;;;
    }
    AnimationKey { // Scale
      1;
      17;
      0;3; 0.010000, 0.010000, 0.010000;;,
      1;3; 0.010000, 0.010000, 0.010000;;,
      2;3; 0.010000, 0.010000, 0.010000;;,
      3;3; 0.010000, 0.010000, 0.010000;;,
      4;3; 0.010000, 0.010000, 0.010000;;,
      5;3; 0.010000, 0.010000, 0.010000;;,
      6;3; 0.010000, 0.010000, 0.010000;;,
      7;3; 0.010000, 0.010000, 0.010000;;,
      8;3; 0.010000, 0.010000, 0.010000;;,
      9;3; 0.010000, 0.010000, 0.010000;;,
      10;3; 0.010000, 0.010000, 0.010000;;,
      11;3; 0.010000, 0.010000, 0.010000;;,
      12;3; 0.010000, 0.010000, 0.010000;;,
      13;3; 0.010000, 0.010000, 0.010000;;,
      14;3; 0.010000, 0.010000, 0.010000;;,
      15;3; 0.010000, 0.010000, 0.010000;;,
      16;3; 0.010000, 0.010000, 0.010000;;;
    }
    AnimationKey { // Position
      2;
      17;
      0;3; 0.000000, 0.000000, 0.000000;;,
      1;3; 0.000000, 0.000000, 0.000000;;,
      2;3; 0.000000, 0.000000, 0.000000;;,
      3;3; 0.000000, 0.000000, 0.000000;;,
      4;3; 0.000000, 0.000000, 0.000000;;,
      5;3; 0.000000, 0.000000, 0.000000;;,
      6;3; 0.000000, 0.000000, 0.000000;;,
      7;3; 0.000000, 0.000000, 0.000000;;,
      8;3; 0.000000, 0.000000, 0.000000;;,
      9;3; 0.000000, 0.000000, 0.000000;;,
      10;3; 0.000000, 0.000000, 0.000000;;,
      11;3; 0.000000, 0.000000, 0.000000;;,
      12;3; 0.000000, 0.000000, 0.000000;;,
      13;3; 0.000000, 0.000000, 0.000000;;,
      14;3; 0.000000, 0.000000, 0.000000;;,
      15;3; 0.000000, 0.000000, 0.000000;;,
      16;3; 0.000000, 0.000000, 0.000000;;;
    }
  }
  Animation {
    {Armature_Root}
    AnimationKey { // Rotation
      0;
      17;
      0;4;-0.271564, 0.674954, 0.226977, 0.647435;;,
      1;4;-0.271512, 0.673425, 0.229560, 0.648137;;,
      2;4;-0.271374, 0.669345, 0.236329, 0.649986;;,
      3;4;-0.271171, 0.663455, 0.245794, 0.652594;;,
      4;4;-0.270930, 0.656529, 0.256491, 0.655575;;,
      5;4;-0.270679, 0.649423, 0.267022, 0.658546;;,
      6;4;-0.270452, 0.643078, 0.276069, 0.661129;;,
      7;4;-0.270287, 0.638510, 0.282389, 0.662952;;,
      8;4;-0.270224, 0.636760, 0.284769, 0.663643;;,
      9;4;-0.270287, 0.638510, 0.282389, 0.662952;;,
      10;4;-0.270452, 0.643078, 0.276069, 0.661129;;,
      11;4;-0.270679, 0.649423, 0.267022, 0.658546;;,
      12;4;-0.270930, 0.656529, 0.256491, 0.655575;;,
      13;4;-0.271171, 0.663455, 0.245794, 0.652594;;,
      14;4;-0.271374, 0.669345, 0.236329, 0.649986;;,
      15;4;-0.271512, 0.673425, 0.229560, 0.648137;;,
      16;4;-0.271564, 0.674954, 0.226977, 0.647435;;;
    }
    AnimationKey { // Scale
      1;
      17;
      0;3; 1.000000, 1.000000, 1.000000;;,
      1;3; 1.000000, 1.000000, 1.000000;;,
      2;3; 1.000000, 1.000000, 1.000000;;,
      3;3; 1.000000, 1.000000, 1.000000;;,
      4;3; 1.000000, 1.000000, 1.000000;;,
      5;3; 1.000000, 1.000000, 1.000000;;,
      6;3; 1.000000, 1.000000, 1.000000;;,
      7;3; 1.000000, 1.000000, 1.000000;;,
      8;3; 1.000000, 1.000000, 1.000000;;,
      9;3; 1.000000, 1.000000, 1.000000;;,
      10;3; 1.000000, 1.000000, 1.000000;;,
      11;3; 1.000000, 1.000000, 1.000000;;,
      12;3; 1.000000, 1.000000, 1.000000;;,
      13;3; 1.000000, 1.000000, 1.000000;;,
      14;3; 1.000000, 1.000000, 1.000000;;,
      15;3; 1.000000, 1.000000, 1.000000;;,
      16;3; 1.000000, 1.000000, 1.000000;;;
    }
    AnimationKey { // Position
      2;
      17;
      0;3; 4.312859,16.262461,127.099815;;,
      1;3; 4.095645,14.856764,127.718277;;,
      2;3; 3.508583,11.143093,129.348495;;,
      3;3; 2.643250, 5.872324,131.652191;;,
      4;3; 1.601055,-0.201777,134.290573;;,
      5;3; 0.506205,-6.313196,136.925247;;,
      6;3;-0.490957,-11.677479,139.219696;;,
      7;3;-1.219447,-15.491549,140.839996;;,
      8;3;-1.500716,-16.942747,141.453964;;,
      9;3;-1.219448,-15.491549,140.839996;;,
      10;3;-0.490957,-11.677481,139.219696;;,
      11;3; 0.506205,-6.313198,136.925247;;,
      12;3; 1.601054,-0.201778,134.290573;;,
      13;3; 2.643249, 5.872314,131.652206;;,
      14;3; 3.508582,11.143091,129.348495;;,
      15;3; 4.095645,14.856762,127.718277;;,
      16;3; 4.312859,16.262461,127.099815;;;
    }
  }
  Animation {
    {Armature_Body}
    AnimationKey { // Rotation
      0;
      17;
      0;4;-0.404817, 0.000000, 0.000000,-0.914398;;,
      1;4;-0.404817, 0.000000, 0.000000,-0.914398;;,
      2;4;-0.404817, 0.000000, 0.000000,-0.914398;;,
      3;4;-0.404817, 0.000000, 0.000000,-0.914398;;,
      4;4;-0.404817, 0.000000, 0.000000,-0.914398;;,
      5;4;-0.404817, 0.000000, 0.000000,-0.914398;;,
      6;4;-0.404817, 0.000000, 0.000000,-0.914398;;,
      7;4;-0.404817, 0.000000, 0.000000,-0.914398;;,
      8;4;-0.404817, 0.000000, 0.000000,-0.914398;;,
      9;4;-0.404817, 0.000000, 0.000000,-0.914398;;,
      10;4;-0.404817, 0.000000, 0.000000,-0.914398;;,
      11;4;-0.404817, 0.000000, 0.000000,-0.914398;;,
      12;4;-0.404817, 0.000000, 0.000000,-0.914398;;,
      13;4;-0.404817, 0.000000, 0.000000,-0.914398;;,
      14;4;-0.404817, 0.000000, 0.000000,-0.914398;;,
      15;4;-0.404817, 0.000000, 0.000000,-0.914398;;,
      16;4;-0.404817, 0.000000, 0.000000,-0.914398;;;
    }
    AnimationKey { // Scale
      1;
      17;
      0;3; 1.000000, 1.000000, 1.000000;;,
      1;3; 1.000000, 1.000000, 1.000000;;,
      2;3; 1.000000, 1.000000, 1.000000;;,
      3;3; 1.000000, 1.000000, 1.000000;;,
      4;3; 1.000000, 1.000000, 1.000000;;,
      5;3; 1.000000, 1.000000, 1.000000;;,
      6;3; 1.000000, 1.000000, 1.000000;;,
      7;3; 1.000000, 1.000000, 1.000000;;,
      8;3; 1.000000, 1.000000, 1.000000;;,
      9;3; 1.000000, 1.000000, 1.000000;;,
      10;3; 1.000000, 1.000000, 1.000000;;,
      11;3; 1.000000, 1.000000, 1.000000;;,
      12;3; 1.000000, 1.000000, 1.000000;;,
      13;3; 1.000000, 1.000000, 1.000000;;,
      14;3; 1.000000, 1.000000, 1.000000;;,
      15;3; 1.000000, 1.000000, 1.000000;;,
      16;3; 1.000000, 1.000000, 1.000000;;;
    }
    AnimationKey { // Position
      2;
      17;
      0;3; 0.000007,27.693789,-0.000000;;,
      1;3; 0.000007,27.693777,-0.000000;;,
      2;3; 0.000001,27.693775,-0.000000;;,
      3;3; 0.000018,27.693789,-0.000000;;,
      4;3; 0.000004,27.693790, 0.000000;;,
      5;3; 0.000008,27.693792, 0.000000;;,
      6;3; 0.000005,27.693783,-0.000000;;,
      7;3;-0.000006,27.693781,-0.000000;;,
      8;3; 0.000010,27.693789, 0.000000;;,
      9;3;-0.000006,27.693781, 0.000000;;,
      10;3; 0.000003,27.693785,-0.000000;;,
      11;3; 0.000008,27.693783,-0.000000;;,
      12;3; 0.000009,27.693783,-0.000000;;,
      13;3; 0.000003,27.693779,-0.000001;;,
      14;3; 0.000006,27.693783,-0.000000;;,
      15;3; 0.000005,27.693777,-0.000000;;,
      16;3; 0.000007,27.693789,-0.000000;;;
    }
  }
  Animation {
    {Armature_BottomBodyCTRL}
    AnimationKey { // Rotation
      0;
      17;
      0;4;-0.707094,-0.004294,-0.707094,-0.004294;;,
      1;4;-0.707094,-0.004294,-0.707094,-0.004294;;,
      2;4;-0.707094,-0.004294,-0.707094,-0.004294;;,
      3;4;-0.707094,-0.004294,-0.707094,-0.004294;;,
      4;4;-0.707094,-0.004294,-0.707094,-0.004294;;,
      5;4;-0.707094,-0.004294,-0.707094,-0.004294;;,
      6;4;-0.707094,-0.004294,-0.707094,-0.004294;;,
      7;4;-0.707094,-0.004294,-0.707094,-0.004294;;,
      8;4;-0.707094,-0.004294,-0.707094,-0.004294;;,
      9;4;-0.707094,-0.004294,-0.707094,-0.004294;;,
      10;4;-0.707094,-0.004294,-0.707094,-0.004294;;,
      11;4;-0.707094,-0.004294,-0.707094,-0.004294;;,
      12;4;-0.707094,-0.004294,-0.707094,-0.004294;;,
      13;4;-0.707094,-0.004294,-0.707094,-0.004294;;,
      14;4;-0.707094,-0.004294,-0.707094,-0.004294;;,
      15;4;-0.707094,-0.004294,-0.707094,-0.004294;;,
      16;4;-0.707094,-0.004294,-0.707094,-0.004294;;;
    }
    AnimationKey { // Scale
      1;
      17;
      0;3; 1.000000, 1.000000, 1.000000;;,
      1;3; 1.000000, 1.000000, 1.000000;;,
      2;3; 1.000000, 1.000000, 1.000000;;,
      3;3; 1.000000, 1.000000, 1.000000;;,
      4;3; 1.000000, 1.000000, 1.000000;;,
      5;3; 1.000000, 1.000000, 1.000000;;,
      6;3; 1.000000, 1.000000, 1.000000;;,
      7;3; 1.000000, 1.000000, 1.000000;;,
      8;3; 1.000000, 1.000000, 1.000000;;,
      9;3; 1.000000, 1.000000, 1.000000;;,
      10;3; 1.000000, 1.000000, 1.000000;;,
      11;3; 1.000000, 1.000000, 1.000000;;,
      12;3; 1.000000, 1.000000, 1.000000;;,
      13;3; 1.000000, 1.000000, 1.000000;;,
      14;3; 1.000000, 1.000000, 1.000000;;,
      15;3; 1.000000, 1.000000, 1.000000;;,
      16;3; 1.000000, 1.000000, 1.000000;;;
    }
    AnimationKey { // Position
      2;
      17;
      0;3;33.016663,-0.000009, 0.000001;;,
      1;3;33.016644,-0.000009, 0.000000;;,
      2;3;33.016678,-0.000010, 0.000000;;,
      3;3;33.016670,-0.000010, 0.000001;;,
      4;3;33.016674,-0.000008, 0.000001;;,
      5;3;33.016678,-0.000008, 0.000000;;,
      6;3;33.016655,-0.000010, 0.000001;;,
      7;3;33.016651,-0.000010, 0.000001;;,
      8;3;33.016659,-0.000003,-0.000000;;,
      9;3;33.016651,-0.000010, 0.000001;;,
      10;3;33.016655,-0.000010, 0.000001;;,
      11;3;33.016685,-0.000010, 0.000001;;,
      12;3;33.016674,-0.000008, 0.000000;;,
      13;3;33.016670,-0.000011, 0.000001;;,
      14;3;33.016678,-0.000010, 0.000001;;,
      15;3;33.016644,-0.000009, 0.000000;;,
      16;3;33.016663,-0.000009, 0.000001;;;
    }
  }
  Animation {
    {Armature_TopBodyCTRL}
    AnimationKey { // Rotation
      0;
      17;
      0;4;-0.707094,-0.004294,-0.707094,-0.004294;;,
      1;4;-0.707094,-0.004294,-0.707094,-0.004294;;,
      2;4;-0.707094,-0.004294,-0.707094,-0.004294;;,
      3;4;-0.707094,-0.004294,-0.707094,-0.004294;;,
      4;4;-0.707094,-0.004294,-0.707094,-0.004294;;,
      5;4;-0.707094,-0.004294,-0.707094,-0.004294;;,
      6;4;-0.707094,-0.004294,-0.707094,-0.004294;;,
      7;4;-0.707094,-0.004294,-0.707094,-0.004294;;,
      8;4;-0.707094,-0.004294,-0.707094,-0.004294;;,
      9;4;-0.707094,-0.004294,-0.707094,-0.004294;;,
      10;4;-0.707094,-0.004294,-0.707094,-0.004294;;,
      11;4;-0.707094,-0.004294,-0.707094,-0.004294;;,
      12;4;-0.707094,-0.004294,-0.707094,-0.004294;;,
      13;4;-0.707094,-0.004294,-0.707094,-0.004294;;,
      14;4;-0.707094,-0.004294,-0.707094,-0.004294;;,
      15;4;-0.707094,-0.004294,-0.707094,-0.004294;;,
      16;4;-0.707094,-0.004294,-0.707094,-0.004294;;;
    }
    AnimationKey { // Scale
      1;
      17;
      0;3; 1.000000, 1.000000, 1.000000;;,
      1;3; 1.000000, 1.000000, 1.000000;;,
      2;3; 1.000000, 1.000000, 1.000000;;,
      3;3; 1.000000, 1.000000, 1.000000;;,
      4;3; 1.000000, 1.000000, 1.000000;;,
      5;3; 1.000000, 1.000000, 1.000000;;,
      6;3; 1.000000, 1.000000, 1.000000;;,
      7;3; 1.000000, 1.000000, 1.000000;;,
      8;3; 1.000000, 1.000000, 1.000000;;,
      9;3; 1.000000, 1.000000, 1.000000;;,
      10;3; 1.000000, 1.000000, 1.000000;;,
      11;3; 1.000000, 1.000000, 1.000000;;,
      12;3; 1.000000, 1.000000, 1.000000;;,
      13;3; 1.000000, 1.000000, 1.000000;;,
      14;3; 1.000000, 1.000000, 1.000000;;,
      15;3; 1.000000, 1.000000, 1.000000;;,
      16;3; 1.000000, 1.000000, 1.000000;;;
    }
    AnimationKey { // Position
      2;
      17;
      0;3;-32.294022, 0.813623,-0.000000;;,
      1;3;-32.294056, 0.813624,-0.000001;;,
      2;3;-32.294037, 0.813623,-0.000000;;,
      3;3;-32.294022, 0.813623,-0.000000;;,
      4;3;-32.294025, 0.813627,-0.000001;;,
      5;3;-32.294029, 0.813625,-0.000001;;,
      6;3;-32.294048, 0.813625,-0.000000;;,
      7;3;-32.294064, 0.813624, 0.000000;;,
      8;3;-32.294048, 0.813628,-0.000001;;,
      9;3;-32.294064, 0.813624,-0.000000;;,
      10;3;-32.294048, 0.813625,-0.000000;;,
      11;3;-32.294010, 0.813625,-0.000000;;,
      12;3;-32.294025, 0.813625,-0.000001;;,
      13;3;-32.294022, 0.813622,-0.000000;;,
      14;3;-32.294022, 0.813622, 0.000000;;,
      15;3;-32.294056, 0.813624,-0.000000;;,
      16;3;-32.294022, 0.813623,-0.000000;;;
    }
  }
  Animation {
    {Armature_LeftBodyCTRL}
    AnimationKey { // Rotation
      0;
      17;
      0;4;-0.707094,-0.004294,-0.707094,-0.004294;;,
      1;4;-0.707094,-0.004294,-0.707094,-0.004294;;,
      2;4;-0.707094,-0.004294,-0.707094,-0.004294;;,
      3;4;-0.707094,-0.004294,-0.707094,-0.004294;;,
      4;4;-0.707094,-0.004294,-0.707094,-0.004294;;,
      5;4;-0.707094,-0.004294,-0.707094,-0.004294;;,
      6;4;-0.707094,-0.004294,-0.707094,-0.004294;;,
      7;4;-0.707094,-0.004294,-0.707094,-0.004294;;,
      8;4;-0.707094,-0.004294,-0.707094,-0.004294;;,
      9;4;-0.707094,-0.004294,-0.707094,-0.004294;;,
      10;4;-0.707094,-0.004294,-0.707094,-0.004294;;,
      11;4;-0.707094,-0.004294,-0.707094,-0.004294;;,
      12;4;-0.707094,-0.004294,-0.707094,-0.004294;;,
      13;4;-0.707094,-0.004294,-0.707094,-0.004294;;,
      14;4;-0.707094,-0.004294,-0.707094,-0.004294;;,
      15;4;-0.707094,-0.004294,-0.707094,-0.004294;;,
      16;4;-0.707094,-0.004294,-0.707094,-0.004294;;;
    }
    AnimationKey { // Scale
      1;
      17;
      0;3; 1.000000, 1.000000, 1.000000;;,
      1;3; 1.000000, 1.000000, 1.000000;;,
      2;3; 1.000000, 1.000000, 1.000000;;,
      3;3; 1.000000, 1.000000, 1.000000;;,
      4;3; 1.000000, 1.000000, 1.000000;;,
      5;3; 1.000000, 1.000000, 1.000000;;,
      6;3; 1.000000, 1.000000, 1.000000;;,
      7;3; 1.000000, 1.000000, 1.000000;;,
      8;3; 1.000000, 1.000000, 1.000000;;,
      9;3; 1.000000, 1.000000, 1.000000;;,
      10;3; 1.000000, 1.000000, 1.000000;;,
      11;3; 1.000000, 1.000000, 1.000000;;,
      12;3; 1.000000, 1.000000, 1.000000;;,
      13;3; 1.000000, 1.000000, 1.000000;;,
      14;3; 1.000000, 1.000000, 1.000000;;,
      15;3; 1.000000, 1.000000, 1.000000;;,
      16;3; 1.000000, 1.000000, 1.000000;;;
    }
    AnimationKey { // Position
      2;
      17;
      0;3;-0.598624,-0.008508,33.650475;;,
      1;3;-0.598641,-0.008507,33.650478;;,
      2;3;-0.598617,-0.008509,33.650475;;,
      3;3;-0.598615,-0.008507,33.650475;;,
      4;3;-0.598620,-0.008504,33.650478;;,
      5;3;-0.598622,-0.008506,33.650482;;,
      6;3;-0.598636,-0.008506,33.650478;;,
      7;3;-0.598642,-0.008507,33.650478;;,
      8;3;-0.598634,-0.008505,33.650478;;,
      9;3;-0.598642,-0.008507,33.650478;;,
      10;3;-0.598636,-0.008506,33.650478;;,
      11;3;-0.598605,-0.008508,33.650478;;,
      12;3;-0.598619,-0.008507,33.650478;;,
      13;3;-0.598615,-0.008507,33.650475;;,
      14;3;-0.598600,-0.008510,33.650478;;,
      15;3;-0.598641,-0.008508,33.650478;;,
      16;3;-0.598624,-0.008508,33.650475;;;
    }
  }
  Animation {
    {Armature_RightBodyCTRL}
    AnimationKey { // Rotation
      0;
      17;
      0;4;-0.004290, 0.707094,-0.004294, 0.707094;;,
      1;4;-0.004290, 0.707094,-0.004294, 0.707094;;,
      2;4;-0.004290, 0.707094,-0.004294, 0.707094;;,
      3;4;-0.004290, 0.707094,-0.004294, 0.707094;;,
      4;4;-0.004290, 0.707094,-0.004294, 0.707094;;,
      5;4;-0.004290, 0.707094,-0.004294, 0.707094;;,
      6;4;-0.004290, 0.707094,-0.004294, 0.707094;;,
      7;4;-0.004290, 0.707094,-0.004294, 0.707094;;,
      8;4;-0.004290, 0.707094,-0.004294, 0.707094;;,
      9;4;-0.004290, 0.707094,-0.004294, 0.707094;;,
      10;4;-0.004290, 0.707094,-0.004294, 0.707094;;,
      11;4;-0.004290, 0.707094,-0.004294, 0.707094;;,
      12;4;-0.004290, 0.707094,-0.004294, 0.707094;;,
      13;4;-0.004290, 0.707094,-0.004294, 0.707094;;,
      14;4;-0.004290, 0.707094,-0.004294, 0.707094;;,
      15;4;-0.004290, 0.707094,-0.004294, 0.707094;;,
      16;4;-0.004290, 0.707094,-0.004294, 0.707094;;;
    }
    AnimationKey { // Scale
      1;
      17;
      0;3; 1.001021, 1.000000, 1.000000;;,
      1;3; 1.001021, 1.000000, 1.000000;;,
      2;3; 1.001021, 1.000000, 1.000000;;,
      3;3; 1.001021, 1.000000, 1.000000;;,
      4;3; 1.001021, 1.000000, 1.000000;;,
      5;3; 1.001021, 1.000000, 1.000000;;,
      6;3; 1.001021, 1.000000, 1.000000;;,
      7;3; 1.001021, 1.000000, 1.000000;;,
      8;3; 1.001021, 1.000000, 1.000000;;,
      9;3; 1.001021, 1.000000, 1.000000;;,
      10;3; 1.001021, 1.000000, 1.000000;;,
      11;3; 1.001021, 1.000000, 1.000000;;,
      12;3; 1.001021, 1.000000, 1.000000;;,
      13;3; 1.001021, 1.000000, 1.000000;;,
      14;3; 1.001021, 1.000000, 1.000000;;,
      15;3; 1.001021, 1.000000, 1.000000;;,
      16;3; 1.001021, 1.000000, 1.000000;;;
    }
    AnimationKey { // Position
      2;
      17;
      0;3;-0.598813,-0.008505,-33.650501;;,
      1;3;-0.598833,-0.008506,-33.650501;;,
      2;3;-0.598806,-0.008507,-33.650501;;,
      3;3;-0.598786,-0.008507,-33.650501;;,
      4;3;-0.598788,-0.008505,-33.650505;;,
      5;3;-0.598804,-0.008507,-33.650505;;,
      6;3;-0.598803,-0.008509,-33.650497;;,
      7;3;-0.598822,-0.008509,-33.650501;;,
      8;3;-0.598817,-0.008504,-33.650505;;,
      9;3;-0.598822,-0.008508,-33.650501;;,
      10;3;-0.598804,-0.008508,-33.650497;;,
      11;3;-0.598787,-0.008506,-33.650505;;,
      12;3;-0.598788,-0.008507,-33.650505;;,
      13;3;-0.598787,-0.008509,-33.650501;;,
      14;3;-0.598805,-0.008507,-33.650501;;,
      15;3;-0.598833,-0.008506,-33.650501;;,
      16;3;-0.598813,-0.008505,-33.650501;;;
    }
  }
  Animation {
    {Armature_RearBodyCTRL}
    AnimationKey { // Rotation
      0;
      17;
      0;4;-0.707094,-0.004294,-0.707094,-0.004294;;,
      1;4;-0.707094,-0.004294,-0.707094,-0.004294;;,
      2;4;-0.707094,-0.004294,-0.707094,-0.004294;;,
      3;4;-0.707094,-0.004294,-0.707094,-0.004294;;,
      4;4;-0.707094,-0.004294,-0.707094,-0.004294;;,
      5;4;-0.707094,-0.004294,-0.707094,-0.004294;;,
      6;4;-0.707094,-0.004294,-0.707094,-0.004294;;,
      7;4;-0.707094,-0.004294,-0.707094,-0.004294;;,
      8;4;-0.707094,-0.004294,-0.707094,-0.004294;;,
      9;4;-0.707094,-0.004294,-0.707094,-0.004294;;,
      10;4;-0.707094,-0.004294,-0.707094,-0.004294;;,
      11;4;-0.707094,-0.004294,-0.707094,-0.004294;;,
      12;4;-0.707094,-0.004294,-0.707094,-0.004294;;,
      13;4;-0.707094,-0.004294,-0.707094,-0.004294;;,
      14;4;-0.707094,-0.004294,-0.707094,-0.004294;;,
      15;4;-0.707094,-0.004294,-0.707094,-0.004294;;,
      16;4;-0.707094,-0.004294,-0.707094,-0.004294;;;
    }
    AnimationKey { // Scale
      1;
      17;
      0;3; 1.000000, 1.000000, 1.000000;;,
      1;3; 1.000000, 1.000000, 1.000000;;,
      2;3; 1.000000, 1.000000, 1.000000;;,
      3;3; 1.000000, 1.000000, 1.000000;;,
      4;3; 1.000000, 1.000000, 1.000000;;,
      5;3; 1.000000, 1.000000, 1.000000;;,
      6;3; 1.000000, 1.000000, 1.000000;;,
      7;3; 1.000000, 1.000000, 1.000000;;,
      8;3; 1.000000, 1.000000, 1.000000;;,
      9;3; 1.000000, 1.000000, 1.000000;;,
      10;3; 1.000000, 1.000000, 1.000000;;,
      11;3; 1.000000, 1.000000, 1.000000;;,
      12;3; 1.000000, 1.000000, 1.000000;;,
      13;3; 1.000000, 1.000000, 1.000000;;,
      14;3; 1.000000, 1.000000, 1.000000;;,
      15;3; 1.000000, 1.000000, 1.000000;;,
      16;3; 1.000000, 1.000000, 1.000000;;;
    }
    AnimationKey { // Position
      2;
      17;
      0;3; 0.236388,29.980715,-0.000000;;,
      1;3; 0.236361,29.980719,-0.000001;;,
      2;3; 0.236389,29.980717, 0.000000;;,
      3;3; 0.236390,29.980717,-0.000000;;,
      4;3; 0.236389,29.980717, 0.000000;;,
      5;3; 0.236392,29.980717,-0.000000;;,
      6;3; 0.236387,29.980713, 0.000000;;,
      7;3; 0.236376,29.980713, 0.000000;;,
      8;3; 0.236386,29.980719,-0.000001;;,
      9;3; 0.236376,29.980713, 0.000000;;,
      10;3; 0.236387,29.980713, 0.000000;;,
      11;3; 0.236407,29.980717, 0.000000;;,
      12;3; 0.236389,29.980719, 0.000000;;,
      13;3; 0.236389,29.980717,-0.000000;;,
      14;3; 0.236386,29.980717, 0.000000;;,
      15;3; 0.236361,29.980719,-0.000000;;,
      16;3; 0.236388,29.980715,-0.000000;;;
    }
  }
  Animation {
    {Armature_EyeCTRL}
    AnimationKey { // Rotation
      0;
      17;
      0;4;-0.022260,-0.000000, 0.000000, 0.999752;;,
      1;4;-0.022993, 0.000000, 0.000000, 0.999736;;,
      2;4;-0.024958,-0.000000, 0.000000, 0.999689;;,
      3;4;-0.027801, 0.000000, 0.000000, 0.999613;;,
      4;4;-0.031171,-0.000000, 0.000000, 0.999514;;,
      5;4;-0.034718,-0.000000, 0.000000, 0.999397;;,
      6;4;-0.038087,-0.000000, 0.000000, 0.999274;;,
      7;4;-0.040929,-0.000000, 0.000000, 0.999162;;,
      8;4;-0.042892,-0.000000, 0.000000, 0.999080;;,
      9;4;-0.043625,-0.000000, 0.000000, 0.999048;;,
      10;4;-0.042441,-0.000000, 0.000000, 0.999099;;,
      11;4;-0.039391,-0.000000, 0.000000, 0.999224;;,
      12;4;-0.035218,-0.000000, 0.000000, 0.999380;;,
      13;4;-0.030671,-0.000000, 0.000000, 0.999530;;,
      14;4;-0.026497,-0.000000, 0.000000, 0.999649;;,
      15;4;-0.023444, 0.000000, 0.000000, 0.999725;;,
      16;4;-0.022260,-0.000000, 0.000000, 0.999752;;;
    }
    AnimationKey { // Scale
      1;
      17;
      0;3; 1.000103, 1.000000, 1.000000;;,
      1;3; 1.000103, 1.000000, 1.000000;;,
      2;3; 1.000103, 1.000000, 1.000000;;,
      3;3; 1.000103, 1.000000, 1.000000;;,
      4;3; 1.000103, 1.000000, 1.000000;;,
      5;3; 1.000103, 1.000000, 1.000000;;,
      6;3; 1.000103, 1.000000, 1.000000;;,
      7;3; 1.000103, 1.000000, 1.000000;;,
      8;3; 1.000103, 1.000000, 1.000000;;,
      9;3; 1.000103, 1.000000, 1.000000;;,
      10;3; 1.000103, 1.000000, 1.000000;;,
      11;3; 1.000103, 1.000000, 1.000000;;,
      12;3; 1.000103, 1.000000, 1.000000;;,
      13;3; 1.000103, 1.000000, 1.000000;;,
      14;3; 1.000103, 1.000000, 1.000000;;,
      15;3; 1.000103, 1.000000, 1.000000;;,
      16;3; 1.000103, 1.000000, 1.000000;;;
    }
    AnimationKey { // Position
      2;
      17;
      0;3;-0.859372,-18.079184, 0.000000;;,
      1;3;-0.860513,-18.171474, 0.000000;;,
