xof 0303txt 0032

Frame Root {
  FrameTransformMatrix {
     1.000000, 0.000000, 0.000000, 0.000000,
     0.000000,-0.000000,-1.000000, 0.000000,
     0.000000, 1.000000,-0.000000, 0.000000,
     0.000000, 0.000000, 0.000000, 1.000000;;
  }
  Frame Armature {
    FrameTransformMatrix {
       0.010000, 0.000000, 0.000000, 0.000000,
       0.000000, 0.010000, 0.000000, 0.000000,
       0.000000, 0.000000, 0.010000, 0.000000,
       0.000000, 0.000000, 0.000000, 1.000000;;
    }
    Frame Armature_Root {
      FrameTransformMatrix {
        -0.040385, 0.500959, 0.864529, 0.000000,
        -0.023376,-0.865471, 0.500413, 0.000000,
         0.998911, 0.000000, 0.046662, 0.000000,
        -3.544409,23.983946,131.508163, 1.000000;;
      }
      Frame Armature_Body {
        FrameTransformMatrix {
          -0.672246,-0.740328,-0.000000, 0.000000,
           0.740328,-0.672246, 0.000000, 0.000000,
          -0.000000,-0.000000, 1.000000, 0.000000,
           0.000014,27.693785, 0.000000, 1.000000;;
        }
        Frame Armature_BottomBodyCTRL {
          FrameTransformMatrix {
            -0.000000,-0.000000, 1.000000, 0.000000,
             0.012146, 0.999926, 0.000000, 0.000000,
            -0.999926, 0.012146,-0.000000, 0.000000,
            33.016682,-0.000006, 0.000001, 1.000000;;
          }
        } // End of Armature_BottomBodyCTRL
        Frame Armature_EyeCTRL {
          FrameTransformMatrix {
            -0.999783,-0.025282,-0.000000, 0.000000,
             0.025289,-0.999681, 0.000000, 0.000000,
            -0.000000, 0.000000, 1.000000, 0.000000,
            -0.859390,-18.077343, 0.000001, 1.000000;;
          }
          Frame Armature_EyeBallCTRL {
            FrameTransformMatrix {
              -0.371820,-0.928305,-0.000000, 0.000000,
              -0.000000,-0.000000, 1.000000, 0.000000,
              -0.928305, 0.371820,-0.000000, 0.000000,
               0.000022,12.242513,-0.000001, 1.000000;;
            }
          } // End of Armature_EyeBallCTRL
          Frame Armature_LowerEyelidCTRL {
            FrameTransformMatrix {
              -0.658046,-0.752978,-0.000000, 0.000000,
              -0.000000,-0.000000, 1.000000, 0.000000,
              -0.752978, 0.658046,-0.000000, 0.000000,
               0.000023,12.597340,-0.000000, 1.000000;;
            }
          } // End of Armature_LowerEyelidCTRL
          Frame Armature_UpperEyelidCTRL {
            FrameTransformMatrix {
              -0.427920,-0.903817,-0.000000, 0.000000,
              -0.000000,-0.000000, 1.000000, 0.000000,
              -0.903817, 0.427920,-0.000000, 0.000000,
               0.000023,12.597340,-0.000000, 1.000000;;
            }
          } // End of Armature_UpperEyelidCTRL
        } // End of Armature_EyeCTRL
        Frame Armature_LeftBodyCTRL {
          FrameTransformMatrix {
            -0.000000,-0.000000, 1.000000, 0.000000,
             0.012146, 0.999926, 0.000000, 0.000000,
            -0.999926, 0.012146,-0.000000, 0.000000,
            -0.598613,-0.008505,33.650478, 1.000000;;
          }
        } // End of Armature_LeftBodyCTRL
        Frame Armature_Process01 {
          FrameTransformMatrix {
            -0.988296, 0.012005, 0.152077, 0.000000,
             0.016223, 0.999517, 0.026523, 0.000000,
            -0.151685, 0.028680,-0.988013, 0.000000,
            -41.532001,-6.365076, 8.697648, 1.000000;;
          }
        } // End of Armature_Process01
        Frame Armature_Process02 {
          FrameTransformMatrix {
             0.277334, 0.441454, 0.853349, 0.000000,
             0.010771, 0.886705,-0.462211, 0.000000,
            -0.960714, 0.137378, 0.241158, 0.000000,
             7.566992,18.773947,38.804440, 1.000000;;
          }
        } // End of Armature_Process02
        Frame Armature_Process03 {
          FrameTransformMatrix {
             0.900869, 0.426892, 0.078726, 0.000000,
            -0.430445, 0.901945, 0.034813, 0.000000,
            -0.056145,-0.065249, 0.996288, 0.000000,
            37.941013,18.159899, 6.916868, 1.000000;;
          }
        } // End of Armature_Process03
        Frame Armature_Process04 {
          FrameTransformMatrix {
             0.763121,-0.402115,-0.505916, 0.000000,
             0.356137, 0.914913,-0.190001, 0.000000,
             0.539271,-0.035182, 0.841397, 0.000000,
            31.862400,-18.825491,-22.134548, 1.000000;;
          }
        } // End of Armature_Process04
        Frame Armature_Process05 {
          FrameTransformMatrix {
            -0.377607, 0.795702,-0.473573, 0.000000,
             0.023719,-0.502957,-0.863986, 0.000000,
            -0.925662,-0.337480, 0.171047, 0.000000,
            -15.017777,26.232939,-24.951460, 1.000000;;
          }
        } // End of Armature_Process05
        Frame Armature_RearBodyCTRL {
          FrameTransformMatrix {
            -0.000000,-0.000000, 1.000000, 0.000000,
             0.012146, 0.999926, 0.000000, 0.000000,
            -0.999926, 0.012146,-0.000000, 0.000000,
             0.236397,29.980719, 0.000001, 1.000000;;
          }
        } // End of Armature_RearBodyCTRL
        Frame Armature_RightBodyCTRL {
          FrameTransformMatrix {
            -0.000000,-0.000012, 1.001021, 0.000000,
            -0.012146,-0.999926, 0.000000, 0.000000,
             0.999926,-0.012146, 0.000000, 0.000000,
            -0.598802,-0.008502,-33.650497, 1.000000;;
          }
        } // End of Armature_RightBodyCTRL
        Frame Armature_TentacleA01 {
          FrameTransformMatrix {
            -0.128998, 0.970661, 0.202921, 0.000000,
            -0.466448,-0.239973, 0.851375, 0.000000,
             0.875092, 0.015174, 0.483719, 0.000000,
            -23.063526,-6.629871,36.039707, 1.000000;;
          }
          Frame Armature_TentacleA02 {
            FrameTransformMatrix {
               0.998618, 0.051609,-0.009958, 0.000000,
              -0.049728, 0.989042, 0.139004, 0.000000,
               0.017022,-0.138317, 0.990242, 0.000000,
              -0.110838,12.595016, 0.172185, 1.000000;;
            }
            Frame Armature_TentacleA03 {
              FrameTransformMatrix {
                 0.992377, 0.122299, 0.015178, 0.000000,
                -0.115056, 0.963564,-0.241465, 0.000000,
                -0.044156, 0.237878, 0.970291, 0.000000,
                 0.093995,14.155003, 0.248653, 1.000000;;
              }
              Frame Armature_TentacleA04 {
                FrameTransformMatrix {
                   0.997636, 0.068689,-0.001936, 0.000000,
                  -0.066182, 0.952891,-0.296006, 0.000000,
                  -0.018487, 0.295435, 0.955184, 0.000000,
                  -0.093117,10.906169,-0.323431, 1.000000;;
                }
                Frame Armature_TentacleA05 {
                  FrameTransformMatrix {
                    -0.086658,-0.510714, 0.855372, 0.000000,
                     0.993525,-0.107625, 0.036395, 0.000000,
                     0.073473, 0.852988, 0.516733, 0.000000,
                    -0.000004,16.387590, 0.000003, 1.000000;;
                  }
                } // End of Armature_TentacleA05
              } // End of Armature_TentacleA04
            } // End of Armature_TentacleA03
          } // End of Armature_TentacleA02
        } // End of Armature_TentacleA01
        Frame Armature_TentacleB01 {
          FrameTransformMatrix {
             0.246476, 0.917236, 0.312933, 0.000000,
             0.464597,-0.395202, 0.792443, 0.000000,
             0.850529,-0.049930,-0.523553, 0.000000,
            19.650845,-18.561604,32.340561, 1.000000;;
          }
          Frame Armature_TentacleB02 {
            FrameTransformMatrix {
               0.995709,-0.090638,-0.018660, 0.000000,
               0.089801, 0.995089,-0.041639, 0.000000,
               0.022342, 0.039784, 0.998959, 0.000000,
               0.063269,10.691483, 0.391640, 1.000000;;
            }
            Frame Armature_TentacleB03 {
              FrameTransformMatrix {
                 0.994874,-0.100342, 0.012544, 0.000000,
                 0.090205, 0.936672, 0.338391, 0.000000,
                -0.045704,-0.335525, 0.940922, 0.000000,
                -0.040694,14.817828,-0.319042, 1.000000;;
              }
              Frame Armature_TentacleB04 {
                FrameTransformMatrix {
                   0.997448,-0.067448,-0.023426, 0.000000,
                   0.071241, 0.962071, 0.263334, 0.000000,
                   0.004776,-0.264331, 0.964420, 0.000000,
                   0.345654,12.711905, 0.548204, 1.000000;;
                }
                Frame Armature_TentacleB05 {
                  FrameTransformMatrix {
                     0.999142,-0.008305,-0.040585, 0.000000,
                     0.011722, 0.996336, 0.084712, 0.000000,
                     0.039733,-0.085115, 0.995579, 0.000000,
                    -0.000001,18.558559, 0.000007, 1.000000;;
                  }
                } // End of Armature_TentacleB05
              } // End of Armature_TentacleB04
            } // End of Armature_TentacleB03
          } // End of Armature_TentacleB02
        } // End of Armature_TentacleB01
        Frame Armature_TentacleC01 {
          FrameTransformMatrix {
             0.011274, 0.999937, 0.000143, 0.000000,
             0.966917,-0.010866,-0.254860, 0.000000,
            -0.254843, 0.003012,-0.966978, 0.000000,
            39.123772, 5.665391,-8.376417, 1.000000;;
          }
          Frame Armature_TentacleC02 {
            FrameTransformMatrix {
               0.974825, 0.222965, 0.001245, 0.000000,
              -0.222813, 0.973920, 0.042818, 0.000000,
               0.008334,-0.042018, 0.999082, 0.000000,
               0.042416, 9.142008,-0.048410, 1.000000;;
            }
            Frame Armature_TentacleC03 {
              FrameTransformMatrix {
                 0.976582, 0.215136,-0.001891, 0.000000,
                -0.201731, 0.912607,-0.355602, 0.000000,
                -0.074777, 0.347656, 0.934636, 0.000000,
                -0.005148,11.585226,-0.006627, 1.000000;;
              }
              Frame Armature_TentacleC04 {
                FrameTransformMatrix {
                   0.988744, 0.149617, 0.000595, 0.000000,
                  -0.139651, 0.924297,-0.355208, 0.000000,
                  -0.053695, 0.351127, 0.934787, 0.000000,
                  -0.031690, 8.851313,-0.027299, 1.000000;;
                }
                Frame Armature_TentacleC05 {
                  FrameTransformMatrix {
                     0.994336, 0.000753, 0.106276, 0.000000,
                     0.038914, 0.927954,-0.370657, 0.000000,
                    -0.098898, 0.372693, 0.922670, 0.000000,
                     0.000003, 9.819496, 0.000003, 1.000000;;
                  }
                } // End of Armature_TentacleC05
              } // End of Armature_TentacleC04
            } // End of Armature_TentacleC03
          } // End of Armature_TentacleC02
        } // End of Armature_TentacleC01
        Frame Armature_TentacleD01 {
          FrameTransformMatrix {
            -0.032908, 0.967904, 0.249158, 0.000000,
             0.119756, 0.251315,-0.960468, 0.000000,
            -0.992258,-0.001769,-0.124183, 0.000000,
             8.171146, 6.275737,-41.120026, 1.000000;;
          }
          Frame Armature_TentacleD02 {
            FrameTransformMatrix {
               0.996143,-0.087414, 0.007566, 0.000000,
               0.087643, 0.995405,-0.038569, 0.000000,
              -0.004160, 0.039084, 0.999227, 0.000000,
              -0.003062,12.007991,-0.032296, 1.000000;;
            }
            Frame Armature_TentacleD03 {
              FrameTransformMatrix {
                 0.996243,-0.086607, 0.000267, 0.000000,
                 0.080851, 0.931131, 0.355609, 0.000000,
                -0.031047,-0.354251, 0.934635, 0.000000,
                 0.000000,15.854480,-0.000001, 1.000000;;
              }
              Frame Armature_TentacleD04 {
                FrameTransformMatrix {
                   0.989169,-0.146116, 0.013958, 0.000000,
                   0.131528, 0.924574, 0.357580, 0.000000,
                  -0.065153,-0.351871, 0.933778, 0.000000,
                  -0.212307,12.108994, 0.170090, 1.000000;;
                }
                Frame Armature_TentacleD05 {
                  FrameTransformMatrix {
                     0.999719,-0.022919,-0.006052, 0.000000,
                     0.023353, 0.996071, 0.085428, 0.000000,
                     0.004070,-0.085545, 0.996326, 0.000000,
                     0.000000,12.287917, 0.000007, 1.000000;;
                  }
                } // End of Armature_TentacleD05
              } // End of Armature_TentacleD04
            } // End of Armature_TentacleD03
          } // End of Armature_TentacleD02
        } // End of Armature_TentacleD01
        Frame Armature_TentacleE01 {
          FrameTransformMatrix {
            -0.468824, 0.828341,-0.306685, 0.000000,
            -0.629288,-0.556876,-0.542113, 0.000000,
            -0.619839,-0.061162, 0.782342, 0.000000,
            -30.838339,-17.541435,-21.570745, 1.000000;;
          }
          Frame Armature_TentacleE02 {
            FrameTransformMatrix {
               0.998612, 0.051399, 0.011469, 0.000000,
              -0.048183, 0.979630,-0.194944, 0.000000,
              -0.021256, 0.194121, 0.980747, 0.000000,
               0.073492,10.821173, 0.046600, 1.000000;;
            }
            Frame Armature_TentacleE03 {
              FrameTransformMatrix {
                 0.999686, 0.024597, 0.004782, 0.000000,
                -0.024942, 0.995080, 0.095879, 0.000000,
                -0.002400,-0.095968, 0.995381, 0.000000,
                 0.056141,11.782652, 0.008696, 1.000000;;
              }
              Frame Armature_TentacleE04 {
                FrameTransformMatrix {
                   0.986249, 0.163704, 0.022680, 0.000000,
                  -0.165194, 0.980563, 0.105857, 0.000000,
                  -0.004910,-0.108148, 0.994123, 0.000000,
                   0.380455, 8.371635,-0.156602, 1.000000;;
                }
                Frame Armature_TentacleE05 {
                  FrameTransformMatrix {
                     0.046791,-0.998877, 0.007389, 0.000000,
                     0.986793, 0.047371, 0.154904, 0.000000,
                    -0.155080, 0.000043, 0.987902, 0.000000,
                     0.000015,15.094591, 0.000007, 1.000000;;
                  }
                } // End of Armature_TentacleE05
              } // End of Armature_TentacleE04
            } // End of Armature_TentacleE03
          } // End of Armature_TentacleE02
        } // End of Armature_TentacleE01
        Frame Armature_TentacleF01 {
          FrameTransformMatrix {
             0.589117, 0.727098,-0.352520, 0.000000,
            -0.681928, 0.681402, 0.265831, 0.000000,
             0.433493, 0.083788, 0.897253, 0.000000,
            -24.773138,28.514013,17.913275, 1.000000;;
          }
          Frame Armature_TentacleF02 {
            FrameTransformMatrix {
               0.998899, 0.040924,-0.022931, 0.000000,
              -0.044771, 0.977617,-0.205572, 0.000000,
               0.014005, 0.206372, 0.978373, 0.000000,
               0.020695,14.963240,-0.070306, 1.000000;;
            }
            Frame Armature_TentacleF03 {
              FrameTransformMatrix {
                 0.999869, 0.000481, 0.016204, 0.000000,
                -0.004889, 0.961973, 0.273100, 0.000000,
                -0.015456,-0.273143, 0.961849, 0.000000,
                -0.094032,18.701738, 0.045949, 1.000000;;
              }
              Frame Armature_TentacleF04 {
                FrameTransformMatrix {
                   0.990673, 0.104338,-0.087633, 0.000000,
                  -0.080034, 0.966092, 0.245480, 0.000000,
                   0.110274,-0.236176, 0.965433, 0.000000,
                   0.588636,14.878656,-0.947062, 1.000000;;
                }
                Frame Armature_TentacleF05 {
                  FrameTransformMatrix {
                     0.998548,-0.020461, 0.049839, 0.000000,
                     0.023660, 0.997639,-0.064474, 0.000000,
                    -0.048402, 0.065559, 0.996674, 0.000000,
                    -0.000005,17.896137,-0.000008, 1.000000;;
                  }
                } // End of Armature_TentacleF05
              } // End of Armature_TentacleF04
            } // End of Armature_TentacleF03
          } // End of Armature_TentacleF02
        } // End of Armature_TentacleF01
        Frame Armature_TopBodyCTRL {
          FrameTransformMatrix {
            -0.000000, 0.000000, 1.000000, 0.000000,
             0.012146, 0.999926,-0.000000, 0.000000,
            -0.999926, 0.012146,-0.000000, 0.000000,
            -32.294022, 0.813629, 0.000000, 1.000000;;
          }
        } // End of Armature_TopBodyCTRL
      } // End of Armature_Body
    } // End of Armature_Root
    Frame BeholderMesh {
      FrameTransformMatrix {
         1.000000, 0.000000,-0.000000, 0.000000,
         0.000000, 1.000000, 0.000000, 0.000000,
        -0.000000, 0.000000, 1.000000, 0.000000,
         0.000000,-0.000002, 0.000001, 1.000000;;
      }
    } // End of BeholderMesh
  } // End of Armature
} // End of Root
AnimationSet Global {
  Animation {
    {Armature}
    AnimationKey { // Rotation
      0;
      41;
      0;4;-1.000000, 0.000000, 0.000000, 0.000000;;,
      1;4;-1.000000, 0.000000, 0.000000, 0.000000;;,
      2;4;-1.000000, 0.000000, 0.000000, 0.000000;;,
      3;4;-1.000000, 0.000000, 0.000000, 0.000000;;,
      4;4;-1.000000, 0.000000, 0.000000, 0.000000;;,
      5;4;-1.000000, 0.000000, 0.000000, 0.000000;;,
      6;4;-1.000000, 0.000000, 0.000000, 0.000000;;,
      7;4;-1.000000, 0.000000, 0.000000, 0.000000;;,
      8;4;-1.000000, 0.000000, 0.000000, 0.000000;;,
      9;4;-1.000000, 0.000000, 0.000000, 0.000000;;,
      10;4;-1.000000, 0.000000, 0.000000, 0.000000;;,
      11;4;-1.000000, 0.000000, 0.000000, 0.000000;;,
      12;4;-1.000000, 0.000000, 0.000000, 0.000000;;,
      13;4;-1.000000, 0.000000, 0.000000, 0.000000;;,
      14;4;-1.000000, 0.000000, 0.000000, 0.000000;;,
      15;4;-1.000000, 0.000000, 0.000000, 0.000000;;,
      16;4;-1.000000, 0.000000, 0.000000, 0.000000;;,
      17;4;-1.000000, 0.000000, 0.000000, 0.000000;;,
      18;4;-1.000000, 0.000000, 0.000000, 0.000000;;,
      19;4;-1.000000, 0.000000, 0.000000, 0.000000;;,
      20;4;-1.000000, 0.000000, 0.000000, 0.000000;;,
      21;4;-1.000000, 0.000000, 0.000000, 0.000000;;,
      22;4;-1.000000, 0.000000, 0.000000, 0.000000;;,
      23;4;-1.000000, 0.000000, 0.000000, 0.000000;;,
      24;4;-1.000000, 0.000000, 0.000000, 0.000000;;,
      25;4;-1.000000, 0.000000, 0.000000, 0.000000;;,
      26;4;-1.000000, 0.000000, 0.000000, 0.000000;;,
      27;4;-1.000000, 0.000000, 0.000000, 0.000000;;,
      28;4;-1.000000, 0.000000, 0.000000, 0.000000;;,
      29;4;-1.000000, 0.000000, 0.000000, 0.000000;;,
      30;4;-1.000000, 0.000000, 0.000000, 0.000000;;,
      31;4;-1.000000, 0.000000, 0.000000, 0.000000;;,
      32;4;-1.000000, 0.000000, 0.000000, 0.000000;;,
      33;4;-1.000000, 0.000000, 0.000000, 0.000000;;,
      34;4;-1.000000, 0.000000, 0.000000, 0.000000;;,
      35;4;-1.000000, 0.000000, 0.000000, 0.000000;;,
      36;4;-1.000000, 0.000000, 0.000000, 0.000000;;,
      37;4;-1.000000, 0.000000, 0.000000, 0.000000;;,
      38;4;-1.000000, 0.000000, 0.000000, 0.000000;;,
      39;4;-1.000000, 0.000000, 0.000000, 0.000000;;,
      40;4;-1.000000, 0.000000, 0.000000, 0.000000;;;
    }
    AnimationKey { // Scale
      1;
      41;
      0;3; 0.010000, 0.010000, 0.010000;;,
      1;3; 0.010000, 0.010000, 0.010000;;,
      2;3; 0.010000, 0.010000, 0.010000;;,
      3;3; 0.010000, 0.010000, 0.010000;;,
      4;3; 0.010000, 0.010000, 0.010000;;,
      5;3; 0.010000, 0.010000, 0.010000;;,
      6;3; 0.010000, 0.010000, 0.010000;;,
      7;3; 0.010000, 0.010000, 0.010000;;,
      8;3; 0.010000, 0.010000, 0.010000;;,
      9;3; 0.010000, 0.010000, 0.010000;;,
      10;3; 0.010000, 0.010000, 0.010000;;,
      11;3; 0.010000, 0.010000, 0.010000;;,
      12;3; 0.010000, 0.010000, 0.010000;;,
      13;3; 0.010000, 0.010000, 0.010000;;,
      14;3; 0.010000, 0.010000, 0.010000;;,
      15;3; 0.010000, 0.010000, 0.010000;;,
      16;3; 0.010000, 0.010000, 0.010000;;,
      17;3; 0.010000, 0.010000, 0.010000;;,
      18;3; 0.010000, 0.010000, 0.010000;;,
      19;3; 0.010000, 0.010000, 0.010000;;,
      20;3; 0.010000, 0.010000, 0.010000;;,
      21;3; 0.010000, 0.010000, 0.010000;;,
      22;3; 0.010000, 0.010000, 0.010000;;,
      23;3; 0.010000, 0.010000, 0.010000;;,
      24;3; 0.010000, 0.010000, 0.010000;;,
      25;3; 0.010000, 0.010000, 0.010000;;,
      26;3; 0.010000, 0.010000, 0.010000;;,
      27;3; 0.010000, 0.010000, 0.010000;;,
      28;3; 0.010000, 0.010000, 0.010000;;,
      29;3; 0.010000, 0.010000, 0.010000;;,
      30;3; 0.010000, 0.010000, 0.010000;;,
      31;3; 0.010000, 0.010000, 0.010000;;,
      32;3; 0.010000, 0.010000, 0.010000;;,
      33;3; 0.010000, 0.010000, 0.010000;;,
      34;3; 0.010000, 0.010000, 0.010000;;,
      35;3; 0.010000, 0.010000, 0.010000;;,
      36;3; 0.010000, 0.010000, 0.010000;;,
      37;3; 0.010000, 0.010000, 0.010000;;,
      38;3; 0.010000, 0.010000, 0.010000;;,
      39;3; 0.010000, 0.010000, 0.010000;;,
      40;3; 0.010000, 0.010000, 0.010000;;;
    }
    AnimationKey { // Position
      2;
      41;
      0;3; 0.000000, 0.000000, 0.000000;;,
      1;3; 0.000000, 0.000000, 0.000000;;,
      2;3; 0.000000, 0.000000, 0.000000;;,
      3;3; 0.000000, 0.000000, 0.000000;;,
      4;3; 0.000000, 0.000000, 0.000000;;,
      5;3; 0.000000, 0.000000, 0.000000;;,
      6;3; 0.000000, 0.000000, 0.000000;;,
      7;3; 0.000000, 0.000000, 0.000000;;,
      8;3; 0.000000, 0.000000, 0.000000;;,
      9;3; 0.000000, 0.000000, 0.000000;;,
      10;3; 0.000000, 0.000000, 0.000000;;,
      11;3; 0.000000, 0.000000, 0.000000;;,
      12;3; 0.000000, 0.000000, 0.000000;;,
      13;3; 0.000000, 0.000000, 0.000000;;,
      14;3; 0.000000, 0.000000, 0.000000;;,
      15;3; 0.000000, 0.000000, 0.000000;;,
      16;3; 0.000000, 0.000000, 0.000000;;,
      17;3; 0.000000, 0.000000, 0.000000;;,
      18;3; 0.000000, 0.000000, 0.000000;;,
      19;3; 0.000000, 0.000000, 0.000000;;,
      20;3; 0.000000, 0.000000, 0.000000;;,
      21;3; 0.000000, 0.000000, 0.000000;;,
      22;3; 0.000000, 0.000000, 0.000000;;,
      23;3; 0.000000, 0.000000, 0.000000;;,
      24;3; 0.000000, 0.000000, 0.000000;;,
      25;3; 0.000000, 0.000000, 0.000000;;,
      26;3; 0.000000, 0.000000, 0.000000;;,
      27;3; 0.000000, 0.000000, 0.000000;;,
      28;3; 0.000000, 0.000000, 0.000000;;,
      29;3; 0.000000, 0.000000, 0.000000;;,
      30;3; 0.000000, 0.000000, 0.000000;;,
      31;3; 0.000000, 0.000000, 0.000000;;,
      32;3; 0.000000, 0.000000, 0.000000;;,
      33;3; 0.000000, 0.000000, 0.000000;;,
      34;3; 0.000000, 0.000000, 0.000000;;,
      35;3; 0.000000, 0.000000, 0.000000;;,
      36;3; 0.000000, 0.000000, 0.000000;;,
      37;3; 0.000000, 0.000000, 0.000000;;,
      38;3; 0.000000, 0.000000, 0.000000;;,
      39;3; 0.000000, 0.000000, 0.000000;;,
      40;3; 0.000000, 0.000000, 0.000000;;;
    }
  }
  Animation {
    {Armature_Root}
    AnimationKey { // Rotation
      0;
      41;
      0;4;-0.187621, 0.666788, 0.179061, 0.698663;;,
      1;4;-0.185032, 0.681876, 0.184686, 0.683154;;,
      2;4;-0.184911, 0.695988, 0.193116, 0.666420;;,
      3;4;-0.186864, 0.708755, 0.204096, 0.648917;;,
      4;4;-0.190541, 0.719832, 0.217326, 0.631114;;,
      5;4;-0.195648, 0.728913, 0.232457, 0.613491;;,
      6;4;-0.201960, 0.735737, 0.249087, 0.596539;;,
      7;4;-0.209331, 0.740094, 0.266764, 0.580756;;,
      8;4;-0.217692, 0.741826, 0.284994, 0.566642;;,
      9;4;-0.227051, 0.740821, 0.303243, 0.554685;;,
      10;4;-0.237486, 0.737009, 0.320946, 0.545355;;,
      11;4;-0.249296, 0.730072, 0.337379, 0.539465;;,
      12;4;-0.262527, 0.720188, 0.352002, 0.537125;;,
      13;4;-0.276860, 0.708024, 0.364531, 0.537743;;,
      14;4;-0.291895, 0.694227, 0.374737, 0.540757;;,
      15;4;-0.307154, 0.679439, 0.382461, 0.545658;;,
      16;4;-0.322094, 0.664304, 0.387624, 0.552000;;,
      17;4;-0.336114, 0.649470, 0.390225, 0.559411;;,
      18;4;-0.348579, 0.635587, 0.390339, 0.567590;;,
      19;4;-0.358826, 0.623307, 0.388103, 0.576288;;,
      20;4;-0.366185, 0.613282, 0.383693, 0.585298;;,
      21;4;-0.371188, 0.604347, 0.376297, 0.596142;;,
      22;4;-0.374602, 0.595042, 0.365438, 0.609962;;,
      23;4;-0.376115, 0.585572, 0.351833, 0.625985;;,
      24;4;-0.375451, 0.576181, 0.336204, 0.643443;;,
      25;4;-0.372406, 0.567182, 0.319271, 0.661577;;,
      26;4;-0.366865, 0.558976, 0.301730, 0.679644;;,
      27;4;-0.358813, 0.552061, 0.284232, 0.696918;;,
      28;4;-0.348340, 0.547028, 0.267368, 0.712695;;,
      29;4;-0.335630, 0.544550, 0.251646, 0.726287;;,
      30;4;-0.320945, 0.545358, 0.237488, 0.737006;;,
      31;4;-0.304810, 0.549536, 0.224944, 0.744648;;,
      32;4;-0.287941, 0.556456, 0.213779, 0.749497;;,
      33;4;-0.270911, 0.565786, 0.203935, 0.751601;;,
      34;4;-0.254263, 0.577171, 0.195404, 0.751027;;,
      35;4;-0.238502, 0.590236, 0.188232, 0.747868;;,
      36;4;-0.224094, 0.604590, 0.182533, 0.742250;;,
      37;4;-0.211459, 0.619833, 0.178489, 0.734325;;,
      38;4;-0.200965, 0.635559, 0.176348, 0.724279;;,
      39;4;-0.192931, 0.651351, 0.176419, 0.712317;;,
      40;4;-0.187621, 0.666788, 0.179061, 0.698663;;;
    }
    AnimationKey { // Scale
      1;
      41;
      0;3; 1.000000, 1.000000, 1.000000;;,
      1;3; 1.000000, 1.000000, 1.000000;;,
      2;3; 1.000000, 1.000000, 1.000000;;,
      3;3; 1.000000, 1.000000, 1.000000;;,
      4;3; 1.000000, 1.000000, 1.000000;;,
      5;3; 1.000000, 1.000000, 1.000000;;,
      6;3; 1.000000, 1.000000, 1.000000;;,
      7;3; 1.000000, 1.000000, 1.000000;;,
      8;3; 1.000000, 1.000000, 1.000000;;,
      9;3; 1.000000, 1.000000, 1.000000;;,
      10;3; 1.000000, 1.000000, 1.000000;;,
      11;3; 1.000000, 1.000000, 1.000000;;,
      12;3; 1.000000, 1.000000, 1.000000;;,
      13;3; 1.000000, 1.000000, 1.000000;;,
      14;3; 1.000000, 1.000000, 1.000000;;,
      15;3; 1.000000, 1.000000, 1.000000;;,
      16;3; 1.000000, 1.000000, 1.000000;;,
      17;3; 1.000000, 1.000000, 1.000000;;,
      18;3; 1.000000, 1.000000, 1.000000;;,
      19;3; 1.000000, 1.000000, 1.000000;;,
      20;3; 1.000000, 1.000000, 1.000000;;,
      21;3; 1.000000, 1.000000, 1.000000;;,
      22;3; 1.000000, 1.000000, 1.000000;;,
      23;3; 1.000000, 1.000000, 1.000000;;,
      24;3; 1.000000, 1.000000, 1.000000;;,
      25;3; 1.000000, 1.000000, 1.000000;;,
      26;3; 1.000000, 1.000000, 1.000000;;,
      27;3; 1.000000, 1.000000, 1.000000;;,
      28;3; 1.000000, 1.000000, 1.000000;;,
      29;3; 1.000000, 1.000000, 1.000000;;,
      30;3; 1.000000, 1.000000, 1.000000;;,
      31;3; 1.000000, 1.000000, 1.000000;;,
      32;3; 1.000000, 1.000000, 1.000000;;,
      33;3; 1.000000, 1.000000, 1.000000;;,
      34;3; 1.000000, 1.000000, 1.000000;;,
      35;3; 1.000000, 1.000000, 1.000000;;,
      36;3; 1.000000, 1.000000, 1.000000;;,
      37;3; 1.000000, 1.000000, 1.000000;;,
      38;3; 1.000000, 1.000000, 1.000000;;,
      39;3; 1.000000, 1.000000, 1.000000;;,
      40;3; 1.000000, 1.000000, 1.000000;;;
    }
    AnimationKey { // Position
      2;
      41;
      0;3;-3.544409,23.983946,131.508163;;,
      1;3;-4.101103,23.924042,131.311432;;,
      2;3;-4.562399,23.750141,130.806152;;,
      3;3;-4.950465,23.468349,130.034805;;,
      4;3;-5.281231,23.082666,129.040146;;,
      5;3;-5.562753,22.596481,127.863564;;,
      6;3;-5.794457,22.013939,126.543655;;,
      7;3;-5.967164,21.340969,125.114983;;,
      8;3;-6.063766,20.586098,123.607277;;,
      9;3;-6.060344,19.760944,122.045502;;,
      10;3;-5.927516,18.880455,120.450630;;,
      11;3;-5.611498,17.962849,118.835098;;,
      12;3;-5.090063,17.029394,117.222580;;,
      13;3;-4.383121,16.103960,115.652779;;,
      14;3;-3.518345,15.212437,114.168533;;,
      15;3;-2.531537,14.382183,112.813156;;,
      16;3;-1.466263,13.641304,111.627846;;,
      17;3;-0.372821,13.018100,110.649719;;,
      18;3; 0.693262,12.540470,109.910660;;,
      19;3; 1.672918,12.235394,109.437218;;,
      20;3; 2.505208,12.128366,109.251831;;,
      21;3; 3.278417,12.235396,109.363297;;,
      22;3; 4.087730,12.540476,109.760956;;,
      23;3; 4.879683,13.018101,110.434166;;,
      24;3; 5.599659,13.641306,111.366440;;,
      25;3; 6.194730,14.382181,112.532951;;,
      26;3; 6.616772,15.212440,113.899681;;,
      27;3; 6.825440,16.103958,115.424294;;,
      28;3; 6.790580,17.029398,117.058350;;,
      29;3; 6.493672,17.962847,118.750557;;,
      30;3; 5.928069,18.880457,120.450584;;,
      31;3; 5.131728,19.760941,122.123085;;,
      32;3; 4.178216,20.586098,123.747200;;,
      33;3; 3.121574,21.340963,125.297424;;,
      34;3; 2.013099,22.013939,126.747108;;,
      35;3; 0.899882,22.596479,128.067139;;,
      36;3;-0.176635,23.082670,129.225403;;,
      37;3;-1.181896,23.468351,130.186768;;,
      38;3;-2.089184,23.750134,130.913681;;,
      39;3;-2.880083,23.924042,131.367157;;,
      40;3;-3.544409,23.983946,131.508163;;;
    }
  }
  Animation {
    {Armature_Body}
    AnimationKey { // Rotation
      0;
      41;
      0;4;-0.404817, 0.000000, 0.000000,-0.914398;;,
      1;4;-0.404817, 0.000000, 0.000000,-0.914398;;,
      2;4;-0.404817, 0.000000, 0.000000,-0.914398;;,
      3;4;-0.404817, 0.000000, 0.000000,-0.914397;;,
      4;4;-0.404817, 0.000000, 0.000000,-0.914398;;,
      5;4;-0.404817, 0.000000, 0.000000,-0.914398;;,
      6;4;-0.404817, 0.000000, 0.000000,-0.914398;;,
      7;4;-0.404817, 0.000000, 0.000000,-0.914398;;,
      8;4;-0.404817, 0.000000, 0.000000,-0.914398;;,
      9;4;-0.404817, 0.000000, 0.000000,-0.914398;;,
      10;4;-0.404817, 0.000000,-0.000000,-0.914398;;,
      11;4;-0.404817, 0.000000,-0.000000,-0.914398;;,
      12;4;-0.404817, 0.000000, 0.000000,-0.914398;;,
      13;4;-0.404817, 0.000000, 0.000000,-0.914398;;,
      14;4;-0.404817, 0.000000, 0.000000,-0.914398;;,
      15;4;-0.404817, 0.000000,-0.000000,-0.914398;;,
      16;4;-0.404817, 0.000000, 0.000000,-0.914398;;,
      17;4;-0.404817, 0.000000,-0.000000,-0.914398;;,
      18;4;-0.404817, 0.000000, 0.000000,-0.914398;;,
      19;4;-0.404817, 0.000000, 0.000000,-0.914398;;,
      20;4;-0.404817, 0.000000, 0.000000,-0.914398;;,
      21;4;-0.404817, 0.000000, 0.000000,-0.914398;;,
      22;4;-0.404817, 0.000000, 0.000000,-0.914398;;,
      23;4;-0.404817, 0.000000, 0.000000,-0.914398;;,
      24;4;-0.404817, 0.000000, 0.000000,-0.914398;;,
      25;4;-0.404817, 0.000000, 0.000000,-0.914398;;,
      26;4;-0.404817, 0.000000, 0.000000,-0.914398;;,
      27;4;-0.404817, 0.000000, 0.000000,-0.914398;;,
      28;4;-0.404817, 0.000000, 0.000000,-0.914398;;,
      29;4;-0.404817, 0.000000, 0.000000,-0.914398;;,
      30;4;-0.404817, 0.000000, 0.000000,-0.914398;;,
      31;4;-0.404817, 0.000000,-0.000000,-0.914398;;,
      32;4;-0.404817, 0.000000, 0.000000,-0.914398;;,
      33;4;-0.404817, 0.000000,-0.000000,-0.914398;;,
      34;4;-0.404817, 0.000000,-0.000000,-0.914398;;,
      35;4;-0.404817, 0.000000, 0.000000,-0.914398;;,
      36;4;-0.404817, 0.000000, 0.000000,-0.914398;;,
      37;4;-0.404817, 0.000000, 0.000000,-0.914397;;,
      38;4;-0.404817, 0.000000, 0.000000,-0.914398;;,
      39;4;-0.404817, 0.000000, 0.000000,-0.914398;;,
      40;4;-0.404817, 0.000000, 0.000000,-0.914398;;;
    }
    AnimationKey { // Scale
      1;
      41;
      0;3; 1.000000, 1.000000, 1.000000;;,
      1;3; 1.000000, 1.000000, 1.000000;;,
      2;3; 1.000000, 1.000000, 1.000000;;,
      3;3; 1.000000, 1.000000, 1.000000;;,
      4;3; 1.000000, 1.000000, 1.000000;;,
      5;3; 1.000000, 1.000000, 1.000000;;,
      6;3; 1.000000, 1.000000, 1.000000;;,
      7;3; 1.000000, 1.000000, 1.000000;;,
      8;3; 1.000000, 1.000000, 1.000000;;,
      9;3; 1.000000, 1.000000, 1.000000;;,
      10;3; 1.000000, 1.000000, 1.000000;;,
      11;3; 1.000000, 1.000000, 1.000000;;,
      12;3; 1.000000, 1.000000, 1.000000;;,
      13;3; 1.000000, 1.000000, 1.000000;;,
      14;3; 1.000000, 1.000000, 1.000000;;,
      15;3; 1.000000, 1.000000, 1.000000;;,
      16;3; 1.000000, 1.000000, 1.000000;;,
      17;3; 1.000000, 1.000000, 1.000000;;,
      18;3; 1.000000, 1.000000, 1.000000;;,
      19;3; 1.000000, 1.000000, 1.000000;;,
      20;3; 1.000000, 1.000000, 1.000000;;,
      21;3; 1.000000, 1.000000, 1.000000;;,
      22;3; 1.000000, 1.000000, 1.000000;;,
      23;3; 1.000000, 1.000000, 1.000000;;,
      24;3; 1.000000, 1.000000, 1.000000;;,
      25;3; 1.000000, 1.000000, 1.000000;;,
      26;3; 1.000000, 1.000000, 1.000000;;,
      27;3; 1.000000, 1.000000, 1.000000;;,
      28;3; 1.000000, 1.000000, 1.000000;;,
      29;3; 1.000000, 1.000000, 1.000000;;,
      30;3; 1.000000, 1.000000, 1.000000;;,
      31;3; 1.000000, 1.000000, 1.000000;;,
      32;3; 1.000000, 1.000000, 1.000000;;,
      33;3; 1.000000, 1.000000, 1.000000;;,
      34;3; 1.000000, 1.000000, 1.000000;;,
      35;3; 1.000000, 1.000000, 1.000000;;,
      36;3; 1.000000, 1.000000, 1.000000;;,
      37;3; 1.000000, 1.000000, 1.000000;;,
      38;3; 1.000000, 1.000000, 1.000000;;,
      39;3; 1.000000, 1.000000, 1.000000;;,
      40;3; 1.000000, 1.000000, 1.000000;;;
    }
    AnimationKey { // Position
      2;
      41;
      0;3; 0.000014,27.693785, 0.000000;;,
      1;3; 0.000010,27.693771,-0.000001;;,
      2;3; 0.000010,27.693785, 0.000000;;,
      3;3; 0.000007,27.693789,-0.000001;;,
      4;3; 0.000004,27.693792,-0.000001;;,
      5;3;-0.000004,27.693787, 0.000002;;,
      6;3; 0.000004,27.693787,-0.000002;;,
      7;3; 0.000008,27.693790,-0.000003;;,
      8;3; 0.000002,27.693785, 0.000002;;,
      9;3; 0.000022,27.693792,-0.000002;;,
      10;3; 0.000009,27.693783,-0.000001;;,
      11;3; 0.000017,27.693789,-0.000004;;,
      12;3;-0.000006,27.693773, 0.000003;;,
      13;3;-0.000002,27.693785, 0.000001;;,
      14;3;-0.000004,27.693796,-0.000001;;,
      15;3;-0.000000,27.693781, 0.000000;;,
      16;3;-0.000004,27.693792,-0.000001;;,
      17;3;-0.000001,27.693781, 0.000000;;,
      18;3; 0.000000,27.693775,-0.000000;;,
      19;3; 0.000005,27.693787,-0.000000;;,
      20;3;-0.000007,27.693769,-0.000000;;,
      21;3;-0.000003,27.693779, 0.000000;;,
      22;3;-0.000001,27.693787,-0.000001;;,
      23;3; 0.000001,27.693790, 0.000001;;,
      24;3;-0.000002,27.693777,-0.000001;;,
      25;3; 0.000001,27.693796, 0.000000;;,
      26;3; 0.000001,27.693781, 0.000001;;,
      27;3;-0.000002,27.693783,-0.000000;;,
      28;3; 0.000001,27.693777, 0.000006;;,
      29;3; 0.000008,27.693794, 0.000008;;,
      30;3;-0.000004,27.693790,-0.000005;;,
      31;3;-0.000009,27.693781,-0.000003;;,
      32;3; 0.000004,27.693783,-0.000001;;,
      33;3; 0.000004,27.693781,-0.000003;;,
      34;3;-0.000003,27.693787,-0.000003;;,
      35;3; 0.000005,27.693783, 0.000002;;,
      36;3;-0.000012,27.693775, 0.000001;;,
      37;3; 0.000005,27.693779,-0.000001;;,
      38;3;-0.000006,27.693777, 0.000001;;,
      39;3; 0.000004,27.693779, 0.000001;;,
      40;3; 0.000014,27.693785, 0.000000;;;
    }
  }
  Animation {
    {Armature_BottomBodyCTRL}
    AnimationKey { // Rotation
      0;
      41;
      0;4;-0.707094,-0.004294,-0.707094,-0.004294;;,
      1;4;-0.707094,-0.004294,-0.707094,-0.004294;;,
      2;4;-0.707094,-0.004294,-0.707094,-0.004294;;,
      3;4;-0.707094,-0.004294,-0.707094,-0.004294;;,
      4;4;-0.707094,-0.004294,-0.707094,-0.004294;;,
      5;4;-0.707094,-0.004294,-0.707094,-0.004294;;,
      6;4;-0.707094,-0.004294,-0.707094,-0.004294;;,
      7;4;-0.707094,-0.004294,-0.707094,-0.004294;;,
      8;4;-0.707094,-0.004294,-0.707094,-0.004294;;,
      9;4;-0.707094,-0.004294,-0.707094,-0.004294;;,
      10;4;-0.707094,-0.004294,-0.707094,-0.004294;;,
      11;4;-0.707094,-0.004294,-0.707094,-0.004294;;,
      12;4;-0.707094,-0.004294,-0.707094,-0.004294;;,
      13;4;-0.707094,-0.004294,-0.707094,-0.004294;;,
      14;4;-0.707094,-0.004294,-0.707094,-0.004294;;,
      15;4;-0.707094,-0.004294,-0.707094,-0.004294;;,
      16;4;-0.707094,-0.004294,-0.707094,-0.004294;;,
      17;4;-0.707094,-0.004294,-0.707094,-0.004294;;,
      18;4;-0.707094,-0.004294,-0.707094,-0.004294;;,
      19;4;-0.707094,-0.004294,-0.707094,-0.004294;;,
      20;4;-0.707094,-0.004294,-0.707094,-0.004294;;,
      21;4;-0.707094,-0.004294,-0.707094,-0.004294;;,
      22;4;-0.707094,-0.004294,-0.707094,-0.004294;;,
      23;4;-0.707094,-0.004294,-0.707094,-0.004294;;,
      24;4;-0.707094,-0.004294,-0.707094,-0.004294;;,
      25;4;-0.707094,-0.004294,-0.707094,-0.004294;;,
      26;4;-0.707094,-0.004294,-0.707094,-0.004294;;,
      27;4;-0.707094,-0.004294,-0.707094,-0.004294;;,
      28;4;-0.707094,-0.004294,-0.707094,-0.004294;;,
      29;4;-0.707094,-0.004294,-0.707094,-0.004294;;,
      30;4;-0.707094,-0.004294,-0.707094,-0.004294;;,
      31;4;-0.707094,-0.004294,-0.707094,-0.004294;;,
      32;4;-0.707094,-0.004294,-0.707094,-0.004294;;,
      33;4;-0.707094,-0.004294,-0.707094,-0.004294;;,
      34;4;-0.707094,-0.004294,-0.707094,-0.004294;;,
      35;4;-0.707094,-0.004294,-0.707094,-0.004294;;,
      36;4;-0.707094,-0.004294,-0.707094,-0.004294;;,
      37;4;-0.707094,-0.004294,-0.707094,-0.004294;;,
      38;4;-0.707094,-0.004294,-0.707094,-0.004294;;,
      39;4;-0.707094,-0.004294,-0.707094,-0.004294;;,
      40;4;-0.707094,-0.004294,-0.707094,-0.004294;;;
    }
    AnimationKey { // Scale
      1;
      41;
      0;3; 1.000000, 1.000000, 1.000000;;,
      1;3; 1.000000, 1.000000, 1.000000;;,
      2;3; 1.000000, 1.000000, 1.000000;;,
      3;3; 1.000000, 1.000000, 1.000000;;,
      4;3; 1.000000, 1.000000, 1.000000;;,
      5;3; 1.000000, 1.000000, 1.000000;;,
      6;3; 1.000000, 1.000000, 1.000000;;,
      7;3; 1.000000, 1.000000, 1.000000;;,
      8;3; 1.000000, 1.000000, 1.000000;;,
      9;3; 1.000000, 1.000000, 1.000000;;,
      10;3; 1.000000, 1.000000, 1.000000;;,
      11;3; 1.000000, 1.000000, 1.000000;;,
      12;3; 1.000000, 1.000000, 1.000000;;,
      13;3; 1.000000, 1.000000, 1.000000;;,
      14;3; 1.000000, 1.000000, 1.000000;;,
      15;3; 1.000000, 1.000000, 1.000000;;,
      16;3; 1.000000, 1.000000, 1.000000;;,
      17;3; 1.000000, 1.000000, 1.000000;;,
      18;3; 1.000000, 1.000000, 1.000000;;,
      19;3; 1.000000, 1.000000, 1.000000;;,
      20;3; 1.000000, 1.000000, 1.000000;;,
      21;3; 1.000000, 1.000000, 1.000000;;,
      22;3; 1.000000, 1.000000, 1.000000;;,
      23;3; 1.000000, 1.000000, 1.000000;;,
      24;3; 1.000000, 1.000000, 1.000000;;,
      25;3; 1.000000, 1.000000, 1.000000;;,
      26;3; 1.000000, 1.000000, 1.000000;;,
      27;3; 1.000000, 1.000000, 1.000000;;,
      28;3; 1.000000, 1.000000, 1.000000;;,
      29;3; 1.000000, 1.000000, 1.000000;;,
      30;3; 1.000000, 1.000000, 1.000000;;,
      31;3; 1.000000, 1.000000, 1.000000;;,
      32;3; 1.000000, 1.000000, 1.000000;;,
      33;3; 1.000000, 1.000000, 1.000000;;,
      34;3; 1.000000, 1.000000, 1.000000;;,
      35;3; 1.000000, 1.000000, 1.000000;;,
      36;3; 1.000000, 1.000000, 1.000000;;,
      37;3; 1.000000, 1.000000, 1.000000;;,
      38;3; 1.000000, 1.000000, 1.000000;;,
      39;3; 1.000000, 1.000000, 1.000000;;,
      40;3; 1.000000, 1.000000, 1.000000;;;
    }
    AnimationKey { // Position
      2;
      41;
      0;3;33.016682,-0.000006, 0.000001;;,
      1;3;33.063187,-0.000572, 0.000001;;,
      2;3;33.199062,-0.002222, 0.000000;;,
      3;3;33.421631,-0.004929, 0.000001;;,
      4;3;33.728874,-0.008663,-0.000002;;,
      5;3;34.116737,-0.013372, 0.000002;;,
      6;3;34.576904,-0.018960, 0.000002;;,
      7;3;35.095661,-0.025262, 0.000003;;,
      8;3;35.653870,-0.032044,-0.000002;;,
      9;3;36.228100,-0.039020, 0.000004;;,
      10;3;36.792473,-0.045875,-0.000002;;,
      11;3;37.321213,-0.052297, 0.000002;;,
