xof 0303txt 0032

Frame Root {
  FrameTransformMatrix {
     1.000000, 0.000000, 0.000000, 0.000000,
     0.000000,-0.000000,-1.000000, 0.000000,
     0.000000, 1.000000,-0.000000, 0.000000,
     0.000000, 0.000000, 0.000000, 1.000000;;
  }
  Frame Armature {
    FrameTransformMatrix {
       0.010000, 0.000000, 0.000000, 0.000000,
       0.000000, 0.010000, 0.000000, 0.000000,
       0.000000, 0.000000, 0.010000, 0.000000,
       0.000000, 0.000000, 0.000000, 1.000000;;
    }
    Frame Armature_Root {
      FrameTransformMatrix {
         0.007824, 0.732124, 0.681126, 0.000000,
        -0.007279,-0.681087, 0.732166, 0.000000,
         0.999943,-0.010686, 0.000000, 0.000000,
         0.201737,18.877651,125.187889, 1.000000;;
      }
      Frame Armature_Body {
        FrameTransformMatrix {
          -0.672246,-0.740328,-0.000000, 0.000000,
           0.740328,-0.672246, 0.000000, 0.000000,
          -0.000000,-0.000000, 1.000000, 0.000000,
           0.000002,27.693789,-0.000000, 1.000000;;
        }
        Frame Armature_BottomBodyCTRL {
          FrameTransformMatrix {
            -0.000000,-0.000000, 1.000000, 0.000000,
             0.012146, 0.999926, 0.000000, 0.000000,
            -0.999926, 0.012146,-0.000000, 0.000000,
            33.016682,-0.000009, 0.000000, 1.000000;;
          }
        } // End of Armature_BottomBodyCTRL
        Frame Armature_EyeCTRL {
          FrameTransformMatrix {
            -0.996354, 0.086512,-0.000449, 0.000000,
            -0.086516,-0.996251,-0.000024, 0.000000,
            -0.000450, 0.000015, 1.000000, 0.000000,
            -1.412216,-18.028740,-0.000467, 1.000000;;
          }
          Frame Armature_EyeBallCTRL {
            FrameTransformMatrix {
              -0.039913,-0.999203,-0.000000, 0.000000,
              -0.000000,-0.000000, 1.000000, 0.000000,
              -0.999203, 0.039913,-0.000000, 0.000000,
              -0.000010,12.242517,-0.000000, 1.000000;;
            }
          } // End of Armature_EyeBallCTRL
          Frame Armature_LowerEyelidCTRL {
            FrameTransformMatrix {
              -0.227205,-0.973847,-0.000000, 0.000000,
              -0.000000,-0.000000, 1.000000, 0.000000,
              -0.973847, 0.227205,-0.000000, 0.000000,
              -0.000014,12.597343, 0.000000, 1.000000;;
            }
          } // End of Armature_LowerEyelidCTRL
          Frame Armature_UpperEyelidCTRL {
            FrameTransformMatrix {
              -0.078559,-0.996910,-0.000000, 0.000000,
              -0.000000,-0.000000, 1.000000, 0.000000,
              -0.996910, 0.078559,-0.000000, 0.000000,
              -0.000014,12.597343, 0.000000, 1.000000;;
            }
          } // End of Armature_UpperEyelidCTRL
        } // End of Armature_EyeCTRL
        Frame Armature_LeftBodyCTRL {
          FrameTransformMatrix {
            -0.000000,-0.000000, 1.000000, 0.000000,
             0.012146, 0.999926, 0.000000, 0.000000,
            -0.999926, 0.012146,-0.000000, 0.000000,
            -0.598620,-0.008506,33.650475, 1.000000;;
          }
        } // End of Armature_LeftBodyCTRL
        Frame Armature_Process01 {
          FrameTransformMatrix {
            -0.988296, 0.012005, 0.152077, 0.000000,
             0.016223, 0.999517, 0.026523, 0.000000,
            -0.151685, 0.028680,-0.988013, 0.000000,
            -41.532005,-6.365071, 8.697648, 1.000000;;
          }
        } // End of Armature_Process01
        Frame Armature_Process02 {
          FrameTransformMatrix {
             0.277334, 0.441454, 0.853349, 0.000000,
             0.010771, 0.886705,-0.462211, 0.000000,
            -0.960714, 0.137378, 0.241158, 0.000000,
             7.566961,18.773949,38.804432, 1.000000;;
          }
        } // End of Armature_Process02
        Frame Armature_Process03 {
          FrameTransformMatrix {
             0.900869, 0.426892, 0.078726, 0.000000,
            -0.430445, 0.901946, 0.034813, 0.000000,
            -0.056145,-0.065249, 0.996288, 0.000000,
            37.941006,18.159899, 6.916868, 1.000000;;
          }
        } // End of Armature_Process03
        Frame Armature_Process04 {
          FrameTransformMatrix {
             0.763121,-0.402115,-0.505916, 0.000000,
             0.356137, 0.914913,-0.190001, 0.000000,
             0.539271,-0.035182, 0.841397, 0.000000,
            31.862391,-18.825493,-22.134548, 1.000000;;
          }
        } // End of Armature_Process04
        Frame Armature_Process05 {
          FrameTransformMatrix {
            -0.377608, 0.795702,-0.473573, 0.000000,
             0.023719,-0.502957,-0.863986, 0.000000,
            -0.925662,-0.337480, 0.171047, 0.000000,
            -15.017791,26.232946,-24.951460, 1.000000;;
          }
        } // End of Armature_Process05
        Frame Armature_RearBodyCTRL {
          FrameTransformMatrix {
            -0.000000,-0.000000, 1.000000, 0.000000,
             0.012146, 0.999926, 0.000000, 0.000000,
            -0.999926, 0.012146,-0.000000, 0.000000,
             0.236413,29.980713, 0.000000, 1.000000;;
          }
        } // End of Armature_RearBodyCTRL
        Frame Armature_RightBodyCTRL {
          FrameTransformMatrix {
            -0.000000,-0.000012, 1.001021, 0.000000,
            -0.012146,-0.999926,-0.000000, 0.000000,
             0.999926,-0.012146, 0.000000, 0.000000,
            -0.598797,-0.008506,-33.650497, 1.000000;;
          }
        } // End of Armature_RightBodyCTRL
        Frame Armature_TentacleA01 {
          FrameTransformMatrix {
            -0.128998, 0.970661, 0.202921, 0.000000,
            -0.466448,-0.239973, 0.851375, 0.000000,
             0.875092, 0.015174, 0.483719, 0.000000,
            -23.063538,-6.629874,36.039711, 1.000000;;
          }
          Frame Armature_TentacleA02 {
            FrameTransformMatrix {
               0.998618, 0.051609,-0.009958, 0.000000,
              -0.049728, 0.989042, 0.139004, 0.000000,
               0.017022,-0.138317, 0.990242, 0.000000,
              -0.110826,12.595020, 0.172180, 1.000000;;
            }
            Frame Armature_TentacleA03 {
              FrameTransformMatrix {
                 0.992377, 0.122299, 0.015178, 0.000000,
                -0.115055, 0.963564,-0.241465, 0.000000,
                -0.044156, 0.237878, 0.970291, 0.000000,
                 0.094007,14.155014, 0.248669, 1.000000;;
              }
              Frame Armature_TentacleA04 {
                FrameTransformMatrix {
                   0.997636, 0.068689,-0.001936, 0.000000,
                  -0.066182, 0.952891,-0.296006, 0.000000,
                  -0.018487, 0.295435, 0.955184, 0.000000,
                  -0.093126,10.906173,-0.323463, 1.000000;;
                }
                Frame Armature_TentacleA05 {
                  FrameTransformMatrix {
                    -0.086658,-0.510714, 0.855372, 0.000000,
                     0.993525,-0.107626, 0.036395, 0.000000,
                     0.073473, 0.852988, 0.516733, 0.000000,
                     0.000000,16.387581, 0.000002, 1.000000;;
                  }
                } // End of Armature_TentacleA05
              } // End of Armature_TentacleA04
            } // End of Armature_TentacleA03
          } // End of Armature_TentacleA02
        } // End of Armature_TentacleA01
        Frame Armature_TentacleB01 {
          FrameTransformMatrix {
             0.246476, 0.917236, 0.312933, 0.000000,
             0.464597,-0.395202, 0.792443, 0.000000,
             0.850529,-0.049930,-0.523553, 0.000000,
            19.650841,-18.561605,32.340561, 1.000000;;
          }
          Frame Armature_TentacleB02 {
            FrameTransformMatrix {
               0.995709,-0.090638,-0.018660, 0.000000,
               0.089801, 0.995089,-0.041639, 0.000000,
               0.022342, 0.039784, 0.998958, 0.000000,
               0.063262,10.691485, 0.391627, 1.000000;;
            }
            Frame Armature_TentacleB03 {
              FrameTransformMatrix {
                 0.994874,-0.100342, 0.012544, 0.000000,
                 0.090205, 0.936672, 0.338391, 0.000000,
                -0.045704,-0.335525, 0.940922, 0.000000,
                -0.040698,14.817824,-0.319033, 1.000000;;
              }
              Frame Armature_TentacleB04 {
                FrameTransformMatrix {
                   0.997448,-0.067448,-0.023426, 0.000000,
                   0.071241, 0.962071, 0.263334, 0.000000,
                   0.004776,-0.264331, 0.964420, 0.000000,
                   0.345646,12.711909, 0.548212, 1.000000;;
                }
                Frame Armature_TentacleB05 {
                  FrameTransformMatrix {
                     0.999142,-0.008305,-0.040585, 0.000000,
                     0.011722, 0.996336, 0.084712, 0.000000,
                     0.039733,-0.085115, 0.995579, 0.000000,
                    -0.000002,18.558544,-0.000013, 1.000000;;
                  }
                } // End of Armature_TentacleB05
              } // End of Armature_TentacleB04
            } // End of Armature_TentacleB03
          } // End of Armature_TentacleB02
        } // End of Armature_TentacleB01
        Frame Armature_TentacleC01 {
          FrameTransformMatrix {
             0.011274, 0.999936, 0.000143, 0.000000,
             0.966917,-0.010866,-0.254860, 0.000000,
            -0.254843, 0.003012,-0.966978, 0.000000,
            39.123764, 5.665392,-8.376416, 1.000000;;
          }
          Frame Armature_TentacleC02 {
            FrameTransformMatrix {
               0.974825, 0.222965, 0.001245, 0.000000,
              -0.222813, 0.973920, 0.042819, 0.000000,
               0.008334,-0.042018, 0.999082, 0.000000,
               0.042412, 9.141991,-0.048413, 1.000000;;
            }
            Frame Armature_TentacleC03 {
              FrameTransformMatrix {
                 0.976582, 0.215136,-0.001891, 0.000000,
                -0.201731, 0.912607,-0.355602, 0.000000,
                -0.074777, 0.347656, 0.934636, 0.000000,
                -0.005150,11.585222,-0.006627, 1.000000;;
              }
              Frame Armature_TentacleC04 {
                FrameTransformMatrix {
                   0.988744, 0.149617, 0.000595, 0.000000,
                  -0.139651, 0.924297,-0.355208, 0.000000,
                  -0.053695, 0.351127, 0.934787, 0.000000,
                  -0.031688, 8.851305,-0.027297, 1.000000;;
                }
                Frame Armature_TentacleC05 {
                  FrameTransformMatrix {
                     0.994336, 0.000753, 0.106276, 0.000000,
                     0.038914, 0.927954,-0.370657, 0.000000,
                    -0.098898, 0.372693, 0.922670, 0.000000,
                    -0.000006, 9.819499,-0.000002, 1.000000;;
                  }
                } // End of Armature_TentacleC05
              } // End of Armature_TentacleC04
            } // End of Armature_TentacleC03
          } // End of Armature_TentacleC02
        } // End of Armature_TentacleC01
        Frame Armature_TentacleD01 {
          FrameTransformMatrix {
            -0.032908, 0.967904, 0.249158, 0.000000,
             0.119756, 0.251315,-0.960468, 0.000000,
            -0.992258,-0.001769,-0.124183, 0.000000,
             8.171143, 6.275734,-41.120026, 1.000000;;
          }
          Frame Armature_TentacleD02 {
            FrameTransformMatrix {
               0.996143,-0.087414, 0.007566, 0.000000,
               0.087643, 0.995405,-0.038569, 0.000000,
              -0.004160, 0.039084, 0.999227, 0.000000,
              -0.003057,12.007985,-0.032293, 1.000000;;
            }
            Frame Armature_TentacleD03 {
              FrameTransformMatrix {
                 0.996243,-0.086607, 0.000267, 0.000000,
                 0.080851, 0.931131, 0.355609, 0.000000,
                -0.031047,-0.354251, 0.934635, 0.000000,
                 0.000001,15.854481, 0.000008, 1.000000;;
              }
              Frame Armature_TentacleD04 {
                FrameTransformMatrix {
                   0.989169,-0.146116, 0.013958, 0.000000,
                   0.131528, 0.924574, 0.357580, 0.000000,
                  -0.065153,-0.351871, 0.933778, 0.000000,
                  -0.212307,12.109001, 0.170102, 1.000000;;
                }
                Frame Armature_TentacleD05 {
                  FrameTransformMatrix {
                     0.999719,-0.022919,-0.006052, 0.000000,
                     0.023353, 0.996071, 0.085428, 0.000000,
                     0.004070,-0.085545, 0.996326, 0.000000,
                    -0.000002,12.287916,-0.000007, 1.000000;;
                  }
                } // End of Armature_TentacleD05
              } // End of Armature_TentacleD04
            } // End of Armature_TentacleD03
          } // End of Armature_TentacleD02
        } // End of Armature_TentacleD01
        Frame Armature_TentacleE01 {
          FrameTransformMatrix {
            -0.468824, 0.828341,-0.306685, 0.000000,
            -0.629288,-0.556876,-0.542112, 0.000000,
            -0.619839,-0.061162, 0.782342, 0.000000,
            -30.838352,-17.541435,-21.570747, 1.000000;;
          }
          Frame Armature_TentacleE02 {
            FrameTransformMatrix {
               0.998612, 0.051399, 0.011469, 0.000000,
              -0.048183, 0.979630,-0.194944, 0.000000,
              -0.021256, 0.194121, 0.980747, 0.000000,
               0.073463,10.821158, 0.046587, 1.000000;;
            }
            Frame Armature_TentacleE03 {
              FrameTransformMatrix {
                 0.999686, 0.024597, 0.004782, 0.000000,
                -0.024942, 0.995080, 0.095879, 0.000000,
                -0.002400,-0.095968, 0.995381, 0.000000,
                 0.056142,11.782663, 0.008724, 1.000000;;
              }
              Frame Armature_TentacleE04 {
                FrameTransformMatrix {
                   0.986249, 0.163704, 0.022680, 0.000000,
                  -0.165194, 0.980564, 0.105857, 0.000000,
                  -0.004910,-0.108148, 0.994123, 0.000000,
                   0.380469, 8.371645,-0.156598, 1.000000;;
                }
                Frame Armature_TentacleE05 {
                  FrameTransformMatrix {
                     0.046791,-0.998877, 0.007389, 0.000000,
                     0.986793, 0.047371, 0.154904, 0.000000,
                    -0.155081, 0.000043, 0.987902, 0.000000,
                    -0.000015,15.094593, 0.000001, 1.000000;;
                  }
                } // End of Armature_TentacleE05
              } // End of Armature_TentacleE04
            } // End of Armature_TentacleE03
          } // End of Armature_TentacleE02
        } // End of Armature_TentacleE01
        Frame Armature_TentacleF01 {
          FrameTransformMatrix {
             0.589117, 0.727098,-0.352520, 0.000000,
            -0.681928, 0.681402, 0.265831, 0.000000,
             0.433493, 0.083788, 0.897253, 0.000000,
            -24.773151,28.514015,17.913275, 1.000000;;
          }
          Frame Armature_TentacleF02 {
            FrameTransformMatrix {
               0.998899, 0.040924,-0.022931, 0.000000,
              -0.044771, 0.977617,-0.205572, 0.000000,
               0.014004, 0.206372, 0.978373, 0.000000,
               0.020706,14.963232,-0.070308, 1.000000;;
            }
            Frame Armature_TentacleF03 {
              FrameTransformMatrix {
                 0.999869, 0.000481, 0.016204, 0.000000,
                -0.004889, 0.961973, 0.273100, 0.000000,
                -0.015456,-0.273143, 0.961849, 0.000000,
                -0.094023,18.701719, 0.045949, 1.000000;;
              }
              Frame Armature_TentacleF04 {
                FrameTransformMatrix {
                   0.990674, 0.104338,-0.087633, 0.000000,
                  -0.080034, 0.966092, 0.245480, 0.000000,
                   0.110274,-0.236176, 0.965433, 0.000000,
                   0.588620,14.878647,-0.947045, 1.000000;;
                }
                Frame Armature_TentacleF05 {
                  FrameTransformMatrix {
                     0.998548,-0.020461, 0.049839, 0.000000,
                     0.023660, 0.997639,-0.064474, 0.000000,
                    -0.048402, 0.065559, 0.996674, 0.000000,
                     0.000016,17.896154,-0.000001, 1.000000;;
                  }
                } // End of Armature_TentacleF05
              } // End of Armature_TentacleF04
            } // End of Armature_TentacleF03
          } // End of Armature_TentacleF02
        } // End of Armature_TentacleF01
        Frame Armature_TopBodyCTRL {
          FrameTransformMatrix {
            -0.000000, 0.000000, 1.000000, 0.000000,
             0.012146, 0.999926, 0.000000, 0.000000,
            -0.999926, 0.012146,-0.000000, 0.000000,
            -32.294041, 0.813624,-0.000000, 1.000000;;
          }
        } // End of Armature_TopBodyCTRL
      } // End of Armature_Body
    } // End of Armature_Root
    Frame BeholderMesh {
      FrameTransformMatrix {
         1.000000,-0.000000,-0.000000, 0.000000,
        -0.000000, 1.000000,-0.000000, 0.000000,
        -0.000000,-0.000000, 1.000000, 0.000000,
        -0.000003,-0.000001,-0.000002, 1.000000;;
      }
    } // End of BeholderMesh
  } // End of Armature
} // End of Root
AnimationSet Global {
  Animation {
    {Armature}
    AnimationKey { // Rotation
      0;
      23;
      0;4;-1.000000, 0.000000, 0.000000, 0.000000;;,
      1;4;-1.000000, 0.000000, 0.000000, 0.000000;;,
      2;4;-1.000000, 0.000000, 0.000000, 0.000000;;,
      3;4;-1.000000, 0.000000, 0.000000, 0.000000;;,
      4;4;-1.000000, 0.000000, 0.000000, 0.000000;;,
      5;4;-1.000000, 0.000000, 0.000000, 0.000000;;,
      6;4;-1.000000, 0.000000, 0.000000, 0.000000;;,
      7;4;-1.000000, 0.000000, 0.000000, 0.000000;;,
      8;4;-1.000000, 0.000000, 0.000000, 0.000000;;,
      9;4;-1.000000, 0.000000, 0.000000, 0.000000;;,
      10;4;-1.000000, 0.000000, 0.000000, 0.000000;;,
      11;4;-1.000000, 0.000000, 0.000000, 0.000000;;,
      12;4;-1.000000, 0.000000, 0.000000, 0.000000;;,
      13;4;-1.000000, 0.000000, 0.000000, 0.000000;;,
      14;4;-1.000000, 0.000000, 0.000000, 0.000000;;,
      15;4;-1.000000, 0.000000, 0.000000, 0.000000;;,
      16;4;-1.000000, 0.000000, 0.000000, 0.000000;;,
      17;4;-1.000000, 0.000000, 0.000000, 0.000000;;,
      18;4;-1.000000, 0.000000, 0.000000, 0.000000;;,
      19;4;-1.000000, 0.000000, 0.000000, 0.000000;;,
      20;4;-1.000000, 0.000000, 0.000000, 0.000000;;,
      21;4;-1.000000, 0.000000, 0.000000, 0.000000;;,
      22;4;-1.000000, 0.000000, 0.000000, 0.000000;;;
    }
    AnimationKey { // Scale
      1;
      23;
      0;3; 0.010000, 0.010000, 0.010000;;,
      1;3; 0.010000, 0.010000, 0.010000;;,
      2;3; 0.010000, 0.010000, 0.010000;;,
      3;3; 0.010000, 0.010000, 0.010000;;,
      4;3; 0.010000, 0.010000, 0.010000;;,
      5;3; 0.010000, 0.010000, 0.010000;;,
      6;3; 0.010000, 0.010000, 0.010000;;,
      7;3; 0.010000, 0.010000, 0.010000;;,
      8;3; 0.010000, 0.010000, 0.010000;;,
      9;3; 0.010000, 0.010000, 0.010000;;,
      10;3; 0.010000, 0.010000, 0.010000;;,
      11;3; 0.010000, 0.010000, 0.010000;;,
      12;3; 0.010000, 0.010000, 0.010000;;,
      13;3; 0.010000, 0.010000, 0.010000;;,
      14;3; 0.010000, 0.010000, 0.010000;;,
      15;3; 0.010000, 0.010000, 0.010000;;,
      16;3; 0.010000, 0.010000, 0.010000;;,
      17;3; 0.010000, 0.010000, 0.010000;;,
      18;3; 0.010000, 0.010000, 0.010000;;,
      19;3; 0.010000, 0.010000, 0.010000;;,
      20;3; 0.010000, 0.010000, 0.010000;;,
      21;3; 0.010000, 0.010000, 0.010000;;,
      22;3; 0.010000, 0.010000, 0.010000;;;
    }
    AnimationKey { // Position
      2;
      23;
      0;3; 0.000000, 0.000000, 0.000000;;,
      1;3; 0.000000, 0.000000, 0.000000;;,
      2;3; 0.000000, 0.000000, 0.000000;;,
      3;3; 0.000000, 0.000000, 0.000000;;,
      4;3; 0.000000, 0.000000, 0.000000;;,
      5;3; 0.000000, 0.000000, 0.000000;;,
      6;3; 0.000000, 0.000000, 0.000000;;,
      7;3; 0.000000, 0.000000, 0.000000;;,
      8;3; 0.000000, 0.000000, 0.000000;;,
      9;3; 0.000000, 0.000000, 0.000000;;,
      10;3; 0.000000, 0.000000, 0.000000;;,
      11;3; 0.000000, 0.000000, 0.000000;;,
      12;3; 0.000000, 0.000000, 0.000000;;,
      13;3; 0.000000, 0.000000, 0.000000;;,
      14;3; 0.000000, 0.000000, 0.000000;;,
      15;3; 0.000000, 0.000000, 0.000000;;,
      16;3; 0.000000, 0.000000, 0.000000;;,
      17;3; 0.000000, 0.000000, 0.000000;;,
      18;3; 0.000000, 0.000000, 0.000000;;,
      19;3; 0.000000, 0.000000, 0.000000;;,
      20;3; 0.000000, 0.000000, 0.000000;;,
      21;3; 0.000000, 0.000000, 0.000000;;,
      22;3; 0.000000, 0.000000, 0.000000;;;
    }
  }
  Animation {
    {Armature_Root}
    AnimationKey { // Rotation
      0;
      23;
      0;4;-0.285804, 0.649791, 0.278877, 0.646774;;,
      1;4;-0.287649, 0.649359, 0.288821, 0.642007;;,
      2;4;-0.284444, 0.646948, 0.302480, 0.639575;;,
      3;4;-0.277336, 0.642823, 0.318643, 0.639006;;,
      4;4;-0.267423, 0.637332, 0.336094, 0.639792;;,
      5;4;-0.255778, 0.630933, 0.353628, 0.641443;;,
      6;4;-0.243473, 0.624209, 0.370077, 0.643528;;,
      7;4;-0.231582, 0.617861, 0.384315, 0.645693;;,
      8;4;-0.221188, 0.612679, 0.395263, 0.647663;;,
      9;4;-0.213387, 0.609487, 0.401867, 0.649226;;,
      10;4;-0.209277, 0.609081, 0.403072, 0.650197;;,
      11;4;-0.355082, 0.686567, 0.239816, 0.587393;;,
      12;4;-0.621929, 0.694663,-0.204232, 0.298224;;,
      13;4;-0.648731, 0.344246,-0.642626,-0.218344;;,
      14;4;-0.308111,-0.201012,-0.685927,-0.627826;;,
      15;4; 0.090081,-0.545835,-0.424496,-0.716766;;,
      16;4; 0.251706,-0.630152,-0.265600,-0.684842;;,
      17;4; 0.255251,-0.633986,-0.264006,-0.680594;;,
      18;4; 0.261081,-0.636967,-0.263265,-0.675871;;,
      19;4; 0.267733,-0.640522,-0.264215,-0.669508;;,
      20;4; 0.274502,-0.644175,-0.267017,-0.662110;;,
      21;4; 0.280728,-0.647434,-0.271845,-0.654310;;,
      22;4; 0.285804,-0.649791,-0.278877,-0.646773;;;
    }
    AnimationKey { // Scale
      1;
      23;
      0;3; 1.000000, 1.000000, 1.000000;;,
      1;3; 1.000000, 1.000000, 1.000000;;,
      2;3; 1.000000, 1.000000, 1.000000;;,
      3;3; 1.000000, 1.000000, 1.000000;;,
      4;3; 1.000000, 1.000000, 1.000000;;,
      5;3; 1.000000, 1.000000, 1.000000;;,
      6;3; 1.000000, 1.000000, 1.000000;;,
      7;3; 1.000000, 1.000000, 1.000000;;,
      8;3; 1.000000, 1.000000, 1.000000;;,
      9;3; 1.000000, 1.000000, 1.000000;;,
      10;3; 1.000000, 1.000000, 1.000000;;,
      11;3; 1.000000, 1.000000, 1.000000;;,
      12;3; 1.000000, 1.000000, 1.000000;;,
      13;3; 1.000000, 1.000000, 1.000000;;,
      14;3; 1.000000, 1.000000, 1.000000;;,
      15;3; 1.000000, 1.000000, 1.000000;;,
      16;3; 1.000000, 1.000000, 1.000000;;,
      17;3; 1.000000, 1.000000, 1.000000;;,
      18;3; 1.000000, 1.000000, 1.000000;;,
      19;3; 1.000000, 1.000000, 1.000000;;,
      20;3; 1.000000, 1.000000, 1.000000;;,
      21;3; 1.000000, 1.000000, 1.000000;;,
      22;3; 1.000000, 1.000000, 1.000000;;;
    }
    AnimationKey { // Position
      2;
      23;
      0;3; 0.201737,18.877651,125.187889;;,
      1;3; 0.493142,20.637041,128.231873;;,
      2;3; 0.492529,24.334253,131.133133;;,
      3;3; 0.171404,29.459888,133.852097;;,
      4;3;-0.493746,35.501537,136.349075;;,
      5;3;-1.490360,41.949417,138.584503;;,
      6;3;-2.751848,48.302170,140.518890;;,
      7;3;-4.152404,54.071655,142.113052;;,
      8;3;-5.513976,58.785263,143.328186;;,
      9;3;-6.624645,61.983757,144.125946;;,
      10;3;-7.267927,63.213715,144.468704;;,
      11;3; 1.977329,49.789963,142.430115;;,
      12;3;19.766855,-0.362249,137.390625;;,
      13;3; 8.213619,-70.231613,130.253036;;,
      14;3;-13.273388,-102.522881,122.394691;;,
      15;3;-4.223318,-117.404884,117.396706;;,
      16;3; 3.717775,-128.265228,114.826530;;,
      17;3; 2.271791,-117.050560,117.322479;;,
      18;3; 0.363134,-89.854012,118.520462;;,
      19;3;-0.798780,-54.547455,120.092682;;,
      20;3;-0.931896,-19.249002,121.851387;;,
      21;3;-0.368293, 7.925070,123.609848;;,
      22;3; 0.201737,18.877651,125.187889;;;
    }
  }
  Animation {
    {Armature_Body}
    AnimationKey { // Rotation
      0;
      23;
      0;4;-0.404817, 0.000000, 0.000000,-0.914398;;,
      1;4;-0.404817, 0.000000, 0.000000,-0.914398;;,
      2;4;-0.404817, 0.000000, 0.000000,-0.914398;;,
      3;4;-0.404817, 0.000000, 0.000000,-0.914398;;,
      4;4;-0.404817, 0.000000, 0.000000,-0.914398;;,
      5;4;-0.404817, 0.000000, 0.000000,-0.914398;;,
      6;4;-0.404817, 0.000000, 0.000000,-0.914398;;,
      7;4;-0.404817, 0.000000, 0.000000,-0.914398;;,
      8;4;-0.404817, 0.000000, 0.000000,-0.914398;;,
      9;4;-0.404817, 0.000000, 0.000000,-0.914398;;,
      10;4;-0.404817, 0.000000, 0.000000,-0.914398;;,
      11;4;-0.404817, 0.000000, 0.000000,-0.914398;;,
      12;4;-0.404817, 0.000000, 0.000000,-0.914398;;,
      13;4;-0.404817, 0.000000, 0.000000,-0.914398;;,
      14;4;-0.404817, 0.000000, 0.000000,-0.914398;;,
      15;4;-0.404817, 0.000000, 0.000000,-0.914398;;,
      16;4;-0.404817, 0.000000, 0.000000,-0.914398;;,
      17;4;-0.404817, 0.000000, 0.000000,-0.914398;;,
      18;4;-0.404817, 0.000000, 0.000000,-0.914398;;,
      19;4;-0.404817, 0.000000, 0.000000,-0.914398;;,
      20;4;-0.404817, 0.000000, 0.000000,-0.914398;;,
      21;4;-0.404817, 0.000000, 0.000000,-0.914398;;,
      22;4;-0.404817, 0.000000, 0.000000,-0.914398;;;
    }
    AnimationKey { // Scale
      1;
      23;
      0;3; 1.000000, 1.000000, 1.000000;;,
      1;3; 1.000000, 1.000000, 1.000000;;,
      2;3; 1.000000, 1.000000, 1.000000;;,
      3;3; 1.000000, 1.000000, 1.000000;;,
      4;3; 1.000000, 1.000000, 1.000000;;,
      5;3; 1.000000, 1.000000, 1.000000;;,
      6;3; 1.000000, 1.000000, 1.000000;;,
      7;3; 1.000000, 1.000000, 1.000000;;,
      8;3; 1.000000, 1.000000, 1.000000;;,
      9;3; 1.000000, 1.000000, 1.000000;;,
      10;3; 1.000000, 1.000000, 1.000000;;,
      11;3; 1.000000, 1.000000, 1.000000;;,
      12;3; 1.000000, 1.000000, 1.000000;;,
      13;3; 1.000000, 1.000000, 1.000000;;,
      14;3; 1.000000, 1.000000, 1.000000;;,
      15;3; 1.000000, 1.000000, 1.000000;;,
      16;3; 1.000000, 1.000000, 1.000000;;,
      17;3; 1.000000, 1.000000, 1.000000;;,
      18;3; 1.000000, 1.000000, 1.000000;;,
      19;3; 1.000000, 1.000000, 1.000000;;,
      20;3; 1.000000, 1.000000, 1.000000;;,
      21;3; 1.000000, 1.000000, 1.000000;;,
      22;3; 1.000000, 1.000000, 1.000000;;;
    }
    AnimationKey { // Position
      2;
      23;
      0;3; 0.000002,27.693789,-0.000000;;,
      1;3;-0.000014,27.693789, 0.000000;;,
      2;3;-0.000014,27.693777, 0.000000;;,
      3;3; 0.000002,27.693769,-0.000000;;,
      4;3;-0.000010,27.693798, 0.000000;;,
      5;3; 0.000019,27.693783,-0.000001;;,
      6;3; 0.000001,27.693779,-0.000002;;,
      7;3; 0.000010,27.693777, 0.000001;;,
      8;3;-0.000005,27.693773,-0.000002;;,
      9;3;-0.000018,27.693773, 0.000001;;,
      10;3;-0.000009,27.693785,-0.000001;;,
      11;3; 0.000019,27.693794, 0.000001;;,
      12;3; 0.000009,27.693789,-0.000001;;,
      13;3;-0.000005,27.693796, 0.000000;;,
      14;3; 0.000011,27.693792,-0.000004;;,
      15;3; 0.000006,27.693792,-0.000002;;,
      16;3;-0.000014,27.693798,-0.000000;;,
      17;3; 0.000002,27.693790,-0.000000;;,
      18;3; 0.000005,27.693796, 0.000000;;,
      19;3;-0.000004,27.693777,-0.000000;;,
      20;3; 0.000009,27.693789, 0.000000;;,
      21;3; 0.000012,27.693781, 0.000000;;,
      22;3; 0.000005,27.693792, 0.000000;;;
    }
  }
  Animation {
    {Armature_BottomBodyCTRL}
    AnimationKey { // Rotation
      0;
      23;
      0;4;-0.707094,-0.004294,-0.707094,-0.004294;;,
      1;4;-0.707094,-0.004294,-0.707094,-0.004294;;,
      2;4;-0.707094,-0.004294,-0.707094,-0.004294;;,
      3;4;-0.707094,-0.004294,-0.707094,-0.004294;;,
      4;4;-0.707094,-0.004294,-0.707094,-0.004294;;,
      5;4;-0.707094,-0.004294,-0.707094,-0.004294;;,
      6;4;-0.707094,-0.004294,-0.707094,-0.004294;;,
      7;4;-0.707094,-0.004294,-0.707094,-0.004294;;,
      8;4;-0.707094,-0.004294,-0.707094,-0.004294;;,
      9;4;-0.707094,-0.004294,-0.707094,-0.004294;;,
      10;4;-0.707094,-0.004294,-0.707094,-0.004294;;,
      11;4;-0.707094,-0.004294,-0.707094,-0.004294;;,
      12;4;-0.707094,-0.004294,-0.707094,-0.004294;;,
      13;4;-0.707094,-0.004294,-0.707094,-0.004294;;,
      14;4;-0.707094,-0.004294,-0.707094,-0.004294;;,
      15;4;-0.707094,-0.004294,-0.707094,-0.004294;;,
      16;4;-0.707094,-0.004294,-0.707094,-0.004294;;,
      17;4;-0.707094,-0.004294,-0.707094,-0.004294;;,
      18;4;-0.707094,-0.004294,-0.707094,-0.004294;;,
      19;4;-0.707094,-0.004294,-0.707094,-0.004294;;,
      20;4;-0.707094,-0.004294,-0.707094,-0.004294;;,
      21;4;-0.707094,-0.004294,-0.707094,-0.004294;;,
      22;4;-0.707094,-0.004294,-0.707094,-0.004294;;;
    }
    AnimationKey { // Scale
      1;
      23;
      0;3; 1.000000, 1.000000, 1.000000;;,
      1;3; 1.000000, 1.000000, 1.000000;;,
      2;3; 1.000000, 1.000000, 1.000000;;,
      3;3; 1.000000, 1.000000, 1.000000;;,
      4;3; 1.000000, 1.000000, 1.000000;;,
      5;3; 1.000000, 1.000000, 1.000000;;,
      6;3; 1.000000, 1.000000, 1.000000;;,
      7;3; 1.000000, 1.000000, 1.000000;;,
      8;3; 1.000000, 1.000000, 1.000000;;,
      9;3; 1.000000, 1.000000, 1.000000;;,
      10;3; 1.000000, 1.000000, 1.000000;;,
      11;3; 1.000000, 1.000000, 1.000000;;,
      12;3; 1.000000, 1.000000, 1.000000;;,
      13;3; 1.000000, 1.000000, 1.000000;;,
      14;3; 1.000000, 1.000000, 1.000000;;,
      15;3; 1.000000, 1.000000, 1.000000;;,
      16;3; 1.000000, 1.000000, 1.000000;;,
      17;3; 1.000000, 1.000000, 1.000000;;,
      18;3; 1.000000, 1.000000, 1.000000;;,
      19;3; 1.000000, 1.000000, 1.000000;;,
      20;3; 1.000000, 1.000000, 1.000000;;,
      21;3; 1.000000, 1.000000, 1.000000;;,
      22;3; 1.000000, 1.000000, 1.000000;;;
    }
    AnimationKey { // Position
      2;
      23;
      0;3;33.016682,-0.000009, 0.000000;;,
      1;3;32.832340, 0.002230, 0.000001;;,
      2;3;32.279236, 0.008949, 0.000000;;,
      3;3;31.356384, 0.020158, 0.000000;;,
      4;3;30.141930, 0.034911,-0.000000;;,
      5;3;28.823387, 0.050929,-0.000000;;,
      6;3;27.644466, 0.065245, 0.000000;;,
      7;3;26.804569, 0.075455, 0.000002;;,
      8;3;26.367231, 0.080760,-0.000000;;,
      9;3;26.234722, 0.082376, 0.000001;;,
      10;3;26.223907, 0.082507,-0.000000;;,
      11;3;26.232870, 0.082394, 0.000001;;,
      12;3;26.338224, 0.081116,-0.000000;;,
      13;3;26.668646, 0.077100,-0.000000;;,
      14;3;27.265686, 0.069849, 0.000002;;,
      15;3;28.042494, 0.060413, 0.000002;;,
      16;3;28.823383, 0.050917,-0.000001;;,
      17;3;29.661665, 0.040731,-0.000000;;,
      18;3;30.645599, 0.028790, 0.000000;;,
      19;3;31.600657, 0.017189,-0.000000;;,
      20;3;32.366680, 0.007889, 0.000000;;,
      21;3;32.849491, 0.002020, 0.000000;;,
      22;3;33.016689,-0.000009, 0.000000;;;
    }
  }
  Animation {
    {Armature_TopBodyCTRL}
    AnimationKey { // Rotation
      0;
      23;
      0;4;-0.707094,-0.004294,-0.707094,-0.004294;;,
      1;4;-0.707094,-0.004294,-0.707094,-0.004294;;,
      2;4;-0.707094,-0.004294,-0.707094,-0.004294;;,
      3;4;-0.707094,-0.004294,-0.707094,-0.004294;;,
      4;4;-0.707094,-0.004294,-0.707094,-0.004294;;,
      5;4;-0.707094,-0.004294,-0.707094,-0.004294;;,
      6;4;-0.707094,-0.004294,-0.707094,-0.004294;;,
      7;4;-0.707094,-0.004294,-0.707094,-0.004294;;,
      8;4;-0.707094,-0.004294,-0.707094,-0.004294;;,
      9;4;-0.707094,-0.004294,-0.707094,-0.004294;;,
      10;4;-0.707094,-0.004294,-0.707094,-0.004294;;,
      11;4;-0.707094,-0.004294,-0.707094,-0.004294;;,
      12;4;-0.707094,-0.004294,-0.707094,-0.004294;;,
      13;4;-0.707094,-0.004294,-0.707094,-0.004294;;,
      14;4;-0.707094,-0.004294,-0.707094,-0.004294;;,
      15;4;-0.707094,-0.004294,-0.707094,-0.004294;;,
      16;4;-0.707094,-0.004294,-0.707094,-0.004294;;,
      17;4;-0.707094,-0.004294,-0.707094,-0.004294;;,
      18;4;-0.707094,-0.004294,-0.707094,-0.004294;;,
      19;4;-0.707094,-0.004294,-0.707094,-0.004294;;,
      20;4;-0.707094,-0.004294,-0.707094,-0.004294;;,
      21;4;-0.707094,-0.004294,-0.707094,-0.004294;;,
      22;4;-0.707094,-0.004294,-0.707094,-0.004294;;;
    }
    AnimationKey { // Scale
      1;
      23;
      0;3; 1.000000, 1.000000, 1.000000;;,
      1;3; 1.000000, 1.000000, 1.000000;;,
      2;3; 1.000000, 1.000000, 1.000000;;,
      3;3; 1.000000, 1.000000, 1.000000;;,
      4;3; 1.000000, 1.000000, 1.000000;;,
      5;3; 1.000000, 1.000000, 1.000000;;,
      6;3; 1.000000, 1.000000, 1.000000;;,
      7;3; 1.000000, 1.000000, 1.000000;;,
      8;3; 1.000000, 1.000000, 1.000000;;,
      9;3; 1.000000, 1.000000, 1.000000;;,
      10;3; 1.000000, 1.000000, 1.000000;;,
      11;3; 1.000000, 1.000000, 1.000000;;,
      12;3; 1.000000, 1.000000, 1.000000;;,
      13;3; 1.000000, 1.000000, 1.000000;;,
      14;3; 1.000000, 1.000000, 1.000000;;,
      15;3; 1.000000, 1.000000, 1.000000;;,
      16;3; 1.000000, 1.000000, 1.000000;;,
      17;3; 1.000000, 1.000000, 1.000000;;,
      18;3; 1.000000, 1.000000, 1.000000;;,
      19;3; 1.000000, 1.000000, 1.000000;;,
      20;3; 1.000000, 1.000000, 1.000000;;,
      21;3; 1.000000, 1.000000, 1.000000;;,
      22;3; 1.000000, 1.000000, 1.000000;;;
    }
    AnimationKey { // Position
      2;
      23;
      0;3;-32.294041, 0.813624,-0.000000;;,
      1;3;-32.082375, 0.811053,-0.000000;;,
      2;3;-31.464037, 0.803543,-0.000001;;,
      3;3;-30.466709, 0.791427,-0.000000;;,
      4;3;-29.191587, 0.775939,-0.000001;;,
      5;3;-27.836512, 0.759482, 0.000000;;,
      6;3;-26.643215, 0.744981,-0.000000;;,
      7;3;-25.801970, 0.734764,-0.000000;;,
      8;3;-25.367044, 0.729478,-0.000001;;,
      9;3;-25.235807, 0.727888, 0.000001;;,
      10;3;-25.225124, 0.727756,-0.000003;;,
      11;3;-25.233959, 0.727864,-0.000000;;,
      12;3;-25.338272, 0.729131,-0.000001;;,
      13;3;-25.666561, 0.733116,-0.000000;;,
      14;3;-26.262945, 0.740364, 0.000003;;,
      15;3;-27.044430, 0.749869, 0.000003;;,
      16;3;-27.836533, 0.759477,-0.000001;;,
      17;3;-28.695169, 0.769899,-0.000001;;,
      18;3;-29.716545, 0.782309,-0.000002;;,
      19;3;-30.727655, 0.794603,-0.000001;;,
      20;3;-31.560486, 0.804712,-0.000000;;,
      21;3;-32.101955, 0.811289,-0.000001;;,
      22;3;-32.294041, 0.813624,-0.000000;;;
    }
  }
  Animation {
    {Armature_LeftBodyCTRL}
    AnimationKey { // Rotation
      0;
      23;
      0;4;-0.707094,-0.004294,-0.707094,-0.004294;;,
      1;4;-0.707094,-0.004294,-0.707094,-0.004294;;,
      2;4;-0.707094,-0.004294,-0.707094,-0.004294;;,
      3;4;-0.707094,-0.004294,-0.707094,-0.004294;;,
      4;4;-0.707094,-0.004294,-0.707094,-0.004294;;,
      5;4;-0.707094,-0.004294,-0.707094,-0.004294;;,
      6;4;-0.707094,-0.004294,-0.707094,-0.004294;;,
      7;4;-0.707094,-0.004294,-0.707094,-0.004294;;,
      8;4;-0.707094,-0.004294,-0.707094,-0.004294;;,
      9;4;-0.707094,-0.004294,-0.707094,-0.004294;;,
      10;4;-0.707094,-0.004294,-0.707094,-0.004294;;,
      11;4;-0.707094,-0.004294,-0.707094,-0.004294;;,
      12;4;-0.707094,-0.004294,-0.707094,-0.004294;;,
      13;4;-0.707094,-0.004294,-0.707094,-0.004294;;,
      14;4;-0.707094,-0.004294,-0.707094,-0.004294;;,
      15;4;-0.707094,-0.004294,-0.707094,-0.004294;;,
      16;4;-0.707094,-0.004294,-0.707094,-0.004294;;,
      17;4;-0.707094,-0.004294,-0.707094,-0.004294;;,
      18;4;-0.707094,-0.004294,-0.707094,-0.004294;;,
      19;4;-0.707094,-0.004294,-0.707094,-0.004294;;,
      20;4;-0.707094,-0.004294,-0.707094,-0.004294;;,
      21;4;-0.707094,-0.004294,-0.707094,-0.004294;;,
      22;4;-0.707094,-0.004294,-0.707094,-0.004294;;;
    }
    AnimationKey { // Scale
      1;
      23;
      0;3; 1.000000, 1.000000, 1.000000;;,
      1;3; 1.000000, 1.000000, 1.000000;;,
      2;3; 1.000000, 1.000000, 1.000000;;,
      3;3; 1.000000, 1.000000, 1.000000;;,
      4;3; 1.000000, 1.000000, 1.000000;;,
      5;3; 1.000000, 1.000000, 1.000000;;,
      6;3; 1.000000, 1.000000, 1.000000;;,
      7;3; 1.000000, 1.000000, 1.000000;;,
      8;3; 1.000000, 1.000000, 1.000000;;,
      9;3; 1.000000, 1.000000, 1.000000;;,
      10;3; 1.000000, 1.000000, 1.000000;;,
      11;3; 1.000000, 1.000000, 1.000000;;,
      12;3; 1.000000, 1.000000, 1.000000;;,
      13;3; 1.000000, 1.000000, 1.000000;;,
      14;3; 1.000000, 1.000000, 1.000000;;,
      15;3; 1.000000, 1.000000, 1.000000;;,
      16;3; 1.000000, 1.000000, 1.000000;;,
      17;3; 1.000000, 1.000000, 1.000000;;,
      18;3; 1.000000, 1.000000, 1.000000;;,
      19;3; 1.000000, 1.000000, 1.000000;;,
      20;3; 1.000000, 1.000000, 1.000000;;,
      21;3; 1.000000, 1.000000, 1.000000;;,
      22;3; 1.000000, 1.000000, 1.000000;;;
    }
    AnimationKey { // Position
      2;
      23;
      0;3;-0.598620,-0.008506,33.650475;;,
      1;3;-0.598624,-0.008506,33.407307;;,
      2;3;-0.598627,-0.008505,32.712803;;,
      3;3;-0.598624,-0.008506,31.626219;;,
      4;3;-0.598612,-0.008505,30.274649;;,
      5;3;-0.598608,-0.008502,28.868809;;,
      6;3;-0.598624,-0.008511,27.650116;;,
      7;3;-0.598625,-0.008506,26.800543;;,
      8;3;-0.598628,-0.008506,26.364668;;,
      9;3;-0.598620,-0.008502,26.233818;;,
      10;3;-0.598629,-0.008506,26.223183;;,
      11;3;-0.598618,-0.008508,26.231987;;,
      12;3;-0.598632,-0.008506,26.335947;;,
      13;3;-0.598640,-0.008507,26.664545;;,
      14;3;-0.598620,-0.008505,27.265083;;,
      15;3;-0.598619,-0.008500,28.058058;;,
      16;3;-0.598617,-0.008508,28.868813;;,
      17;3;-0.598646,-0.008522,29.756521;;,
      18;3;-0.598615,-0.008512,30.827070;;,
      19;3;-0.598641,-0.008501,31.907459;;,
      20;3;-0.598625,-0.008505,32.819839;;,
      21;3;-0.598640,-0.008507,33.429653;;,
      22;3;-0.598615,-0.008506,33.650478;;;
    }
  }
  Animation {
    {Armature_RightBodyCTRL}
    AnimationKey { // Rotation
      0;
      23;
      0;4;-0.004290, 0.707094,-0.004294, 0.707094;;,
      1;4;-0.004290, 0.707094,-0.004294, 0.707094;;,
      2;4;-0.004290, 0.707094,-0.004294, 0.707094;;,
      3;4;-0.004290, 0.707094,-0.004294, 0.707094;;,
      4;4;-0.004290, 0.707094,-0.004294, 0.707094;;,
      5;4;-0.004290, 0.707094,-0.004294, 0.707094;;,
      6;4;-0.004290, 0.707094,-0.004294, 0.707094;;,
      7;4;-0.004290, 0.707094,-0.004294, 0.707094;;,
      8;4;-0.004290, 0.707094,-0.004294, 0.707094;;,
      9;4;-0.004290, 0.707094,-0.004294, 0.707094;;,
      10;4;-0.004290, 0.707094,-0.004294, 0.707094;;,
      11;4;-0.004290, 0.707094,-0.004294, 0.707094;;,
      12;4;-0.004290, 0.707094,-0.004294, 0.707094;;,
      13;4;-0.004290, 0.707094,-0.004294, 0.707094;;,
      14;4;-0.004290, 0.707094,-0.004294, 0.707094;;,
      15;4;-0.004290, 0.707094,-0.004294, 0.707094;;,
      16;4;-0.004290, 0.707094,-0.004294, 0.707094;;,
      17;4;-0.004290, 0.707094,-0.004294, 0.707094;;,
      18;4;-0.004290, 0.707094,-0.004294, 0.707094;;,
      19;4;-0.004290, 0.707094,-0.004294, 0.707094;;,
      20;4;-0.004290, 0.707094,-0.004294, 0.707094;;,
      21;4;-0.004290, 0.707094,-0.004294, 0.707094;;,
      22;4;-0.004290, 0.707094,-0.004294, 0.707094;;;
    }
    AnimationKey { // Scale
      1;
      23;
      0;3; 1.001021, 1.000000, 1.000000;;,
      1;3; 1.001021, 1.000000, 1.000000;;,
      2;3; 1.001020, 1.000000, 1.000000;;,
      3;3; 1.001021, 1.000000, 1.000000;;,
      4;3; 1.001021, 1.000000, 1.000000;;,
      5;3; 1.001021, 1.000000, 1.000000;;,
      6;3; 1.001021, 1.000000, 1.000000;;,
      7;3; 1.001021, 1.000000, 1.000000;;,
      8;3; 1.001020, 1.000000, 1.000000;;,
      9;3; 1.001021, 1.000000, 1.000000;;,
      10;3; 1.001021, 1.000000, 1.000000;;,
      11;3; 1.001020, 1.000000, 1.000000;;,
      12;3; 1.001020, 1.000000, 1.000000;;,
      13;3; 1.001020, 1.000000, 1.000000;;,
      14;3; 1.001020, 1.000000, 1.000000;;,
