xof 0303txt 0032

Frame Root {
  FrameTransformMatrix {
     1.000000, 0.000000, 0.000000, 0.000000,
     0.000000,-0.000000,-1.000000, 0.000000,
     0.000000, 1.000000,-0.000000, 0.000000,
     0.000000, 0.000000, 0.000000, 1.000000;;
  }
  Frame Armature {
    FrameTransformMatrix {
       0.010000, 0.000000, 0.000000, 0.000000,
       0.000000, 0.010000, 0.000000, 0.000000,
       0.000000, 0.000000, 0.010000, 0.000000,
       0.000000, 0.000000, 0.000000, 1.000000;;
    }
    Frame Armature_Root {
      FrameTransformMatrix {
         0.007824, 0.732124, 0.681126, 0.000000,
        -0.007279,-0.681087, 0.732166, 0.000000,
         0.999943,-0.010686, 0.000000, 0.000000,
         0.201737,18.877651,125.187889, 1.000000;;
      }
      Frame Armature_Body {
        FrameTransformMatrix {
          -0.672246,-0.740328,-0.000000, 0.000000,
           0.740328,-0.672246, 0.000000, 0.000000,
          -0.000000,-0.000000, 1.000000, 0.000000,
           0.000002,27.693789,-0.000000, 1.000000;;
        }
        Frame Armature_BottomBodyCTRL {
          FrameTransformMatrix {
            -0.000000,-0.000000, 1.000000, 0.000000,
             0.012146, 0.999926, 0.000000, 0.000000,
            -0.999926, 0.012146,-0.000000, 0.000000,
            33.016682,-0.000009, 0.000000, 1.000000;;
          }
        } // End of Armature_BottomBodyCTRL
        Frame Armature_EyeCTRL {
          FrameTransformMatrix {
            -0.996354, 0.086512,-0.000449, 0.000000,
            -0.086516,-0.996251,-0.000024, 0.000000,
            -0.000450, 0.000015, 1.000000, 0.000000,
            -1.412216,-18.028740,-0.000467, 1.000000;;
          }
          Frame Armature_EyeBallCTRL {
            FrameTransformMatrix {
              -0.039913,-0.999203,-0.000000, 0.000000,
              -0.000000,-0.000000, 1.000000, 0.000000,
              -0.999203, 0.039913,-0.000000, 0.000000,
              -0.000010,12.242517,-0.000000, 1.000000;;
            }
          } // End of Armature_EyeBallCTRL
          Frame Armature_LowerEyelidCTRL {
            FrameTransformMatrix {
              -0.227205,-0.973847,-0.000000, 0.000000,
              -0.000000,-0.000000, 1.000000, 0.000000,
              -0.973847, 0.227205,-0.000000, 0.000000,
              -0.000014,12.597343, 0.000000, 1.000000;;
            }
          } // End of Armature_LowerEyelidCTRL
          Frame Armature_UpperEyelidCTRL {
            FrameTransformMatrix {
              -0.078559,-0.996910,-0.000000, 0.000000,
              -0.000000,-0.000000, 1.000000, 0.000000,
              -0.996910, 0.078559,-0.000000, 0.000000,
              -0.000014,12.597343, 0.000000, 1.000000;;
            }
          } // End of Armature_UpperEyelidCTRL
        } // End of Armature_EyeCTRL
        Frame Armature_LeftBodyCTRL {
          FrameTransformMatrix {
            -0.000000,-0.000000, 1.000000, 0.000000,
             0.012146, 0.999926, 0.000000, 0.000000,
            -0.999926, 0.012146,-0.000000, 0.000000,
            -0.598620,-0.008506,33.650475, 1.000000;;
          }
        } // End of Armature_LeftBodyCTRL
        Frame Armature_Process01 {
          FrameTransformMatrix {
            -0.988296, 0.012005, 0.152077, 0.000000,
             0.016223, 0.999517, 0.026523, 0.000000,
            -0.151685, 0.028680,-0.988013, 0.000000,
            -41.532005,-6.365071, 8.697648, 1.000000;;
          }
        } // End of Armature_Process01
        Frame Armature_Process02 {
          FrameTransformMatrix {
             0.277334, 0.441454, 0.853349, 0.000000,
             0.010771, 0.886705,-0.462211, 0.000000,
            -0.960714, 0.137378, 0.241158, 0.000000,
             7.566961,18.773949,38.804432, 1.000000;;
          }
        } // End of Armature_Process02
        Frame Armature_Process03 {
          FrameTransformMatrix {
             0.900869, 0.426892, 0.078726, 0.000000,
            -0.430445, 0.901946, 0.034813, 0.000000,
            -0.056145,-0.065249, 0.996288, 0.000000,
            37.941006,18.159899, 6.916868, 1.000000;;
          }
        } // End of Armature_Process03
        Frame Armature_Process04 {
          FrameTransformMatrix {
             0.763121,-0.402115,-0.505916, 0.000000,
             0.356137, 0.914913,-0.190001, 0.000000,
             0.539271,-0.035182, 0.841397, 0.000000,
            31.862391,-18.825493,-22.134548, 1.000000;;
          }
        } // End of Armature_Process04
        Frame Armature_Process05 {
          FrameTransformMatrix {
            -0.377608, 0.795702,-0.473573, 0.000000,
             0.023719,-0.502957,-0.863986, 0.000000,
            -0.925662,-0.337480, 0.171047, 0.000000,
            -15.017791,26.232946,-24.951460, 1.000000;;
          }
        } // End of Armature_Process05
        Frame Armature_RearBodyCTRL {
          FrameTransformMatrix {
            -0.000000,-0.000000, 1.000000, 0.000000,
             0.012146, 0.999926, 0.000000, 0.000000,
            -0.999926, 0.012146,-0.000000, 0.000000,
             0.236413,29.980713, 0.000000, 1.000000;;
          }
        } // End of Armature_RearBodyCTRL
        Frame Armature_RightBodyCTRL {
          FrameTransformMatrix {
            -0.000000,-0.000012, 1.001021, 0.000000,
            -0.012146,-0.999926,-0.000000, 0.000000,
             0.999926,-0.012146, 0.000000, 0.000000,
            -0.598797,-0.008506,-33.650497, 1.000000;;
          }
        } // End of Armature_RightBodyCTRL
        Frame Armature_TentacleA01 {
          FrameTransformMatrix {
            -0.128998, 0.970661, 0.202921, 0.000000,
            -0.466448,-0.239973, 0.851375, 0.000000,
             0.875092, 0.015174, 0.483719, 0.000000,
            -23.063538,-6.629874,36.039711, 1.000000;;
          }
          Frame Armature_TentacleA02 {
            FrameTransformMatrix {
               0.998618, 0.051609,-0.009958, 0.000000,
              -0.049728, 0.989042, 0.139004, 0.000000,
               0.017022,-0.138317, 0.990242, 0.000000,
              -0.110826,12.595020, 0.172180, 1.000000;;
            }
            Frame Armature_TentacleA03 {
              FrameTransformMatrix {
                 0.992377, 0.122299, 0.015178, 0.000000,
                -0.115055, 0.963564,-0.241465, 0.000000,
                -0.044156, 0.237878, 0.970291, 0.000000,
                 0.094007,14.155014, 0.248669, 1.000000;;
              }
              Frame Armature_TentacleA04 {
                FrameTransformMatrix {
                   0.997636, 0.068689,-0.001936, 0.000000,
                  -0.066182, 0.952891,-0.296006, 0.000000,
                  -0.018487, 0.295435, 0.955184, 0.000000,
                  -0.093126,10.906173,-0.323463, 1.000000;;
                }
                Frame Armature_TentacleA05 {
                  FrameTransformMatrix {
                    -0.086658,-0.510714, 0.855372, 0.000000,
                     0.993525,-0.107626, 0.036395, 0.000000,
                     0.073473, 0.852988, 0.516733, 0.000000,
                     0.000000,16.387581, 0.000002, 1.000000;;
                  }
                } // End of Armature_TentacleA05
              } // End of Armature_TentacleA04
            } // End of Armature_TentacleA03
          } // End of Armature_TentacleA02
        } // End of Armature_TentacleA01
        Frame Armature_TentacleB01 {
          FrameTransformMatrix {
             0.246476, 0.917236, 0.312933, 0.000000,
             0.464597,-0.395202, 0.792443, 0.000000,
             0.850529,-0.049930,-0.523553, 0.000000,
            19.650841,-18.561605,32.340561, 1.000000;;
          }
          Frame Armature_TentacleB02 {
            FrameTransformMatrix {
               0.995709,-0.090638,-0.018660, 0.000000,
               0.089801, 0.995089,-0.041639, 0.000000,
               0.022342, 0.039784, 0.998958, 0.000000,
               0.063262,10.691485, 0.391627, 1.000000;;
            }
            Frame Armature_TentacleB03 {
              FrameTransformMatrix {
                 0.994874,-0.100342, 0.012544, 0.000000,
                 0.090205, 0.936672, 0.338391, 0.000000,
                -0.045704,-0.335525, 0.940922, 0.000000,
                -0.040698,14.817824,-0.319033, 1.000000;;
              }
              Frame Armature_TentacleB04 {
                FrameTransformMatrix {
                   0.997448,-0.067448,-0.023426, 0.000000,
                   0.071241, 0.962071, 0.263334, 0.000000,
                   0.004776,-0.264331, 0.964420, 0.000000,
                   0.345646,12.711909, 0.548212, 1.000000;;
                }
                Frame Armature_TentacleB05 {
                  FrameTransformMatrix {
                     0.999142,-0.008305,-0.040585, 0.000000,
                     0.011722, 0.996336, 0.084712, 0.000000,
                     0.039733,-0.085115, 0.995579, 0.000000,
                    -0.000002,18.558544,-0.000013, 1.000000;;
                  }
                } // End of Armature_TentacleB05
              } // End of Armature_TentacleB04
            } // End of Armature_TentacleB03
          } // End of Armature_TentacleB02
        } // End of Armature_TentacleB01
        Frame Armature_TentacleC01 {
          FrameTransformMatrix {
             0.011274, 0.999936, 0.000143, 0.000000,
             0.966917,-0.010866,-0.254860, 0.000000,
            -0.254843, 0.003012,-0.966978, 0.000000,
            39.123764, 5.665392,-8.376416, 1.000000;;
          }
          Frame Armature_TentacleC02 {
            FrameTransformMatrix {
               0.974825, 0.222965, 0.001245, 0.000000,
              -0.222813, 0.973920, 0.042819, 0.000000,
               0.008334,-0.042018, 0.999082, 0.000000,
               0.042412, 9.141991,-0.048413, 1.000000;;
            }
            Frame Armature_TentacleC03 {
              FrameTransformMatrix {
                 0.976582, 0.215136,-0.001891, 0.000000,
                -0.201731, 0.912607,-0.355602, 0.000000,
                -0.074777, 0.347656, 0.934636, 0.000000,
                -0.005150,11.585222,-0.006627, 1.000000;;
              }
              Frame Armature_TentacleC04 {
                FrameTransformMatrix {
                   0.988744, 0.149617, 0.000595, 0.000000,
                  -0.139651, 0.924297,-0.355208, 0.000000,
                  -0.053695, 0.351127, 0.934787, 0.000000,
                  -0.031688, 8.851305,-0.027297, 1.000000;;
                }
                Frame Armature_TentacleC05 {
                  FrameTransformMatrix {
                     0.994336, 0.000753, 0.106276, 0.000000,
                     0.038914, 0.927954,-0.370657, 0.000000,
                    -0.098898, 0.372693, 0.922670, 0.000000,
                    -0.000006, 9.819499,-0.000002, 1.000000;;
                  }
                } // End of Armature_TentacleC05
              } // End of Armature_TentacleC04
            } // End of Armature_TentacleC03
          } // End of Armature_TentacleC02
        } // End of Armature_TentacleC01
        Frame Armature_TentacleD01 {
          FrameTransformMatrix {
            -0.032908, 0.967904, 0.249158, 0.000000,
             0.119756, 0.251315,-0.960468, 0.000000,
            -0.992258,-0.001769,-0.124183, 0.000000,
             8.171143, 6.275734,-41.120026, 1.000000;;
          }
          Frame Armature_TentacleD02 {
            FrameTransformMatrix {
               0.996143,-0.087414, 0.007566, 0.000000,
               0.087643, 0.995405,-0.038569, 0.000000,
              -0.004160, 0.039084, 0.999227, 0.000000,
              -0.003057,12.007985,-0.032293, 1.000000;;
            }
            Frame Armature_TentacleD03 {
              FrameTransformMatrix {
                 0.996243,-0.086607, 0.000267, 0.000000,
                 0.080851, 0.931131, 0.355609, 0.000000,
                -0.031047,-0.354251, 0.934635, 0.000000,
                 0.000001,15.854481, 0.000008, 1.000000;;
              }
              Frame Armature_TentacleD04 {
                FrameTransformMatrix {
                   0.989169,-0.146116, 0.013958, 0.000000,
                   0.131528, 0.924574, 0.357580, 0.000000,
                  -0.065153,-0.351871, 0.933778, 0.000000,
                  -0.212307,12.109001, 0.170102, 1.000000;;
                }
                Frame Armature_TentacleD05 {
                  FrameTransformMatrix {
                     0.999719,-0.022919,-0.006052, 0.000000,
                     0.023353, 0.996071, 0.085428, 0.000000,
                     0.004070,-0.085545, 0.996326, 0.000000,
                    -0.000002,12.287916,-0.000007, 1.000000;;
                  }
                } // End of Armature_TentacleD05
              } // End of Armature_TentacleD04
            } // End of Armature_TentacleD03
          } // End of Armature_TentacleD02
        } // End of Armature_TentacleD01
        Frame Armature_TentacleE01 {
          FrameTransformMatrix {
            -0.468824, 0.828341,-0.306685, 0.000000,
            -0.629288,-0.556876,-0.542112, 0.000000,
            -0.619839,-0.061162, 0.782342, 0.000000,
            -30.838352,-17.541435,-21.570747, 1.000000;;
          }
          Frame Armature_TentacleE02 {
            FrameTransformMatrix {
               0.998612, 0.051399, 0.011469, 0.000000,
              -0.048183, 0.979630,-0.194944, 0.000000,
              -0.021256, 0.194121, 0.980747, 0.000000,
               0.073463,10.821158, 0.046587, 1.000000;;
            }
            Frame Armature_TentacleE03 {
              FrameTransformMatrix {
                 0.999686, 0.024597, 0.004782, 0.000000,
                -0.024942, 0.995080, 0.095879, 0.000000,
                -0.002400,-0.095968, 0.995381, 0.000000,
                 0.056142,11.782663, 0.008724, 1.000000;;
              }
              Frame Armature_TentacleE04 {
                FrameTransformMatrix {
                   0.986249, 0.163704, 0.022680, 0.000000,
                  -0.165194, 0.980564, 0.105857, 0.000000,
                  -0.004910,-0.108148, 0.994123, 0.000000,
                   0.380469, 8.371645,-0.156598, 1.000000;;
                }
                Frame Armature_TentacleE05 {
                  FrameTransformMatrix {
                     0.046791,-0.998877, 0.007389, 0.000000,
                     0.986793, 0.047371, 0.154904, 0.000000,
                    -0.155081, 0.000043, 0.987902, 0.000000,
                    -0.000015,15.094593, 0.000001, 1.000000;;
                  }
                } // End of Armature_TentacleE05
              } // End of Armature_TentacleE04
            } // End of Armature_TentacleE03
          } // End of Armature_TentacleE02
        } // End of Armature_TentacleE01
        Frame Armature_TentacleF01 {
          FrameTransformMatrix {
             0.589117, 0.727098,-0.352520, 0.000000,
            -0.681928, 0.681402, 0.265831, 0.000000,
             0.433493, 0.083788, 0.897253, 0.000000,
            -24.773151,28.514015,17.913275, 1.000000;;
          }
          Frame Armature_TentacleF02 {
            FrameTransformMatrix {
               0.998899, 0.040924,-0.022931, 0.000000,
              -0.044771, 0.977617,-0.205572, 0.000000,
               0.014004, 0.206372, 0.978373, 0.000000,
               0.020706,14.963232,-0.070308, 1.000000;;
            }
            Frame Armature_TentacleF03 {
              FrameTransformMatrix {
                 0.999869, 0.000481, 0.016204, 0.000000,
                -0.004889, 0.961973, 0.273100, 0.000000,
                -0.015456,-0.273143, 0.961849, 0.000000,
                -0.094023,18.701719, 0.045949, 1.000000;;
              }
              Frame Armature_TentacleF04 {
                FrameTransformMatrix {
                   0.990674, 0.104338,-0.087633, 0.000000,
                  -0.080034, 0.966092, 0.245480, 0.000000,
                   0.110274,-0.236176, 0.965433, 0.000000,
                   0.588620,14.878647,-0.947045, 1.000000;;
                }
                Frame Armature_TentacleF05 {
                  FrameTransformMatrix {
                     0.998548,-0.020461, 0.049839, 0.000000,
                     0.023660, 0.997639,-0.064474, 0.000000,
                    -0.048402, 0.065559, 0.996674, 0.000000,
                     0.000016,17.896154,-0.000001, 1.000000;;
                  }
                } // End of Armature_TentacleF05
              } // End of Armature_TentacleF04
            } // End of Armature_TentacleF03
          } // End of Armature_TentacleF02
        } // End of Armature_TentacleF01
        Frame Armature_TopBodyCTRL {
          FrameTransformMatrix {
            -0.000000, 0.000000, 1.000000, 0.000000,
             0.012146, 0.999926, 0.000000, 0.000000,
            -0.999926, 0.012146,-0.000000, 0.000000,
            -32.294041, 0.813624,-0.000000, 1.000000;;
          }
        } // End of Armature_TopBodyCTRL
      } // End of Armature_Body
    } // End of Armature_Root
    Frame BeholderMesh {
      FrameTransformMatrix {
         1.000000, 0.000000, 0.000000, 0.000000,
         0.000000, 1.000000, 0.000000, 0.000000,
         0.000000, 0.000000, 1.000000, 0.000000,
        -0.000000,-0.000000, 0.000000, 1.000000;;
      }
    } // End of BeholderMesh
  } // End of Armature
} // End of Root
AnimationSet Global {
  Animation {
    {Armature}
    AnimationKey { // Rotation
      0;
      23;
      0;4;-1.000000, 0.000000, 0.000000, 0.000000;;,
      1;4;-1.000000, 0.000000, 0.000000, 0.000000;;,
      2;4;-1.000000, 0.000000, 0.000000, 0.000000;;,
      3;4;-1.000000, 0.000000, 0.000000, 0.000000;;,
      4;4;-1.000000, 0.000000, 0.000000, 0.000000;;,
      5;4;-1.000000, 0.000000, 0.000000, 0.000000;;,
      6;4;-1.000000, 0.000000, 0.000000, 0.000000;;,
      7;4;-1.000000, 0.000000, 0.000000, 0.000000;;,
      8;4;-1.000000, 0.000000, 0.000000, 0.000000;;,
      9;4;-1.000000, 0.000000, 0.000000, 0.000000;;,
      10;4;-1.000000, 0.000000, 0.000000, 0.000000;;,
      11;4;-1.000000, 0.000000, 0.000000, 0.000000;;,
      12;4;-1.000000, 0.000000, 0.000000, 0.000000;;,
      13;4;-1.000000, 0.000000, 0.000000, 0.000000;;,
      14;4;-1.000000, 0.000000, 0.000000, 0.000000;;,
      15;4;-1.000000, 0.000000, 0.000000, 0.000000;;,
      16;4;-1.000000, 0.000000, 0.000000, 0.000000;;,
      17;4;-1.000000, 0.000000, 0.000000, 0.000000;;,
      18;4;-1.000000, 0.000000, 0.000000, 0.000000;;,
      19;4;-1.000000, 0.000000, 0.000000, 0.000000;;,
      20;4;-1.000000, 0.000000, 0.000000, 0.000000;;,
      21;4;-1.000000, 0.000000, 0.000000, 0.000000;;,
      22;4;-1.000000, 0.000000, 0.000000, 0.000000;;;
    }
    AnimationKey { // Scale
      1;
      23;
      0;3; 0.010000, 0.010000, 0.010000;;,
      1;3; 0.010000, 0.010000, 0.010000;;,
      2;3; 0.010000, 0.010000, 0.010000;;,
      3;3; 0.010000, 0.010000, 0.010000;;,
      4;3; 0.010000, 0.010000, 0.010000;;,
      5;3; 0.010000, 0.010000, 0.010000;;,
      6;3; 0.010000, 0.010000, 0.010000;;,
      7;3; 0.010000, 0.010000, 0.010000;;,
      8;3; 0.010000, 0.010000, 0.010000;;,
      9;3; 0.010000, 0.010000, 0.010000;;,
      10;3; 0.010000, 0.010000, 0.010000;;,
      11;3; 0.010000, 0.010000, 0.010000;;,
      12;3; 0.010000, 0.010000, 0.010000;;,
      13;3; 0.010000, 0.010000, 0.010000;;,
      14;3; 0.010000, 0.010000, 0.010000;;,
      15;3; 0.010000, 0.010000, 0.010000;;,
      16;3; 0.010000, 0.010000, 0.010000;;,
      17;3; 0.010000, 0.010000, 0.010000;;,
      18;3; 0.010000, 0.010000, 0.010000;;,
      19;3; 0.010000, 0.010000, 0.010000;;,
      20;3; 0.010000, 0.010000, 0.010000;;,
      21;3; 0.010000, 0.010000, 0.010000;;,
      22;3; 0.010000, 0.010000, 0.010000;;;
    }
    AnimationKey { // Position
      2;
      23;
      0;3; 0.000000, 0.000000, 0.000000;;,
      1;3; 0.000000, 0.000000, 0.000000;;,
      2;3; 0.000000, 0.000000, 0.000000;;,
      3;3; 0.000000, 0.000000, 0.000000;;,
      4;3; 0.000000, 0.000000, 0.000000;;,
      5;3; 0.000000, 0.000000, 0.000000;;,
      6;3; 0.000000, 0.000000, 0.000000;;,
      7;3; 0.000000, 0.000000, 0.000000;;,
      8;3; 0.000000, 0.000000, 0.000000;;,
      9;3; 0.000000, 0.000000, 0.000000;;,
      10;3; 0.000000, 0.000000, 0.000000;;,
      11;3; 0.000000, 0.000000, 0.000000;;,
      12;3; 0.000000, 0.000000, 0.000000;;,
      13;3; 0.000000, 0.000000, 0.000000;;,
      14;3; 0.000000, 0.000000, 0.000000;;,
      15;3; 0.000000, 0.000000, 0.000000;;,
      16;3; 0.000000, 0.000000, 0.000000;;,
      17;3; 0.000000, 0.000000, 0.000000;;,
      18;3; 0.000000, 0.000000, 0.000000;;,
      19;3; 0.000000, 0.000000, 0.000000;;,
      20;3; 0.000000, 0.000000, 0.000000;;,
      21;3; 0.000000, 0.000000, 0.000000;;,
      22;3; 0.000000, 0.000000, 0.000000;;;
    }
  }
  Animation {
    {Armature_Root}
    AnimationKey { // Rotation
      0;
      23;
      0;4;-0.285804, 0.649791, 0.278877, 0.646774;;,
      1;4;-0.291317, 0.650767, 0.285295, 0.640503;;,
      2;4;-0.297978, 0.652355, 0.289387, 0.633954;;,
      3;4;-0.305296, 0.654441, 0.291480, 0.627328;;,
      4;4;-0.312800, 0.656884, 0.291904, 0.620847;;,
      5;4;-0.320038, 0.659529, 0.290992, 0.614752;;,
      6;4;-0.326578, 0.662210, 0.289085, 0.609306;;,
      7;4;-0.332000, 0.664763, 0.286527, 0.604788;;,
      8;4;-0.335893, 0.667022, 0.283672, 0.601488;;,
      9;4;-0.337843, 0.668829, 0.280878, 0.599698;;,
      10;4;-0.337426, 0.670030, 0.278506, 0.599698;;,
      11;4;-0.330738, 0.668300, 0.275474, 0.606714;;,
      12;4;-0.316237, 0.662609, 0.271047, 0.622476;;,
      13;4;-0.297111, 0.654763, 0.266091, 0.642033;;,
      14;4;-0.277232, 0.646649, 0.261471, 0.660773;;,
      15;4;-0.261359, 0.640256, 0.258071, 0.674658;;,
      16;4;-0.254821, 0.637645, 0.256794, 0.680097;;,
      17;4;-0.256478, 0.638269, 0.257359, 0.678674;;,
      18;4;-0.260936, 0.639966, 0.258970, 0.674752;;,
      19;4;-0.267131, 0.642358, 0.261773, 0.668948;;,
      20;4;-0.274006, 0.645059, 0.265920, 0.661896;;,
      21;4;-0.280548, 0.647672, 0.271568, 0.654266;;,
      22;4;-0.285804, 0.649791, 0.278877, 0.646774;;;
    }
    AnimationKey { // Scale
      1;
      23;
      0;3; 1.000000, 1.000000, 1.000000;;,
      1;3; 1.000000, 1.000000, 1.000000;;,
      2;3; 1.000000, 1.000000, 1.000000;;,
      3;3; 1.000000, 1.000000, 1.000000;;,
      4;3; 1.000000, 1.000000, 1.000000;;,
      5;3; 1.000000, 1.000000, 1.000000;;,
      6;3; 1.000000, 1.000000, 1.000000;;,
      7;3; 1.000000, 1.000000, 1.000000;;,
      8;3; 1.000000, 1.000000, 1.000000;;,
      9;3; 1.000000, 1.000000, 1.000000;;,
      10;3; 1.000000, 1.000000, 1.000000;;,
      11;3; 1.000000, 1.000000, 1.000000;;,
      12;3; 1.000000, 1.000000, 1.000000;;,
      13;3; 1.000000, 1.000000, 1.000000;;,
      14;3; 1.000000, 1.000000, 1.000000;;,
      15;3; 1.000000, 1.000000, 1.000000;;,
      16;3; 1.000000, 1.000000, 1.000000;;,
      17;3; 1.000000, 1.000000, 1.000000;;,
      18;3; 1.000000, 1.000000, 1.000000;;,
      19;3; 1.000000, 1.000000, 1.000000;;,
      20;3; 1.000000, 1.000000, 1.000000;;,
      21;3; 1.000000, 1.000000, 1.000000;;,
      22;3; 1.000000, 1.000000, 1.000000;;;
    }
    AnimationKey { // Position
      2;
      23;
      0;3; 0.201737,18.877651,125.187889;;,
      1;3; 0.703044,19.914948,128.309875;;,
      2;3; 1.315525,21.650753,131.422943;;,
      3;3; 2.005463,23.889877,134.454132;;,
      4;3; 2.734991,26.440107,137.330307;;,
      5;3; 3.460720,29.113447,139.978333;;,
      6;3; 4.133287,31.726669,142.325211;;,
      7;3; 4.697713,34.101089,144.298157;;,
      8;3; 5.094432,36.061386,145.824860;;,
      9;3; 5.260914,37.433414,146.833527;;,
      10;3; 5.133833,38.040710,147.253128;;,
      11;3; 4.338489,35.998306,145.233521;;,
      12;3; 2.832320,30.583694,140.049164;;,
      13;3; 1.058582,23.374985,133.310059;;,
      14;3;-0.581830,16.026392,126.595703;;,
      15;3;-1.762964,10.288653,121.449799;;,
      16;3;-2.218274, 7.973717,119.395668;;,
      17;3;-2.092906, 8.765521,119.625786;;,
      18;3;-1.754857,10.748770,120.260292;;,
      19;3;-1.279129,13.334291,121.216553;;,
      20;3;-0.742366,15.935975,122.412292;;,
      21;3;-0.222586,17.974419,123.764381;;,
      22;3; 0.201737,18.877651,125.187889;;;
    }
  }
  Animation {
    {Armature_Body}
    AnimationKey { // Rotation
      0;
      23;
      0;4;-0.404817, 0.000000, 0.000000,-0.914398;;,
      1;4;-0.404817, 0.000000, 0.000000,-0.914398;;,
      2;4;-0.404817, 0.000000, 0.000000,-0.914398;;,
      3;4;-0.404817, 0.000000, 0.000000,-0.914398;;,
      4;4;-0.404817, 0.000000, 0.000000,-0.914398;;,
      5;4;-0.404817, 0.000000, 0.000000,-0.914398;;,
      6;4;-0.404817, 0.000000, 0.000000,-0.914398;;,
      7;4;-0.404817, 0.000000, 0.000000,-0.914398;;,
      8;4;-0.404817, 0.000000, 0.000000,-0.914398;;,
      9;4;-0.404817, 0.000000, 0.000000,-0.914398;;,
      10;4;-0.404817, 0.000000, 0.000000,-0.914398;;,
      11;4;-0.404817, 0.000000,-0.000000,-0.914398;;,
      12;4;-0.404817, 0.000000, 0.000000,-0.914398;;,
      13;4;-0.404817, 0.000000, 0.000000,-0.914398;;,
      14;4;-0.404817, 0.000000, 0.000000,-0.914398;;,
      15;4;-0.404817, 0.000000, 0.000000,-0.914398;;,
      16;4;-0.404817, 0.000000, 0.000000,-0.914398;;,
      17;4;-0.404817, 0.000000, 0.000000,-0.914398;;,
      18;4;-0.404817, 0.000000, 0.000000,-0.914398;;,
      19;4;-0.404817, 0.000000, 0.000000,-0.914398;;,
      20;4;-0.404817, 0.000000, 0.000000,-0.914398;;,
      21;4;-0.404817, 0.000000, 0.000000,-0.914398;;,
      22;4;-0.404817, 0.000000, 0.000000,-0.914398;;;
    }
    AnimationKey { // Scale
      1;
      23;
      0;3; 1.000000, 1.000000, 1.000000;;,
      1;3; 1.000000, 1.000000, 1.000000;;,
      2;3; 1.000000, 1.000000, 1.000000;;,
      3;3; 1.000000, 1.000000, 1.000000;;,
      4;3; 1.000000, 1.000000, 1.000000;;,
      5;3; 1.000000, 1.000000, 1.000000;;,
      6;3; 1.000000, 1.000000, 1.000000;;,
      7;3; 1.000000, 1.000000, 1.000000;;,
      8;3; 1.000000, 1.000000, 1.000000;;,
      9;3; 1.000000, 1.000000, 1.000000;;,
      10;3; 1.000000, 1.000000, 1.000000;;,
      11;3; 1.000000, 1.000000, 1.000000;;,
      12;3; 1.000000, 1.000000, 1.000000;;,
      13;3; 1.000000, 1.000000, 1.000000;;,
      14;3; 1.000000, 1.000000, 1.000000;;,
      15;3; 1.000000, 1.000000, 1.000000;;,
      16;3; 1.000000, 1.000000, 1.000000;;,
      17;3; 1.000000, 1.000000, 1.000000;;,
      18;3; 1.000000, 1.000000, 1.000000;;,
      19;3; 1.000000, 1.000000, 1.000000;;,
      20;3; 1.000000, 1.000000, 1.000000;;,
      21;3; 1.000000, 1.000000, 1.000000;;,
      22;3; 1.000000, 1.000000, 1.000000;;;
    }
    AnimationKey { // Position
      2;
      23;
      0;3; 0.000002,27.693789,-0.000000;;,
      1;3;-0.000004,27.693785,-0.000000;;,
      2;3; 0.000010,27.693779,-0.000000;;,
      3;3;-0.000014,27.693789,-0.000000;;,
      4;3;-0.000013,27.693779,-0.000001;;,
      5;3;-0.000003,27.693768,-0.000001;;,
      6;3;-0.000009,27.693777,-0.000000;;,
      7;3; 0.000005,27.693779,-0.000000;;,
      8;3; 0.000003,27.693766,-0.000001;;,
      9;3; 0.000020,27.693789,-0.000001;;,
      10;3;-0.000006,27.693775,-0.000001;;,
      11;3; 0.000018,27.693804,-0.000000;;,
      12;3; 0.000005,27.693777, 0.000000;;,
      13;3; 0.000019,27.693800, 0.000000;;,
      14;3; 0.000022,27.693787, 0.000000;;,
      15;3; 0.000001,27.693789,-0.000000;;,
      16;3;-0.000006,27.693787, 0.000000;;,
      17;3;-0.000001,27.693783, 0.000000;;,
      18;3; 0.000015,27.693783, 0.000001;;,
      19;3; 0.000014,27.693790, 0.000001;;,
      20;3;-0.000006,27.693779, 0.000000;;,
      21;3;-0.000010,27.693764, 0.000000;;,
      22;3; 0.000002,27.693789,-0.000000;;;
    }
  }
  Animation {
    {Armature_BottomBodyCTRL}
    AnimationKey { // Rotation
      0;
      23;
      0;4;-0.707094,-0.004294,-0.707094,-0.004294;;,
      1;4;-0.707094,-0.004294,-0.707094,-0.004294;;,
      2;4;-0.707094,-0.004294,-0.707094,-0.004294;;,
      3;4;-0.707094,-0.004294,-0.707094,-0.004294;;,
      4;4;-0.707094,-0.004294,-0.707094,-0.004294;;,
      5;4;-0.707094,-0.004294,-0.707094,-0.004294;;,
      6;4;-0.707094,-0.004294,-0.707094,-0.004294;;,
      7;4;-0.707094,-0.004294,-0.707094,-0.004294;;,
      8;4;-0.707094,-0.004294,-0.707094,-0.004294;;,
      9;4;-0.707094,-0.004294,-0.707094,-0.004294;;,
      10;4;-0.707094,-0.004294,-0.707094,-0.004294;;,
      11;4;-0.707094,-0.004294,-0.707094,-0.004294;;,
      12;4;-0.707094,-0.004294,-0.707094,-0.004294;;,
      13;4;-0.707094,-0.004294,-0.707094,-0.004294;;,
      14;4;-0.707094,-0.004294,-0.707094,-0.004294;;,
      15;4;-0.707094,-0.004294,-0.707094,-0.004294;;,
      16;4;-0.707094,-0.004294,-0.707094,-0.004294;;,
      17;4;-0.707094,-0.004294,-0.707094,-0.004294;;,
      18;4;-0.707094,-0.004294,-0.707094,-0.004294;;,
      19;4;-0.707094,-0.004294,-0.707094,-0.004294;;,
      20;4;-0.707094,-0.004294,-0.707094,-0.004294;;,
      21;4;-0.707094,-0.004294,-0.707094,-0.004294;;,
      22;4;-0.707094,-0.004294,-0.707094,-0.004294;;;
    }
    AnimationKey { // Scale
      1;
      23;
      0;3; 1.000000, 1.000000, 1.000000;;,
      1;3; 1.000000, 1.000000, 1.000000;;,
      2;3; 1.000000, 1.000000, 1.000000;;,
      3;3; 1.000000, 1.000000, 1.000000;;,
      4;3; 1.000000, 1.000000, 1.000000;;,
      5;3; 1.000000, 1.000000, 1.000000;;,
      6;3; 1.000000, 1.000000, 1.000000;;,
      7;3; 1.000000, 1.000000, 1.000000;;,
      8;3; 1.000000, 1.000000, 1.000000;;,
      9;3; 1.000000, 1.000000, 1.000000;;,
      10;3; 1.000000, 1.000000, 1.000000;;,
      11;3; 1.000000, 1.000000, 1.000000;;,
      12;3; 1.000000, 1.000000, 1.000000;;,
      13;3; 1.000000, 1.000000, 1.000000;;,
      14;3; 1.000000, 1.000000, 1.000000;;,
      15;3; 1.000000, 1.000000, 1.000000;;,
      16;3; 1.000000, 1.000000, 1.000000;;,
      17;3; 1.000000, 1.000000, 1.000000;;,
      18;3; 1.000000, 1.000000, 1.000000;;,
      19;3; 1.000000, 1.000000, 1.000000;;,
      20;3; 1.000000, 1.000000, 1.000000;;,
      21;3; 1.000000, 1.000000, 1.000000;;,
      22;3; 1.000000, 1.000000, 1.000000;;;
    }
    AnimationKey { // Position
      2;
      23;
      0;3;33.016682,-0.000009, 0.000000;;,
      1;3;32.832333, 0.002230, 0.000000;;,
      2;3;32.279240, 0.008948, 0.000000;;,
      3;3;31.356379, 0.020158, 0.000001;;,
      4;3;30.141939, 0.034911, 0.000001;;,
      5;3;28.823393, 0.050928, 0.000000;;,
      6;3;27.644449, 0.065247,-0.000000;;,
      7;3;26.804539, 0.075449,-0.000000;;,
      8;3;26.367250, 0.080763, 0.000000;;,
      9;3;26.234709, 0.082372, 0.000002;;,
      10;3;26.223923, 0.082503, 0.000001;;,
      11;3;26.507776, 0.079054,-0.000000;;,
      12;3;28.983593, 0.048982, 0.000000;;,
      13;3;33.016670,-0.000010, 0.000000;;,
      14;3;36.655415,-0.044209, 0.000001;;,
      15;3;38.740108,-0.069532, 0.000001;;,
      16;3;38.974445,-0.072381, 0.000001;;,
      17;3;38.913624,-0.071640, 0.000001;;,
      18;3;38.298134,-0.064164, 0.000001;;,
      19;3;36.792477,-0.045875, 0.000001;;,
      20;3;34.917309,-0.023096, 0.000000;;,
      21;3;33.514778,-0.006060, 0.000001;;,
      22;3;33.016682,-0.000009, 0.000000;;;
    }
  }
  Animation {
    {Armature_TopBodyCTRL}
    AnimationKey { // Rotation
      0;
      23;
      0;4;-0.707094,-0.004294,-0.707094,-0.004294;;,
      1;4;-0.707094,-0.004294,-0.707094,-0.004294;;,
      2;4;-0.707094,-0.004294,-0.707094,-0.004294;;,
      3;4;-0.707094,-0.004294,-0.707094,-0.004294;;,
      4;4;-0.707094,-0.004294,-0.707094,-0.004294;;,
      5;4;-0.707094,-0.004294,-0.707094,-0.004294;;,
      6;4;-0.707094,-0.004294,-0.707094,-0.004294;;,
      7;4;-0.707094,-0.004294,-0.707094,-0.004294;;,
      8;4;-0.707094,-0.004294,-0.707094,-0.004294;;,
      9;4;-0.707094,-0.004294,-0.707094,-0.004294;;,
      10;4;-0.707094,-0.004294,-0.707094,-0.004294;;,
      11;4;-0.707094,-0.004294,-0.707094,-0.004294;;,
      12;4;-0.707094,-0.004294,-0.707094,-0.004294;;,
      13;4;-0.707094,-0.004294,-0.707094,-0.004294;;,
      14;4;-0.707094,-0.004294,-0.707094,-0.004294;;,
      15;4;-0.707094,-0.004294,-0.707094,-0.004294;;,
      16;4;-0.707094,-0.004294,-0.707094,-0.004294;;,
      17;4;-0.707094,-0.004294,-0.707094,-0.004294;;,
      18;4;-0.707094,-0.004294,-0.707094,-0.004294;;,
      19;4;-0.707094,-0.004294,-0.707094,-0.004294;;,
      20;4;-0.707094,-0.004294,-0.707094,-0.004294;;,
      21;4;-0.707094,-0.004294,-0.707094,-0.004294;;,
      22;4;-0.707094,-0.004294,-0.707094,-0.004294;;;
    }
    AnimationKey { // Scale
      1;
      23;
      0;3; 1.000000, 1.000000, 1.000000;;,
      1;3; 1.000000, 1.000000, 1.000000;;,
      2;3; 1.000000, 1.000000, 1.000000;;,
      3;3; 1.000000, 1.000000, 1.000000;;,
      4;3; 1.000000, 1.000000, 1.000000;;,
      5;3; 1.000000, 1.000000, 1.000000;;,
      6;3; 1.000000, 1.000000, 1.000000;;,
      7;3; 1.000000, 1.000000, 1.000000;;,
      8;3; 1.000000, 1.000000, 1.000000;;,
      9;3; 1.000000, 1.000000, 1.000000;;,
      10;3; 1.000000, 1.000000, 1.000000;;,
      11;3; 1.000000, 1.000000, 1.000000;;,
      12;3; 1.000000, 1.000000, 1.000000;;,
      13;3; 1.000000, 1.000000, 1.000000;;,
      14;3; 1.000000, 1.000000, 1.000000;;,
      15;3; 1.000000, 1.000000, 1.000000;;,
      16;3; 1.000000, 1.000000, 1.000000;;,
      17;3; 1.000000, 1.000000, 1.000000;;,
      18;3; 1.000000, 1.000000, 1.000000;;,
      19;3; 1.000000, 1.000000, 1.000000;;,
      20;3; 1.000000, 1.000000, 1.000000;;,
      21;3; 1.000000, 1.000000, 1.000000;;,
      22;3; 1.000000, 1.000000, 1.000000;;;
    }
    AnimationKey { // Position
      2;
      23;
      0;3;-32.294041, 0.813624,-0.000000;;,
      1;3;-32.082367, 0.811053,-0.000000;;,
      2;3;-31.464046, 0.803541,-0.000001;;,
      3;3;-30.466707, 0.791427,-0.000001;;,
      4;3;-29.191589, 0.775939,-0.000000;;,
      5;3;-27.836538, 0.759479,-0.000001;;,
      6;3;-26.643225, 0.744982, 0.000000;;,
      7;3;-25.801994, 0.734762,-0.000002;;,
      8;3;-25.367027, 0.729479, 0.000000;;,
      9;3;-25.235826, 0.727884, 0.000001;;,
      10;3;-25.225119, 0.727755, 0.000001;;,
      11;3;-25.506538, 0.731173, 0.000000;;,
      12;3;-27.999943, 0.761463, 0.000000;;,
      13;3;-32.294025, 0.813623,-0.000000;;,
      14;3;-36.886097, 0.869406,-0.000000;;,
      15;3;-39.674976, 0.903285,-0.000001;;,
      16;3;-39.993835, 0.907154,-0.000001;;,
      17;3;-39.910847, 0.906149,-0.000001;;,
      18;3;-39.077225, 0.896020,-0.000002;;,
      19;3;-37.066975, 0.871602,-0.000000;;,
      20;3;-34.628757, 0.841984,-0.000001;;,
      21;3;-32.883469, 0.820783,-0.000000;;,
      22;3;-32.294041, 0.813624,-0.000000;;;
    }
  }
  Animation {
    {Armature_LeftBodyCTRL}
    AnimationKey { // Rotation
      0;
      23;
      0;4;-0.707094,-0.004294,-0.707094,-0.004294;;,
      1;4;-0.707094,-0.004294,-0.707094,-0.004294;;,
      2;4;-0.707094,-0.004294,-0.707094,-0.004294;;,
      3;4;-0.707094,-0.004294,-0.707094,-0.004294;;,
      4;4;-0.707094,-0.004294,-0.707094,-0.004294;;,
      5;4;-0.707094,-0.004294,-0.707094,-0.004294;;,
      6;4;-0.707094,-0.004294,-0.707094,-0.004294;;,
      7;4;-0.707094,-0.004294,-0.707094,-0.004294;;,
      8;4;-0.707094,-0.004294,-0.707094,-0.004294;;,
      9;4;-0.707094,-0.004294,-0.707094,-0.004294;;,
      10;4;-0.707094,-0.004294,-0.707094,-0.004294;;,
      11;4;-0.707094,-0.004294,-0.707094,-0.004294;;,
      12;4;-0.707094,-0.004294,-0.707094,-0.004294;;,
      13;4;-0.707094,-0.004294,-0.707094,-0.004294;;,
      14;4;-0.707094,-0.004294,-0.707094,-0.004294;;,
      15;4;-0.707094,-0.004294,-0.707094,-0.004294;;,
      16;4;-0.707094,-0.004294,-0.707094,-0.004294;;,
      17;4;-0.707094,-0.004294,-0.707094,-0.004294;;,
      18;4;-0.707094,-0.004294,-0.707094,-0.004294;;,
      19;4;-0.707094,-0.004294,-0.707094,-0.004294;;,
      20;4;-0.707094,-0.004294,-0.707094,-0.004294;;,
      21;4;-0.707094,-0.004294,-0.707094,-0.004294;;,
      22;4;-0.707094,-0.004294,-0.707094,-0.004294;;;
    }
    AnimationKey { // Scale
      1;
      23;
      0;3; 1.000000, 1.000000, 1.000000;;,
      1;3; 1.000000, 1.000000, 1.000000;;,
      2;3; 1.000000, 1.000000, 1.000000;;,
      3;3; 1.000000, 1.000000, 1.000000;;,
      4;3; 1.000000, 1.000000, 1.000000;;,
      5;3; 1.000000, 1.000000, 1.000000;;,
      6;3; 1.000000, 1.000000, 1.000000;;,
      7;3; 1.000000, 1.000000, 1.000000;;,
      8;3; 1.000000, 1.000000, 1.000000;;,
      9;3; 1.000000, 1.000000, 1.000000;;,
      10;3; 1.000000, 1.000000, 1.000000;;,
      11;3; 1.000000, 1.000000, 1.000000;;,
      12;3; 1.000000, 1.000000, 1.000000;;,
      13;3; 1.000000, 1.000000, 1.000000;;,
      14;3; 1.000000, 1.000000, 1.000000;;,
      15;3; 1.000000, 1.000000, 1.000000;;,
      16;3; 1.000000, 1.000000, 1.000000;;,
      17;3; 1.000000, 1.000000, 1.000000;;,
      18;3; 1.000000, 1.000000, 1.000000;;,
      19;3; 1.000000, 1.000000, 1.000000;;,
      20;3; 1.000000, 1.000000, 1.000000;;,
      21;3; 1.000000, 1.000000, 1.000000;;,
      22;3; 1.000000, 1.000000, 1.000000;;;
    }
    AnimationKey { // Position
      2;
      23;
      0;3;-0.598620,-0.008506,33.650475;;,
      1;3;-0.598639,-0.008506,33.407303;;,
      2;3;-0.598629,-0.008506,32.712807;;,
      3;3;-0.598644,-0.008508,31.626221;;,
      4;3;-0.598625,-0.008508,30.274651;;,
      5;3;-0.598621,-0.008506,28.868811;;,
      6;3;-0.598615,-0.008507,27.650120;;,
      7;3;-0.598636,-0.008507,26.800533;;,
      8;3;-0.598619,-0.008508,26.364668;;,
      9;3;-0.598640,-0.008508,26.233818;;,
      10;3;-0.598622,-0.008508,26.223179;;,
      11;3;-0.598618,-0.008509,26.504175;;,
      12;3;-0.598624,-0.008506,29.036993;;,
      13;3;-0.598614,-0.008507,33.650471;;,
      14;3;-0.598649,-0.008506,39.318802;;,
      15;3;-0.598607,-0.008506,42.897961;;,
      16;3;-0.598616,-0.008506,43.311501;;,
      17;3;-0.598611,-0.008506,43.203739;;,
      18;3;-0.598624,-0.008506,42.125515;;,
      19;3;-0.598615,-0.008507,39.549011;;,
      20;3;-0.598611,-0.008507,36.477318;;,
      21;3;-0.598614,-0.008507,34.344265;;,
      22;3;-0.598620,-0.008506,33.650475;;;
    }
  }
  Animation {
    {Armature_RightBodyCTRL}
    AnimationKey { // Rotation
      0;
      23;
      0;4;-0.004290, 0.707094,-0.004294, 0.707094;;,
      1;4;-0.004290, 0.707094,-0.004294, 0.707094;;,
      2;4;-0.004290, 0.707094,-0.004294, 0.707094;;,
      3;4;-0.004290, 0.707094,-0.004294, 0.707094;;,
      4;4;-0.004290, 0.707094,-0.004294, 0.707094;;,
      5;4;-0.004290, 0.707094,-0.004294, 0.707094;;,
      6;4;-0.004290, 0.707094,-0.004294, 0.707094;;,
      7;4;-0.004290, 0.707094,-0.004294, 0.707094;;,
      8;4;-0.004290, 0.707094,-0.004294, 0.707094;;,
      9;4;-0.004290, 0.707094,-0.004294, 0.707094;;,
      10;4;-0.004290, 0.707094,-0.004294, 0.707094;;,
      11;4;-0.004290, 0.707094,-0.004294, 0.707094;;,
      12;4;-0.004290, 0.707094,-0.004294, 0.707094;;,
      13;4;-0.004290, 0.707094,-0.004294, 0.707094;;,
      14;4;-0.004290, 0.707094,-0.004294, 0.707094;;,
      15;4;-0.004290, 0.707094,-0.004294, 0.707094;;,
      16;4;-0.004290, 0.707094,-0.004294, 0.707094;;,
      17;4;-0.004290, 0.707094,-0.004294, 0.707094;;,
      18;4;-0.004290, 0.707094,-0.004294, 0.707094;;,
      19;4;-0.004290, 0.707094,-0.004294, 0.707094;;,
      20;4;-0.004290, 0.707094,-0.004294, 0.707094;;,
      21;4;-0.004290, 0.707094,-0.004294, 0.707094;;,
      22;4;-0.004290, 0.707094,-0.004294, 0.707094;;;
    }
    AnimationKey { // Scale
      1;
      23;
      0;3; 1.001021, 1.000000, 1.000000;;,
      1;3; 1.001020, 1.000000, 1.000000;;,
      2;3; 1.001021, 1.000000, 1.000000;;,
      3;3; 1.001021, 1.000000, 1.000000;;,
      4;3; 1.001021, 1.000000, 1.000000;;,
      5;3; 1.001021, 1.000000, 1.000000;;,
      6;3; 1.001021, 1.000000, 1.000000;;,
      7;3; 1.001021, 1.000000, 1.000000;;,
      8;3; 1.001021, 1.000000, 1.000000;;,
      9;3; 1.001021, 1.000000, 1.000000;;,
      10;3; 1.001020, 1.000000, 1.000000;;,
      11;3; 1.001021, 1.000000, 1.000000;;,
      12;3; 1.001021, 1.000000, 1.000000;;,
      13;3; 1.001021, 1.000000, 1.000000;;,
      14;3; 1.001021, 1.000000, 1.000000;;,
