xof 0303txt 0032

Frame Root {
  FrameTransformMatrix {
     1.000000, 0.000000, 0.000000, 0.000000,
     0.000000,-0.000000,-1.000000, 0.000000,
     0.000000, 1.000000,-0.000000, 0.000000,
     0.000000, 0.000000, 0.000000, 1.000000;;
  }
  Frame Armature {
    FrameTransformMatrix {
       0.010000, 0.000000, 0.000000, 0.000000,
       0.000000,-0.000000, 0.010000, 0.000000,
       0.000000,-0.010000,-0.000000, 0.000000,
       0.000000, 0.000000, 0.000000, 1.000000;;
    }
    Frame Armature_mixamorig_Hips {
      FrameTransformMatrix {
         0.977794, 0.116880, 0.173949, 0.000000,
        -0.167197, 0.935501, 0.311260, 0.000000,
        -0.126349,-0.333432, 0.934269, 0.000000,
        -2.363312,29.266031,-7.222034, 1.000000;;
      }
      Frame Armature_mixamorig_LeftUpLeg {
        FrameTransformMatrix {
          -0.962309,-0.039808, 0.269031, 0.000000,
           0.255176,-0.474308, 0.842566, 0.000000,
           0.094062, 0.879459, 0.466588, 0.000000,
          10.875100,-4.789502, 1.555902, 1.000000;;
        }
        Frame Armature_mixamorig_LeftLeg {
          FrameTransformMatrix {
             0.995812, 0.013216, 0.090460, 0.000000,
             0.013263,-0.999912, 0.000084, 0.000000,
             0.090454, 0.001116,-0.995900, 0.000000,
            -0.000000,14.866001,-0.000002, 1.000000;;
          }
          Frame Armature_mixamorig_LeftFoot {
            FrameTransformMatrix {
               0.954598, 0.081821, 0.286439, 0.000000,
              -0.122151,-0.769476, 0.626886, 0.000000,
               0.271701,-0.633413,-0.724546, 0.000000,
               0.000001, 6.184702, 0.000001, 1.000000;;
            }
            Frame Armature_mixamorig_LeftToeBase {
              FrameTransformMatrix {
                 0.987456, 0.002286, 0.157878, 0.000000,
                -0.100326, 0.781187, 0.616184, 0.000000,
                -0.121924,-0.624294, 0.771617, 0.000000,
                -0.000002,13.216908,-0.000000, 1.000000;;
              }
              Frame Armature_mixamorig_LeftToe_End {
                FrameTransformMatrix {
                   1.000000,-0.000000,-0.000000, 0.000000,
                   0.000000, 1.000000, 0.000000, 0.000000,
                   0.000000, 0.000000, 1.000000, 0.000000,
                   0.000001, 5.788506, 0.000000, 1.000000;;
                }
              } // End of Armature_mixamorig_LeftToe_End
            } // End of Armature_mixamorig_LeftToeBase
          } // End of Armature_mixamorig_LeftFoot
        } // End of Armature_mixamorig_LeftLeg
      } // End of Armature_mixamorig_LeftUpLeg
      Frame Armature_mixamorig_RightUpLeg {
        FrameTransformMatrix {
          -0.998325,-0.039371,-0.042377, 0.000000,
          -0.001776,-0.711407, 0.702778, 0.000000,
          -0.057817, 0.701676, 0.710146, 0.000000,
          -10.875101,-4.789505, 0.850102, 1.000000;;
        }
        Frame Armature_mixamorig_RightLeg {
          FrameTransformMatrix {
             0.941440,-0.065755, 0.330706, 0.000000,
             0.208882,-0.656191,-0.725108, 0.000000,
             0.264686, 0.751725,-0.604029, 0.000000,
             0.000000,18.547503, 0.000001, 1.000000;;
          }
          Frame Armature_mixamorig_RightFoot {
            FrameTransformMatrix {
               0.979939, 0.179392,-0.086818, 0.000000,
               0.197799,-0.822135, 0.533825, 0.000000,
               0.024388,-0.540289,-0.841126, 0.000000,
              -0.000000,12.489806, 0.000000, 1.000000;;
            }
            Frame Armature_mixamorig_RightToeBase {
              FrameTransformMatrix {
                 0.936691,-0.025340,-0.349238, 0.000000,
                 0.281057, 0.649279, 0.706713, 0.000000,
                 0.208844,-0.760128, 0.615296, 0.000000,
                 0.000000,13.166506, 0.000000, 1.000000;;
              }
              Frame Armature_mixamorig_RightToe_End {
                FrameTransformMatrix {
                   1.000000,-0.000000, 0.000000, 0.000000,
                   0.000000, 1.000000, 0.000000, 0.000000,
                  -0.000000,-0.000000, 1.000000, 0.000000,
                  -0.000001, 6.107002,-0.000000, 1.000000;;
                }
              } // End of Armature_mixamorig_RightToe_End
            } // End of Armature_mixamorig_RightToeBase
          } // End of Armature_mixamorig_RightFoot
        } // End of Armature_mixamorig_RightLeg
      } // End of Armature_mixamorig_RightUpLeg
      Frame Armature_mixamorig_Spine {
        FrameTransformMatrix {
           0.990952,-0.111916,-0.074086, 0.000000,
           0.133827, 0.865904, 0.481976, 0.000000,
           0.010210,-0.487530, 0.873047, 0.000000,
          -0.000000, 8.576898, 0.088302, 1.000000;;
        }
        Frame Armature_mixamorig_Spine1 {
          FrameTransformMatrix {
             0.999427,-0.010542,-0.032157, 0.000000,
             0.011704, 0.999277, 0.036182, 0.000000,
             0.031752,-0.036537, 0.998828, 0.000000,
             0.000000,10.006902,-0.000000, 1.000000;;
          }
          Frame Armature_mixamorig_Spine2 {
            FrameTransformMatrix {
               0.999388,-0.012120,-0.032820, 0.000000,
               0.013296, 0.999269, 0.035839, 0.000000,
               0.032362,-0.036253, 0.998818, 0.000000,
               0.000000,11.436499,-0.000000, 1.000000;;
            }
            Frame Armature_mixamorig_LeftShoulder {
              FrameTransformMatrix {
                -0.162017, 0.081670,-0.983402, 0.000000,
                 0.978732, 0.140383,-0.149589, 0.000000,
                 0.125836,-0.986723,-0.102678, 0.000000,
                 7.649899,15.424207,-0.027894, 1.000000;;
              }
              Frame Armature_mixamorig_LeftArm {
                FrameTransformMatrix {
                   0.948443, 0.233418, 0.214412, 0.000000,
                  -0.247172, 0.121254, 0.961355, 0.000000,
                   0.198399,-0.964787, 0.172697, 0.000000,
                  -0.000002,16.032505,-0.000002, 1.000000;;
                }
                Frame Armature_mixamorig_LeftForeArm {
                  FrameTransformMatrix {
                    -0.199820,-0.000534, 0.979832, 0.000000,
                    -0.794373, 0.585517,-0.161680, 0.000000,
                    -0.573623,-0.810660,-0.117422, 0.000000,
                     0.000002,29.518997,-0.000005, 1.000000;;
                  }
                  Frame Armature_mixamorig_LeftHand {
                    FrameTransformMatrix {
                      -0.451378, 0.425014,-0.784615, 0.000000,
                       0.045192, 0.889045, 0.455584, 0.000000,
                       0.891188, 0.170183,-0.420503, 0.000000,
                       0.000002,18.002501, 0.000001, 1.000000;;
                    }
                    Frame Armature_mixamorig_LeftHandIndex1 {
                      FrameTransformMatrix {
                         0.828296, 0.530772, 0.179461, 0.000000,
                        -0.551114, 0.714078, 0.431701, 0.000000,
                         0.100986,-0.456480, 0.883984, 0.000000,
                         0.000002, 9.685101, 0.103497, 1.000000;;
                      }
                      Frame Armature_mixamorig_LeftHandIndex2 {
                        FrameTransformMatrix {
                           0.950184, 0.301791, 0.077921, 0.000000,
                          -0.296994, 0.800781, 0.520138, 0.000000,
                           0.094575,-0.517369, 0.850520, 0.000000,
                           0.593802, 5.291202, 0.000001, 1.000000;;
                        }
                        Frame Armature_mixamorig_LeftHandIndex3 {
                          FrameTransformMatrix {
                             0.999759,-0.015602,-0.015429, 0.000000,
                             0.017182, 0.993978, 0.108221, 0.000000,
                             0.013647,-0.108460, 0.994007, 0.000000,
                            -0.257699, 4.660695,-0.000004, 1.000000;;
                          }
                          Frame Armature_mixamorig_LeftHandIndex4 {
                            FrameTransformMatrix {
                               1.000000, 0.000000, 0.000000, 0.000000,
                              -0.000000, 1.000000, 0.000000, 0.000000,
                              -0.000000,-0.000000, 1.000000, 0.000000,
                              -0.336099, 3.119900,-0.000001, 1.000000;;
                            }
                          } // End of Armature_mixamorig_LeftHandIndex4
                        } // End of Armature_mixamorig_LeftHandIndex3
                      } // End of Armature_mixamorig_LeftHandIndex2
                    } // End of Armature_mixamorig_LeftHandIndex1
                    Frame Armature_mixamorig_LeftHandThumb1 {
                      FrameTransformMatrix {
                         0.773421, 0.629423,-0.075146, 0.000000,
                        -0.632620, 0.773934,-0.028610, 0.000000,
                         0.040150, 0.069666, 0.996762, 0.000000,
                        -3.734800, 4.018997,-0.000000, 1.000000;;
                      }
                      Frame Armature_mixamorig_LeftHandThumb2 {
                        FrameTransformMatrix {
                           0.835713,-0.517547,-0.183654, 0.000000,
                           0.549076, 0.793526, 0.262357, 0.000000,
                           0.009952,-0.320095, 0.947333, 0.000000,
                           0.608906, 4.346703, 0.000001, 1.000000;;
                        }
                        Frame Armature_mixamorig_LeftHandThumb3 {
                          FrameTransformMatrix {
                             0.462731, 0.552395,-0.693354, 0.000000,
                            -0.373060, 0.830839, 0.412957, 0.000000,
                             0.804181, 0.067575, 0.590531, 0.000000,
                            -1.309707, 4.552701, 0.000003, 1.000000;;
                          }
                          Frame Armature_mixamorig_LeftHandThumb4 {
                            FrameTransformMatrix {
                               1.000000, 0.000000,-0.000000, 0.000000,
                              -0.000000, 1.000000, 0.000000, 0.000000,
                               0.000000,-0.000000, 1.000000, 0.000000,
                               0.700803, 3.268998, 0.000001, 1.000000;;
                            }
                          } // End of Armature_mixamorig_LeftHandThumb4
                        } // End of Armature_mixamorig_LeftHandThumb3
                      } // End of Armature_mixamorig_LeftHandThumb2
                    } // End of Armature_mixamorig_LeftHandThumb1
                  } // End of Armature_mixamorig_LeftHand
                } // End of Armature_mixamorig_LeftForeArm
              } // End of Armature_mixamorig_LeftArm
            } // End of Armature_mixamorig_LeftShoulder
            Frame Armature_mixamorig_Neck {
              FrameTransformMatrix {
                 0.999574,-0.018265,-0.022770, 0.000000,
                 0.013516, 0.980994,-0.193564, 0.000000,
                 0.025873, 0.193173, 0.980823, 0.000000,
                 0.000000,12.866000, 0.000005, 1.000000;;
              }
              Frame Armature_mixamorig_Head {
                FrameTransformMatrix {
                   0.993772,-0.061389, 0.093002, 0.000000,
                   0.096051, 0.895015,-0.435572, 0.000000,
                  -0.056498, 0.441792, 0.895337, 0.000000,
                  -0.000000, 9.790709, 0.891201, 1.000000;;
                }
                Frame Armature_mixamorig_HeadTop_End {
                  FrameTransformMatrix {
                     1.000000, 0.000000, 0.000000, 0.000000,
                    -0.000000, 1.000000,-0.000000, 0.000000,
                     0.000000, 0.000000, 1.000000, 0.000000,
                     0.000000,38.809307, 3.532797, 1.000000;;
                  }
                } // End of Armature_mixamorig_HeadTop_End
              } // End of Armature_mixamorig_Head
            } // End of Armature_mixamorig_Neck
            Frame Armature_mixamorig_RightShoulder {
              FrameTransformMatrix {
                 0.207090, 0.002201, 0.978319, 0.000000,
                -0.868486, 0.460777, 0.182804, 0.000000,
                -0.450384,-0.887513, 0.097334, 0.000000,
                -7.649900,15.424299,-0.024692, 1.000000;;
              }
              Frame Armature_mixamorig_RightArm {
                FrameTransformMatrix {
                   0.869197, 0.125325,-0.478321, 0.000000,
                   0.449660, 0.202034, 0.870050, 0.000000,
                   0.205676,-0.971327, 0.119254, 0.000000,
                  -0.000002,16.032499,-0.000003, 1.000000;;
                }
                Frame Armature_mixamorig_RightForeArm {
                  FrameTransformMatrix {
                    -0.102209, 0.088392,-0.990828, 0.000000,
                     0.987944, 0.125442,-0.090721, 0.000000,
                     0.116272,-0.988155,-0.100147, 0.000000,
                    -0.000002,29.514996,-0.000001, 1.000000;;
                  }
                  Frame Armature_mixamorig_RightHand {
                    FrameTransformMatrix {
                      -0.422563,-0.308392, 0.852253, 0.000000,
                      -0.143176, 0.951237, 0.273221, 0.000000,
                      -0.894953,-0.006569,-0.446112, 0.000000,
                      -0.000000,17.998901,-0.000002, 1.000000;;
                    }
                    Frame Armature_mixamorig_RightHandIndex1 {
                      FrameTransformMatrix {
                         0.887603,-0.408821,-0.212193, 0.000000,
                         0.409611, 0.489886, 0.769565, 0.000000,
                        -0.210663,-0.769985, 0.602282, 0.000000,
                        -0.000001,10.367401, 0.072202, 1.000000;;
                      }
                      Frame Armature_mixamorig_RightHandIndex2 {
                        FrameTransformMatrix {
                           0.771318,-0.588727,-0.241803, 0.000000,
                           0.528726, 0.381234, 0.758359, 0.000000,
                          -0.354283,-0.712784, 0.605328, 0.000000,
                           0.220799, 5.278700, 0.000002, 1.000000;;
                        }
                        Frame Armature_mixamorig_RightHandIndex3 {
                          FrameTransformMatrix {
                             0.812838,-0.514156,-0.273748, 0.000000,
                             0.528748, 0.454121, 0.717077, 0.000000,
                            -0.244374,-0.727611, 0.640986, 0.000000,
                             0.056097, 4.373304,-0.000002, 1.000000;;
                          }
                          Frame Armature_mixamorig_RightHandIndex4 {
                            FrameTransformMatrix {
                               1.000000,-0.000000,-0.000000, 0.000000,
                               0.000000, 1.000000, 0.000000, 0.000000,
                               0.000000,-0.000000, 1.000000, 0.000000,
                              -0.276896, 2.801300, 0.000003, 1.000000;;
                            }
                          } // End of Armature_mixamorig_RightHandIndex4
                        } // End of Armature_mixamorig_RightHandIndex3
                      } // End of Armature_mixamorig_RightHandIndex2
                    } // End of Armature_mixamorig_RightHandIndex1
                    Frame Armature_mixamorig_RightHandThumb1 {
                      FrameTransformMatrix {
                         0.805699,-0.559607,-0.194135, 0.000000,
                         0.504525, 0.476649, 0.719903, 0.000000,
                        -0.310329,-0.677972, 0.666371, 0.000000,
                         3.870502, 3.728002, 0.000004, 1.000000;;
                      }
                      Frame Armature_mixamorig_RightHandThumb2 {
                        FrameTransformMatrix {
                           0.833895, 0.497140, 0.239730, 0.000000,
                          -0.437939, 0.860348,-0.260788, 0.000000,
                          -0.335899, 0.112483, 0.935157, 0.000000,
                          -0.775103, 4.228703, 0.000001, 1.000000;;
                        }
                        Frame Armature_mixamorig_RightHandThumb3 {
                          FrameTransformMatrix {
                             0.960847,-0.043466,-0.273650, 0.000000,
                             0.018677, 0.995533,-0.092549, 0.000000,
                             0.276450, 0.083814, 0.957366, 0.000000,
                             1.262097, 4.811304,-0.000003, 1.000000;;
                          }
                          Frame Armature_mixamorig_RightHandThumb4 {
                            FrameTransformMatrix {
                               1.000000, 0.000000, 0.000000, 0.000000,
                              -0.000000, 1.000000,-0.000000, 0.000000,
                              -0.000000, 0.000000, 1.000000, 0.000000,
                              -0.486899, 3.520807,-0.000003, 1.000000;;
                            }
                          } // End of Armature_mixamorig_RightHandThumb4
                        } // End of Armature_mixamorig_RightHandThumb3
                      } // End of Armature_mixamorig_RightHandThumb2
                    } // End of Armature_mixamorig_RightHandThumb1
                  } // End of Armature_mixamorig_RightHand
                } // End of Armature_mixamorig_RightForeArm
              } // End of Armature_mixamorig_RightArm
            } // End of Armature_mixamorig_RightShoulder
          } // End of Armature_mixamorig_Spine2
        } // End of Armature_mixamorig_Spine1
      } // End of Armature_mixamorig_Spine
    } // End of Armature_mixamorig_Hips
  } // End of Armature
} // End of Root
AnimationSet Global {
  Animation {
    {Armature}
    AnimationKey { // Rotation
      0;
      79;
      0;4;-0.707107, 0.707107, 0.000000, 0.000000;;,
      1;4;-0.707107, 0.707107, 0.000000, 0.000000;;,
      2;4;-0.707107, 0.707107, 0.000000, 0.000000;;,
      3;4;-0.707107, 0.707107, 0.000000, 0.000000;;,
      4;4;-0.707107, 0.707107, 0.000000, 0.000000;;,
      5;4;-0.707107, 0.707107, 0.000000, 0.000000;;,
      6;4;-0.707107, 0.707107, 0.000000, 0.000000;;,
      7;4;-0.707107, 0.707107, 0.000000, 0.000000;;,
      8;4;-0.707107, 0.707107, 0.000000, 0.000000;;,
      9;4;-0.707107, 0.707107, 0.000000, 0.000000;;,
      10;4;-0.707107, 0.707107, 0.000000, 0.000000;;,
      11;4;-0.707107, 0.707107, 0.000000, 0.000000;;,
      12;4;-0.707107, 0.707107, 0.000000, 0.000000;;,
      13;4;-0.707107, 0.707107, 0.000000, 0.000000;;,
      14;4;-0.707107, 0.707107, 0.000000, 0.000000;;,
      15;4;-0.707107, 0.707107, 0.000000, 0.000000;;,
      16;4;-0.707107, 0.707107, 0.000000, 0.000000;;,
      17;4;-0.707107, 0.707107, 0.000000, 0.000000;;,
      18;4;-0.707107, 0.707107, 0.000000, 0.000000;;,
      19;4;-0.707107, 0.707107, 0.000000, 0.000000;;,
      20;4;-0.707107, 0.707107, 0.000000, 0.000000;;,
      21;4;-0.707107, 0.707107, 0.000000, 0.000000;;,
      22;4;-0.707107, 0.707107, 0.000000, 0.000000;;,
      23;4;-0.707107, 0.707107, 0.000000, 0.000000;;,
      24;4;-0.707107, 0.707107, 0.000000, 0.000000;;,
      25;4;-0.707107, 0.707107, 0.000000, 0.000000;;,
      26;4;-0.707107, 0.707107, 0.000000, 0.000000;;,
      27;4;-0.707107, 0.707107, 0.000000, 0.000000;;,
      28;4;-0.707107, 0.707107, 0.000000, 0.000000;;,
      29;4;-0.707107, 0.707107, 0.000000, 0.000000;;,
      30;4;-0.707107, 0.707107, 0.000000, 0.000000;;,
      31;4;-0.707107, 0.707107, 0.000000, 0.000000;;,
      32;4;-0.707107, 0.707107, 0.000000, 0.000000;;,
      33;4;-0.707107, 0.707107, 0.000000, 0.000000;;,
      34;4;-0.707107, 0.707107, 0.000000, 0.000000;;,
      35;4;-0.707107, 0.707107, 0.000000, 0.000000;;,
      36;4;-0.707107, 0.707107, 0.000000, 0.000000;;,
      37;4;-0.707107, 0.707107, 0.000000, 0.000000;;,
      38;4;-0.707107, 0.707107, 0.000000, 0.000000;;,
      39;4;-0.707107, 0.707107, 0.000000, 0.000000;;,
      40;4;-0.707107, 0.707107, 0.000000, 0.000000;;,
      41;4;-0.707107, 0.707107, 0.000000, 0.000000;;,
      42;4;-0.707107, 0.707107, 0.000000, 0.000000;;,
      43;4;-0.707107, 0.707107, 0.000000, 0.000000;;,
      44;4;-0.707107, 0.707107, 0.000000, 0.000000;;,
      45;4;-0.707107, 0.707107, 0.000000, 0.000000;;,
      46;4;-0.707107, 0.707107, 0.000000, 0.000000;;,
      47;4;-0.707107, 0.707107, 0.000000, 0.000000;;,
      48;4;-0.707107, 0.707107, 0.000000, 0.000000;;,
      49;4;-0.707107, 0.707107, 0.000000, 0.000000;;,
      50;4;-0.707107, 0.707107, 0.000000, 0.000000;;,
      51;4;-0.707107, 0.707107, 0.000000, 0.000000;;,
      52;4;-0.707107, 0.707107, 0.000000, 0.000000;;,
      53;4;-0.707107, 0.707107, 0.000000, 0.000000;;,
      54;4;-0.707107, 0.707107, 0.000000, 0.000000;;,
      55;4;-0.707107, 0.707107, 0.000000, 0.000000;;,
      56;4;-0.707107, 0.707107, 0.000000, 0.000000;;,
      57;4;-0.707107, 0.707107, 0.000000, 0.000000;;,
      58;4;-0.707107, 0.707107, 0.000000, 0.000000;;,
      59;4;-0.707107, 0.707107, 0.000000, 0.000000;;,
      60;4;-0.707107, 0.707107, 0.000000, 0.000000;;,
      61;4;-0.707107, 0.707107, 0.000000, 0.000000;;,
      62;4;-0.707107, 0.707107, 0.000000, 0.000000;;,
      63;4;-0.707107, 0.707107, 0.000000, 0.000000;;,
      64;4;-0.707107, 0.707107, 0.000000, 0.000000;;,
      65;4;-0.707107, 0.707107, 0.000000, 0.000000;;,
      66;4;-0.707107, 0.707107, 0.000000, 0.000000;;,
      67;4;-0.707107, 0.707107, 0.000000, 0.000000;;,
      68;4;-0.707107, 0.707107, 0.000000, 0.000000;;,
      69;4;-0.707107, 0.707107, 0.000000, 0.000000;;,
      70;4;-0.707107, 0.707107, 0.000000, 0.000000;;,
      71;4;-0.707107, 0.707107, 0.000000, 0.000000;;,
      72;4;-0.707107, 0.707107, 0.000000, 0.000000;;,
      73;4;-0.707107, 0.707107, 0.000000, 0.000000;;,
      74;4;-0.707107, 0.707107, 0.000000, 0.000000;;,
      75;4;-0.707107, 0.707107, 0.000000, 0.000000;;,
      76;4;-0.707107, 0.707107, 0.000000, 0.000000;;,
      77;4;-0.707107, 0.707107, 0.000000, 0.000000;;,
      78;4;-0.707107, 0.707107, 0.000000, 0.000000;;;
    }
    AnimationKey { // Scale
      1;
      79;
      0;3; 0.010000, 0.010000, 0.010000;;,
      1;3; 0.010000, 0.010000, 0.010000;;,
      2;3; 0.010000, 0.010000, 0.010000;;,
      3;3; 0.010000, 0.010000, 0.010000;;,
      4;3; 0.010000, 0.010000, 0.010000;;,
      5;3; 0.010000, 0.010000, 0.010000;;,
      6;3; 0.010000, 0.010000, 0.010000;;,
      7;3; 0.010000, 0.010000, 0.010000;;,
      8;3; 0.010000, 0.010000, 0.010000;;,
      9;3; 0.010000, 0.010000, 0.010000;;,
      10;3; 0.010000, 0.010000, 0.010000;;,
      11;3; 0.010000, 0.010000, 0.010000;;,
      12;3; 0.010000, 0.010000, 0.010000;;,
      13;3; 0.010000, 0.010000, 0.010000;;,
      14;3; 0.010000, 0.010000, 0.010000;;,
      15;3; 0.010000, 0.010000, 0.010000;;,
      16;3; 0.010000, 0.010000, 0.010000;;,
      17;3; 0.010000, 0.010000, 0.010000;;,
      18;3; 0.010000, 0.010000, 0.010000;;,
      19;3; 0.010000, 0.010000, 0.010000;;,
      20;3; 0.010000, 0.010000, 0.010000;;,
      21;3; 0.010000, 0.010000, 0.010000;;,
      22;3; 0.010000, 0.010000, 0.010000;;,
      23;3; 0.010000, 0.010000, 0.010000;;,
      24;3; 0.010000, 0.010000, 0.010000;;,
      25;3; 0.010000, 0.010000, 0.010000;;,
      26;3; 0.010000, 0.010000, 0.010000;;,
      27;3; 0.010000, 0.010000, 0.010000;;,
      28;3; 0.010000, 0.010000, 0.010000;;,
      29;3; 0.010000, 0.010000, 0.010000;;,
      30;3; 0.010000, 0.010000, 0.010000;;,
      31;3; 0.010000, 0.010000, 0.010000;;,
      32;3; 0.010000, 0.010000, 0.010000;;,
      33;3; 0.010000, 0.010000, 0.010000;;,
      34;3; 0.010000, 0.010000, 0.010000;;,
      35;3; 0.010000, 0.010000, 0.010000;;,
      36;3; 0.010000, 0.010000, 0.010000;;,
      37;3; 0.010000, 0.010000, 0.010000;;,
      38;3; 0.010000, 0.010000, 0.010000;;,
      39;3; 0.010000, 0.010000, 0.010000;;,
      40;3; 0.010000, 0.010000, 0.010000;;,
      41;3; 0.010000, 0.010000, 0.010000;;,
      42;3; 0.010000, 0.010000, 0.010000;;,
      43;3; 0.010000, 0.010000, 0.010000;;,
      44;3; 0.010000, 0.010000, 0.010000;;,
      45;3; 0.010000, 0.010000, 0.010000;;,
      46;3; 0.010000, 0.010000, 0.010000;;,
      47;3; 0.010000, 0.010000, 0.010000;;,
      48;3; 0.010000, 0.010000, 0.010000;;,
      49;3; 0.010000, 0.010000, 0.010000;;,
      50;3; 0.010000, 0.010000, 0.010000;;,
      51;3; 0.010000, 0.010000, 0.010000;;,
      52;3; 0.010000, 0.010000, 0.010000;;,
      53;3; 0.010000, 0.010000, 0.010000;;,
      54;3; 0.010000, 0.010000, 0.010000;;,
      55;3; 0.010000, 0.010000, 0.010000;;,
      56;3; 0.010000, 0.010000, 0.010000;;,
      57;3; 0.010000, 0.010000, 0.010000;;,
      58;3; 0.010000, 0.010000, 0.010000;;,
      59;3; 0.010000, 0.010000, 0.010000;;,
      60;3; 0.010000, 0.010000, 0.010000;;,
      61;3; 0.010000, 0.010000, 0.010000;;,
      62;3; 0.010000, 0.010000, 0.010000;;,
      63;3; 0.010000, 0.010000, 0.010000;;,
      64;3; 0.010000, 0.010000, 0.010000;;,
      65;3; 0.010000, 0.010000, 0.010000;;,
      66;3; 0.010000, 0.010000, 0.010000;;,
      67;3; 0.010000, 0.010000, 0.010000;;,
      68;3; 0.010000, 0.010000, 0.010000;;,
      69;3; 0.010000, 0.010000, 0.010000;;,
      70;3; 0.010000, 0.010000, 0.010000;;,
      71;3; 0.010000, 0.010000, 0.010000;;,
      72;3; 0.010000, 0.010000, 0.010000;;,
      73;3; 0.010000, 0.010000, 0.010000;;,
      74;3; 0.010000, 0.010000, 0.010000;;,
      75;3; 0.010000, 0.010000, 0.010000;;,
      76;3; 0.010000, 0.010000, 0.010000;;,
      77;3; 0.010000, 0.010000, 0.010000;;,
      78;3; 0.010000, 0.010000, 0.010000;;;
    }
    AnimationKey { // Position
      2;
      79;
      0;3; 0.000000, 0.000000, 0.000000;;,
      1;3; 0.000000, 0.000000, 0.000000;;,
      2;3; 0.000000, 0.000000, 0.000000;;,
      3;3; 0.000000, 0.000000, 0.000000;;,
      4;3; 0.000000, 0.000000, 0.000000;;,
      5;3; 0.000000, 0.000000, 0.000000;;,
      6;3; 0.000000, 0.000000, 0.000000;;,
      7;3; 0.000000, 0.000000, 0.000000;;,
      8;3; 0.000000, 0.000000, 0.000000;;,
      9;3; 0.000000, 0.000000, 0.000000;;,
      10;3; 0.000000, 0.000000, 0.000000;;,
      11;3; 0.000000, 0.000000, 0.000000;;,
      12;3; 0.000000, 0.000000, 0.000000;;,
      13;3; 0.000000, 0.000000, 0.000000;;,
      14;3; 0.000000, 0.000000, 0.000000;;,
      15;3; 0.000000, 0.000000, 0.000000;;,
      16;3; 0.000000, 0.000000, 0.000000;;,
      17;3; 0.000000, 0.000000, 0.000000;;,
      18;3; 0.000000, 0.000000, 0.000000;;,
      19;3; 0.000000, 0.000000, 0.000000;;,
      20;3; 0.000000, 0.000000, 0.000000;;,
      21;3; 0.000000, 0.000000, 0.000000;;,
      22;3; 0.000000, 0.000000, 0.000000;;,
      23;3; 0.000000, 0.000000, 0.000000;;,
      24;3; 0.000000, 0.000000, 0.000000;;,
      25;3; 0.000000, 0.000000, 0.000000;;,
      26;3; 0.000000, 0.000000, 0.000000;;,
      27;3; 0.000000, 0.000000, 0.000000;;,
      28;3; 0.000000, 0.000000, 0.000000;;,
      29;3; 0.000000, 0.000000, 0.000000;;,
      30;3; 0.000000, 0.000000, 0.000000;;,
      31;3; 0.000000, 0.000000, 0.000000;;,
      32;3; 0.000000, 0.000000, 0.000000;;,
      33;3; 0.000000, 0.000000, 0.000000;;,
      34;3; 0.000000, 0.000000, 0.000000;;,
      35;3; 0.000000, 0.000000, 0.000000;;,
      36;3; 0.000000, 0.000000, 0.000000;;,
      37;3; 0.000000, 0.000000, 0.000000;;,
      38;3; 0.000000, 0.000000, 0.000000;;,
      39;3; 0.000000, 0.000000, 0.000000;;,
      40;3; 0.000000, 0.000000, 0.000000;;,
      41;3; 0.000000, 0.000000, 0.000000;;,
      42;3; 0.000000, 0.000000, 0.000000;;,
      43;3; 0.000000, 0.000000, 0.000000;;,
      44;3; 0.000000, 0.000000, 0.000000;;,
      45;3; 0.000000, 0.000000, 0.000000;;,
      46;3; 0.000000, 0.000000, 0.000000;;,
      47;3; 0.000000, 0.000000, 0.000000;;,
      48;3; 0.000000, 0.000000, 0.000000;;,
      49;3; 0.000000, 0.000000, 0.000000;;,
      50;3; 0.000000, 0.000000, 0.000000;;,
      51;3; 0.000000, 0.000000, 0.000000;;,
      52;3; 0.000000, 0.000000, 0.000000;;,
      53;3; 0.000000, 0.000000, 0.000000;;,
      54;3; 0.000000, 0.000000, 0.000000;;,
      55;3; 0.000000, 0.000000, 0.000000;;,
      56;3; 0.000000, 0.000000, 0.000000;;,
      57;3; 0.000000, 0.000000, 0.000000;;,
      58;3; 0.000000, 0.000000, 0.000000;;,
      59;3; 0.000000, 0.000000, 0.000000;;,
      60;3; 0.000000, 0.000000, 0.000000;;,
      61;3; 0.000000, 0.000000, 0.000000;;,
      62;3; 0.000000, 0.000000, 0.000000;;,
      63;3; 0.000000, 0.000000, 0.000000;;,
      64;3; 0.000000, 0.000000, 0.000000;;,
      65;3; 0.000000, 0.000000, 0.000000;;,
      66;3; 0.000000, 0.000000, 0.000000;;,
      67;3; 0.000000, 0.000000, 0.000000;;,
      68;3; 0.000000, 0.000000, 0.000000;;,
      69;3; 0.000000, 0.000000, 0.000000;;,
      70;3; 0.000000, 0.000000, 0.000000;;,
      71;3; 0.000000, 0.000000, 0.000000;;,
      72;3; 0.000000, 0.000000, 0.000000;;,
      73;3; 0.000000, 0.000000, 0.000000;;,
      74;3; 0.000000, 0.000000, 0.000000;;,
      75;3; 0.000000, 0.000000, 0.000000;;,
      76;3; 0.000000, 0.000000, 0.000000;;,
      77;3; 0.000000, 0.000000, 0.000000;;,
      78;3; 0.000000, 0.000000, 0.000000;;;
    }
  }
  Animation {
    {Armature_mixamorig_Hips}
    AnimationKey { // Rotation
      0;
      79;
      0;4;-0.980760, 0.164335,-0.076547, 0.072413;;,
      1;4;-0.977906, 0.146663,-0.132073, 0.068898;;,
      2;4;-0.969501, 0.131077,-0.193066, 0.074913;;,
      3;4;-0.955513, 0.111140,-0.259469, 0.085546;;,
      4;4;-0.933173, 0.085030,-0.334504, 0.100324;;,
      5;4;-0.900825, 0.059070,-0.415034, 0.113013;;,
      6;4;-0.855109, 0.038652,-0.503414, 0.117765;;,
      7;4;-0.807185, 0.024607,-0.578770, 0.113454;;,
      8;4;-0.755241, 0.017570,-0.647210, 0.102089;;,
      9;4;-0.701023, 0.016447,-0.707837, 0.085224;;,
      10;4;-0.638304, 0.029571,-0.764767, 0.082608;;,
      11;4;-0.566308, 0.048035,-0.817025, 0.097249;;,
      12;4;-0.496399, 0.061216,-0.858766, 0.111184;;,
      13;4;-0.443106, 0.055536,-0.888388, 0.106487;;,
      14;4;-0.388294, 0.042007,-0.915433, 0.097191;;,
      15;4;-0.333544, 0.029156,-0.937893, 0.090861;;,
      16;4;-0.282684, 0.026058,-0.954864, 0.087441;;,
      17;4;-0.226810, 0.028779,-0.970518, 0.076318;;,
      18;4;-0.167398, 0.035295,-0.983379, 0.060805;;,
      19;4;-0.108196, 0.045643,-0.991803, 0.050363;;,
      20;4;-0.043351, 0.058477,-0.996350, 0.044593;;,
      21;4; 0.035297, 0.071011,-0.995968, 0.041935;;,
      22;4; 0.119997, 0.078765,-0.988818, 0.040456;;,
      23;4; 0.211471, 0.083528,-0.972811, 0.044066;;,
      24;4; 0.308568, 0.085645,-0.946433, 0.041407;;,
      25;4; 0.403405, 0.092212,-0.909726, 0.034060;;,
      26;4; 0.503597, 0.098814,-0.858110, 0.016542;;,
      27;4; 0.605992, 0.100838,-0.788991,-0.009928;;,
      28;4; 0.696618, 0.084470,-0.711778,-0.030976;;,
      29;4; 0.770684, 0.067799,-0.631490,-0.051677;;,
      30;4; 0.831304, 0.055444,-0.548777,-0.068585;;,
      31;4; 0.875797, 0.043677,-0.474757,-0.075356;;,
      32;4; 0.905555, 0.031947,-0.416049,-0.076497;;,
      33;4; 0.926449, 0.020037,-0.367994,-0.076628;;,
      34;4; 0.940050, 0.008629,-0.332714,-0.074379;;,
      35;4; 0.953661,-0.003415,-0.293182,-0.067549;;,
      36;4; 0.967902,-0.015031,-0.246331,-0.047555;;,
      37;4; 0.977379,-0.024114,-0.207672,-0.031960;;,
      38;4; 0.981403,-0.031756,-0.188295,-0.019593;;,
      39;4; 0.983070,-0.040931,-0.177215,-0.022185;;,
      40;4; 0.985532,-0.054101,-0.157970,-0.029067;;,
      41;4; 0.988093,-0.068172,-0.132283,-0.039069;;,
      42;4; 0.991457,-0.077791,-0.089094,-0.054986;;,
      43;4; 0.992984,-0.086147,-0.034153,-0.073453;;,
      44;4; 0.991011,-0.093340, 0.025618,-0.092350;;,
      45;4; 0.985065,-0.099092, 0.085015,-0.112251;;,
      46;4; 0.976757,-0.101620, 0.137295,-0.129496;;,
      47;4; 0.965994,-0.104388, 0.187668,-0.144013;;,
      48;4; 0.952227,-0.110879, 0.237745,-0.156357;;,
      49;4; 0.937536,-0.114576, 0.284257,-0.164611;;,
      50;4; 0.920998,-0.112753, 0.332860,-0.168090;;,
      51;4; 0.901970,-0.107069, 0.383569,-0.166917;;,
      52;4; 0.881202,-0.099556, 0.431938,-0.164319;;,
      53;4; 0.859622,-0.090651, 0.476273,-0.161231;;,
      54;4; 0.834616,-0.083998, 0.520896,-0.158200;;,
      55;4; 0.810555,-0.078185, 0.559593,-0.154088;;,
      56;4; 0.785877,-0.075442, 0.595094,-0.150228;;,
      57;4; 0.762845,-0.074009, 0.625552,-0.145859;;,
      58;4; 0.757069,-0.075033, 0.633928,-0.139109;;,
      59;4; 0.758251,-0.076774, 0.633911,-0.131598;;,
      60;4; 0.762832,-0.078491, 0.629779,-0.123717;;,
      61;4; 0.770509,-0.080470, 0.621868,-0.114543;;,
      62;4; 0.780690,-0.082280, 0.610866,-0.102939;;,
      63;4; 0.790641,-0.084023, 0.599289,-0.093168;;,
      64;4; 0.797948,-0.087909, 0.589068,-0.092464;;,
      65;4; 0.804040,-0.090987, 0.580223,-0.092641;;,
      66;4; 0.807575,-0.090923, 0.575408,-0.091980;;,
      67;4; 0.809222,-0.089368, 0.573777,-0.089179;;,
      68;4; 0.810108,-0.087216, 0.573423,-0.085467;;,
      69;4; 0.810510,-0.084702, 0.573841,-0.081272;;,
      70;4; 0.810712,-0.082058, 0.574527,-0.077021;;,
      71;4; 0.811005,-0.079519, 0.574976,-0.073142;;,
      72;4; 0.811206,-0.076951, 0.575451,-0.069862;;,
      73;4; 0.811377,-0.074534, 0.575882,-0.066867;;,
      74;4; 0.811526,-0.072166, 0.576299,-0.064014;;,
      75;4; 0.811662,-0.069755, 0.576715,-0.061144;;,
      76;4; 0.811797,-0.067209, 0.577142,-0.058094;;,
      77;4; 0.811936,-0.064430, 0.577594,-0.054710;;,
      78;4; 0.812082,-0.061328, 0.578082,-0.050827;;;
    }
    AnimationKey { // Scale
      1;
      79;
      0;3; 1.000000, 1.000000, 1.000000;;,
      1;3; 1.000000, 1.000000, 1.000000;;,
      2;3; 1.000000, 1.000000, 1.000000;;,
      3;3; 1.000000, 1.000000, 1.000000;;,
      4;3; 1.000000, 1.000000, 1.000000;;,
      5;3; 1.000000, 1.000000, 1.000000;;,
      6;3; 1.000000, 1.000000, 1.000000;;,
      7;3; 1.000000, 1.000000, 1.000000;;,
      8;3; 1.000000, 1.000000, 1.000000;;,
      9;3; 1.000000, 1.000000, 1.000000;;,
      10;3; 1.000000, 1.000000, 1.000000;;,
      11;3; 1.000000, 1.000000, 1.000000;;,
      12;3; 1.000000, 1.000000, 1.000000;;,
      13;3; 1.000000, 1.000000, 1.000000;;,
      14;3; 1.000000, 1.000000, 1.000000;;,
      15;3; 1.000000, 1.000000, 1.000000;;,
      16;3; 1.000000, 1.000000, 1.000000;;,
      17;3; 1.000000, 1.000000, 1.000000;;,
      18;3; 1.000000, 1.000000, 1.000000;;,
      19;3; 1.000000, 1.000000, 1.000000;;,
      20;3; 1.000000, 1.000000, 1.000000;;,
      21;3; 1.000000, 1.000000, 1.000000;;,
      22;3; 1.000000, 1.000000, 1.000000;;,
      23;3; 1.000000, 1.000000, 1.000000;;,
      24;3; 1.000000, 1.000000, 1.000000;;,
      25;3; 1.000000, 1.000000, 1.000000;;,
      26;3; 1.000000, 1.000000, 1.000000;;,
      27;3; 1.000000, 1.000000, 1.000000;;,
      28;3; 1.000000, 1.000000, 1.000000;;,
      29;3; 1.000000, 1.000000, 1.000000;;,
      30;3; 1.000000, 1.000000, 1.000000;;,
      31;3; 1.000000, 1.000000, 1.000000;;,
      32;3; 1.000000, 1.000000, 1.000000;;,
      33;3; 1.000000, 1.000000, 1.000000;;,
      34;3; 1.000000, 1.000000, 1.000000;;,
      35;3; 1.000000, 1.000000, 1.000000;;,
      36;3; 1.000000, 1.000000, 1.000000;;,
      37;3; 1.000000, 1.000000, 1.000000;;,
      38;3; 1.000000, 1.000000, 1.000000;;,
      39;3; 1.000000, 1.000000, 1.000000;;,
      40;3; 1.000000, 1.000000, 1.000000;;,
      41;3; 1.000000, 1.000000, 1.000000;;,
      42;3; 1.000000, 1.000000, 1.000000;;,
      43;3; 1.000000, 1.000000, 1.000000;;,
      44;3; 1.000000, 1.000000, 1.000000;;,
      45;3; 1.000000, 1.000000, 1.000000;;,
      46;3; 1.000000, 1.000000, 1.000000;;,
      47;3; 1.000000, 1.000000, 1.000000;;,
      48;3; 1.000000, 1.000000, 1.000000;;,
      49;3; 1.000000, 1.000000, 1.000000;;,
      50;3; 1.000000, 1.000000, 1.000000;;,
      51;3; 1.000000, 1.000000, 1.000000;;,
      52;3; 1.000000, 1.000000, 1.000000;;,
      53;3; 1.000000, 1.000000, 1.000000;;,
      54;3; 1.000000, 1.000000, 1.000000;;,
      55;3; 1.000000, 1.000000, 1.000000;;,
      56;3; 1.000000, 1.000000, 1.000000;;,
      57;3; 1.000000, 1.000000, 1.000000;;,
      58;3; 1.000000, 1.000000, 1.000000;;,
      59;3; 1.000000, 1.000000, 1.000000;;,
      60;3; 1.000000, 1.000000, 1.000000;;,
      61;3; 1.000000, 1.000000, 1.000000;;,
      62;3; 1.000000, 1.000000, 1.000000;;,
      63;3; 1.000000, 1.000000, 1.000000;;,
      64;3; 1.000000, 1.000000, 1.000000;;,
      65;3; 1.000000, 1.000000, 1.000000;;,
      66;3; 1.000000, 1.000000, 1.000000;;,
      67;3; 1.000000, 1.000000, 1.000000;;,
      68;3; 1.000000, 1.000000, 1.000000;;,
      69;3; 1.000000, 1.000000, 1.000000;;,
      70;3; 1.000000, 1.000000, 1.000000;;,
      71;3; 1.000000, 1.000000, 1.000000;;,
      72;3; 1.000000, 1.000000, 1.000000;;,
      73;3; 1.000000, 1.000000, 1.000000;;,
      74;3; 1.000000, 1.000000, 1.000000;;,
      75;3; 1.000000, 1.000000, 1.000000;;,
      76;3; 1.000000, 1.000000, 1.000000;;,
      77;3; 1.000000, 1.000000, 1.000000;;,
      78;3; 1.000000, 1.000000, 1.000000;;;
    }
    AnimationKey { // Position
      2;
      79;
      0;3;-2.363312,29.266031,-7.222034;;,
      1;3;-2.363312,29.266031,-7.222034;;,
      2;3;-2.363312,29.266031,-7.222034;;,
      3;3;-2.363312,29.266031,-7.222034;;,
      4;3;-2.363312,29.266031,-7.222034;;,
      5;3;-2.363312,29.266031,-7.222034;;,
      6;3;-2.363312,29.266031,-7.222034;;,
      7;3;-2.363312,29.266031,-7.222034;;,
      8;3;-2.363312,29.266031,-7.222034;;,
      9;3;-2.363312,29.266031,-7.222034;;,
      10;3;-2.363312,29.266031,-7.222034;;,
      11;3;-2.363312,29.266031,-7.222034;;,
      12;3;-2.363312,29.266031,-7.222034;;,
      13;3;-2.363312,29.266031,-7.222034;;,
      14;3;-2.363312,29.266031,-7.222034;;,
      15;3;-2.363312,29.266031,-7.222034;;,
      16;3;-2.363312,29.266031,-7.222034;;,
      17;3;-2.363312,29.266031,-7.222034;;,
      18;3;-2.363312,29.266031,-7.222034;;,
      19;3;-2.363312,29.266031,-7.222034;;,
      20;3;-2.363312,29.266031,-7.222034;;,
      21;3;-2.363312,29.266031,-7.222034;;,
      22;3;-2.363312,29.266031,-7.222034;;,
      23;3;-2.363312,29.266031,-7.222034;;,
      24;3;-2.363312,29.266031,-7.222034;;,
      25;3;-2.363312,29.266031,-7.222034;;,
      26;3;-2.363312,29.266031,-7.222034;;,
      27;3;-2.363312,29.266031,-7.222034;;,
      28;3;-2.363312,29.266031,-7.222034;;,
      29;3;-2.363312,29.266031,-7.222034;;,
      30;3;-2.363312,29.266031,-7.222034;;,
      31;3;-2.363312,29.266031,-7.222034;;,
      32;3;-2.363312,29.266031,-7.222034;;,
      33;3;-2.363312,29.266031,-7.222034;;,
      34;3;-2.363312,29.266031,-7.222034;;,
      35;3;-2.363312,29.266031,-7.222034;;,
      36;3;-2.363312,29.266031,-7.222034;;,
      37;3;-2.363312,29.266031,-7.222034;;,
      38;3;-2.363312,29.266031,-7.222034;;,
      39;3;-2.363312,29.266031,-7.222034;;,
      40;3;-2.363312,29.266031,-7.222034;;,
      41;3;-2.363312,29.266031,-7.222034;;,
      42;3;-2.363312,29.266031,-7.222034;;,
      43;3;-2.363312,29.266031,-7.222034;;,
      44;3;-2.363312,29.266031,-7.222034;;,
      45;3;-2.363312,29.266031,-7.222034;;,
      46;3;-2.363312,29.266031,-7.222034;;,
      47;3;-2.363312,29.266031,-7.222034;;,
      48;3;-2.363312,29.266031,-7.222034;;,
      49;3;-2.363312,29.266031,-7.222034;;,
      50;3;-2.363312,29.266031,-7.222034;;,
      51;3;-2.363312,29.266031,-7.222034;;,
      52;3;-2.363312,29.266031,-7.222034;;,
      53;3;-2.363312,29.266031,-7.222034;;,
      54;3;-2.363312,29.266031,-7.222034;;,
      55;3;-2.363312,29.266031,-7.222034;;,
      56;3;-2.363312,29.266031,-7.222034;;,
      57;3;-2.363312,29.266031,-7.222034;;,
      58;3;-2.363312,29.266031,-7.222034;;,
      59;3;-2.363312,29.266031,-7.222034;;,
      60;3;-2.363312,29.266031,-7.222034;;,
      61;3;-2.363312,29.266031,-7.222034;;,
      62;3;-2.363312,29.266031,-7.222034;;,
      63;3;-2.363312,29.266031,-7.222034;;,
      64;3;-2.363312,29.266031,-7.222034;;,
      65;3;-2.363312,29.266031,-7.222034;;,
