xof 0303txt 0032

Frame Root {
  FrameTransformMatrix {
     1.000000, 0.000000, 0.000000, 0.000000,
     0.000000,-0.000000,-1.000000, 0.000000,
     0.000000, 1.000000,-0.000000, 0.000000,
     0.000000, 0.000000, 0.000000, 1.000000;;
  }
  Frame Armature {
    FrameTransformMatrix {
       0.010000, 0.000000, 0.000000, 0.000000,
       0.000000,-0.000000, 0.010000, 0.000000,
       0.000000,-0.010000,-0.000000, 0.000000,
       0.000000, 0.000000, 0.000000, 1.000000;;
    }
    Frame Armature_mixamorig_Hips {
      FrameTransformMatrix {
         0.571936, 0.011669, 0.820215, 0.000000,
        -0.136505, 0.987311, 0.081140, 0.000000,
        -0.808861,-0.158370, 0.566271, 0.000000,
         0.551964,23.594078,-5.949063, 1.000000;;
      }
      Frame Armature_mixamorig_LeftUpLeg {
        FrameTransformMatrix {
          -0.434567,-0.201495, 0.877810, 0.000000,
           0.888512,-0.255319, 0.381258, 0.000000,
           0.147300, 0.945628, 0.289985, 0.000000,
          10.875100,-4.789502, 1.555900, 1.000000;;
        }
        Frame Armature_mixamorig_LeftLeg {
          FrameTransformMatrix {
             0.929121,-0.276532,-0.245487, 0.000000,
             0.010518, 0.683377,-0.729990, 0.000000,
             0.369625, 0.675667, 0.637849, 0.000000,
            -0.000001,14.866001,-0.000001, 1.000000;;
          }
          Frame Armature_mixamorig_LeftFoot {
            FrameTransformMatrix {
               0.862665,-0.413533, 0.291202, 0.000000,
               0.196715, 0.804753, 0.560068, 0.000000,
              -0.465953,-0.425867, 0.775580, 0.000000,
              -0.000001, 6.184702, 0.000000, 1.000000;;
            }
            Frame Armature_mixamorig_LeftToeBase {
              FrameTransformMatrix {
                 0.997839,-0.032832,-0.056907, 0.000000,
                 0.063295, 0.712573, 0.698737, 0.000000,
                 0.017610,-0.700829, 0.713112, 0.000000,
                 0.000001,13.216906, 0.000002, 1.000000;;
              }
              Frame Armature_mixamorig_LeftToe_End {
                FrameTransformMatrix {
                   1.000000, 0.000000,-0.000000, 0.000000,
                  -0.000000, 1.000000, 0.000000, 0.000000,
                   0.000000,-0.000000, 1.000000, 0.000000,
                  -0.000001, 5.788507, 0.000000, 1.000000;;
                }
              } // End of Armature_mixamorig_LeftToe_End
            } // End of Armature_mixamorig_LeftToeBase
          } // End of Armature_mixamorig_LeftFoot
        } // End of Armature_mixamorig_LeftLeg
      } // End of Armature_mixamorig_LeftUpLeg
      Frame Armature_mixamorig_RightUpLeg {
        FrameTransformMatrix {
          -0.541517, 0.623497,-0.563924, 0.000000,
          -0.833724,-0.484461, 0.264957, 0.000000,
          -0.107999, 0.613635, 0.782168, 0.000000,
          -10.875101,-4.789501, 0.850100, 1.000000;;
        }
        Frame Armature_mixamorig_RightLeg {
          FrameTransformMatrix {
             0.955467, 0.258292,-0.142715, 0.000000,
             0.061813,-0.648067,-0.759071, 0.000000,
            -0.288551, 0.716446,-0.635172, 0.000000,
             0.000001,18.547503, 0.000000, 1.000000;;
          }
          Frame Armature_mixamorig_RightFoot {
            FrameTransformMatrix {
               0.951787, 0.103991, 0.288596, 0.000000,
              -0.117744,-0.744884, 0.656723, 0.000000,
               0.283264,-0.659040,-0.696726, 0.000000,
              -0.000004,12.489806, 0.000001, 1.000000;;
            }
            Frame Armature_mixamorig_RightToeBase {
              FrameTransformMatrix {
                 0.966264, 0.001289,-0.257550, 0.000000,
                 0.172809, 0.738236, 0.652031, 0.000000,
                 0.190973,-0.674541, 0.713108, 0.000000,
                 0.000000,13.166505, 0.000001, 1.000000;;
              }
              Frame Armature_mixamorig_RightToe_End {
                FrameTransformMatrix {
                   1.000000,-0.000000, 0.000000, 0.000000,
                   0.000000, 1.000000, 0.000000, 0.000000,
                  -0.000000,-0.000000, 1.000000, 0.000000,
                   0.000001, 6.107007,-0.000000, 1.000000;;
                }
              } // End of Armature_mixamorig_RightToe_End
            } // End of Armature_mixamorig_RightToeBase
          } // End of Armature_mixamorig_RightFoot
        } // End of Armature_mixamorig_RightLeg
      } // End of Armature_mixamorig_RightUpLeg
      Frame Armature_mixamorig_Spine {
        FrameTransformMatrix {
           0.994324,-0.073732,-0.076708, 0.000000,
           0.083687, 0.987180, 0.135910, 0.000000,
           0.065704,-0.141558, 0.987747, 0.000000,
          -0.000000, 8.576900, 0.088300, 1.000000;;
        }
        Frame Armature_mixamorig_Spine1 {
          FrameTransformMatrix {
             0.998870, 0.040834,-0.024332, 0.000000,
            -0.040299, 0.998943, 0.022096, 0.000000,
             0.025209,-0.021091, 0.999460, 0.000000,
             0.000000,10.006897,-0.000001, 1.000000;;
          }
          Frame Armature_mixamorig_Spine2 {
            FrameTransformMatrix {
               0.999575, 0.018169,-0.022784, 0.000000,
              -0.018081, 0.999828, 0.004066, 0.000000,
               0.022854,-0.003652, 0.999732, 0.000000,
               0.000000,11.436502, 0.000000, 1.000000;;
            }
            Frame Armature_mixamorig_LeftShoulder {
              FrameTransformMatrix {
                 0.168325,-0.041307,-0.984866, 0.000000,
                 0.928475, 0.342201, 0.144335, 0.000000,
                 0.331060,-0.938718, 0.095954, 0.000000,
                 7.649900,15.424217,-0.027904, 1.000000;;
              }
              Frame Armature_mixamorig_LeftArm {
                FrameTransformMatrix {
                   0.954457, 0.244302, 0.171257, 0.000000,
                  -0.246053, 0.319922, 0.914936, 0.000000,
                   0.168732,-0.915405, 0.365463, 0.000000,
                  -0.000001,16.032495, 0.000000, 1.000000;;
                }
                Frame Armature_mixamorig_LeftForeArm {
                  FrameTransformMatrix {
                    -0.060550,-0.424239, 0.903524, 0.000000,
                    -0.995216,-0.043869,-0.087293, 0.000000,
                     0.076670,-0.904487,-0.419554, 0.000000,
                    -0.000001,29.518993,-0.000002, 1.000000;;
                  }
                  Frame Armature_mixamorig_LeftHand {
                    FrameTransformMatrix {
                      -0.459367, 0.037262,-0.887465, 0.000000,
                       0.046296, 0.998766, 0.017972, 0.000000,
                       0.887040,-0.032830,-0.460525, 0.000000,
                      -0.000002,18.002508, 0.000003, 1.000000;;
                    }
                    Frame Armature_mixamorig_LeftHandIndex1 {
                      FrameTransformMatrix {
                         0.559707, 0.684320, 0.467370, 0.000000,
                        -0.686085, 0.066346, 0.724490, 0.000000,
                         0.464775,-0.726158, 0.506635, 0.000000,
                        -0.000000, 9.685101, 0.103501, 1.000000;;
                      }
                      Frame Armature_mixamorig_LeftHandIndex2 {
                        FrameTransformMatrix {
                           0.848420, 0.478211, 0.226934, 0.000000,
                          -0.465207, 0.469120, 0.750672, 0.000000,
                           0.252521,-0.742456, 0.620477, 0.000000,
                           0.593800, 5.291206,-0.000002, 1.000000;;
                        }
                        Frame Armature_mixamorig_LeftHandIndex3 {
                          FrameTransformMatrix {
                             0.820259, 0.537206, 0.196431, 0.000000,
                            -0.443197, 0.379814, 0.811984, 0.000000,
                             0.361595,-0.753095, 0.549634, 0.000000,
                            -0.257701, 4.660694,-0.000000, 1.000000;;
                          }
                          Frame Armature_mixamorig_LeftHandIndex4 {
                            FrameTransformMatrix {
                               1.000000, 0.000000,-0.000000, 0.000000,
                              -0.000000, 1.000000, 0.000000, 0.000000,
                              -0.000000,-0.000000, 1.000000, 0.000000,
                              -0.336102, 3.119905,-0.000002, 1.000000;;
                            }
                          } // End of Armature_mixamorig_LeftHandIndex4
                        } // End of Armature_mixamorig_LeftHandIndex3
                      } // End of Armature_mixamorig_LeftHandIndex2
                    } // End of Armature_mixamorig_LeftHandIndex1
                    Frame Armature_mixamorig_LeftHandThumb1 {
                      FrameTransformMatrix {
                         0.578717, 0.806641, 0.120068, 0.000000,
                        -0.792393, 0.521354, 0.316707, 0.000000,
                         0.192871,-0.278425, 0.940893, 0.000000,
                        -3.734803, 4.018997, 0.000007, 1.000000;;
                      }
                      Frame Armature_mixamorig_LeftHandThumb2 {
                        FrameTransformMatrix {
                           0.734642,-0.629087,-0.254069, 0.000000,
                           0.659388, 0.750198, 0.049100, 0.000000,
                           0.159714,-0.203601, 0.965939, 0.000000,
                           0.608904, 4.346702,-0.000009, 1.000000;;
                        }
                        Frame Armature_mixamorig_LeftHandThumb3 {
                          FrameTransformMatrix {
                             0.499157, 0.619821,-0.605529, 0.000000,
                            -0.122541, 0.742282, 0.658787, 0.000000,
                             0.857803,-0.254636, 0.446469, 0.000000,
                            -1.309703, 4.552698,-0.000002, 1.000000;;
                          }
                          Frame Armature_mixamorig_LeftHandThumb4 {
                            FrameTransformMatrix {
                               1.000000, 0.000000,-0.000000, 0.000000,
                              -0.000000, 1.000000, 0.000000, 0.000000,
                               0.000000,-0.000000, 1.000000, 0.000000,
                               0.700799, 3.268999, 0.000001, 1.000000;;
                            }
                          } // End of Armature_mixamorig_LeftHandThumb4
                        } // End of Armature_mixamorig_LeftHandThumb3
                      } // End of Armature_mixamorig_LeftHandThumb2
                    } // End of Armature_mixamorig_LeftHandThumb1
                  } // End of Armature_mixamorig_LeftHand
                } // End of Armature_mixamorig_LeftForeArm
              } // End of Armature_mixamorig_LeftArm
            } // End of Armature_mixamorig_LeftShoulder
            Frame Armature_mixamorig_Neck {
              FrameTransformMatrix {
                 0.985070,-0.034616,-0.168641, 0.000000,
                 0.027001, 0.998519,-0.047243, 0.000000,
                 0.170026, 0.041984, 0.984545, 0.000000,
                 0.000000,12.866008,-0.000003, 1.000000;;
              }
              Frame Armature_mixamorig_Head {
                FrameTransformMatrix {
                   0.912383,-0.112643,-0.393533, 0.000000,
                   0.079625, 0.991866,-0.099302, 0.000000,
                   0.401518, 0.059267, 0.913932, 0.000000,
                   0.000000, 9.790700, 0.891201, 1.000000;;
                }
                Frame Armature_mixamorig_HeadTop_End {
                  FrameTransformMatrix {
                     1.000000,-0.000000, 0.000000, 0.000000,
                     0.000000, 1.000000,-0.000000, 0.000000,
                    -0.000000,-0.000000, 1.000000, 0.000000,
                    -0.000001,38.809303, 3.532803, 1.000000;;
                  }
                } // End of Armature_mixamorig_HeadTop_End
              } // End of Armature_mixamorig_Head
            } // End of Armature_mixamorig_Neck
            Frame Armature_mixamorig_RightShoulder {
              FrameTransformMatrix {
                -0.334286, 0.120569, 0.934728, 0.000000,
                -0.882130, 0.309145,-0.355352, 0.000000,
                -0.331811,-0.943341, 0.003015, 0.000000,
                -7.649901,15.424306,-0.024704, 1.000000;;
              }
              Frame Armature_mixamorig_RightArm {
                FrameTransformMatrix {
                   0.994778,-0.096820, 0.032298, 0.000000,
                  -0.006998, 0.250998, 0.967962, 0.000000,
                  -0.101825,-0.963133, 0.249010, 0.000000,
                  -0.000002,16.032501,-0.000003, 1.000000;;
                }
                Frame Armature_mixamorig_RightForeArm {
                  FrameTransformMatrix {
                    -0.015576,-0.014811,-0.999769, 0.000000,
                     0.963813, 0.265903,-0.018955, 0.000000,
                     0.266122,-0.963886, 0.010133, 0.000000,
                    -0.000001,29.514997, 0.000003, 1.000000;;
                  }
                  Frame Armature_mixamorig_RightHand {
                    FrameTransformMatrix {
                      -0.414630,-0.479142, 0.773631, 0.000000,
                      -0.108117, 0.870070, 0.480925, 0.000000,
                      -0.903545, 0.115763,-0.412560, 0.000000,
                       0.000002,17.998905, 0.000000, 1.000000;;
                    }
                    Frame Armature_mixamorig_RightHandIndex1 {
                      FrameTransformMatrix {
                         0.887687,-0.408548,-0.212370, 0.000000,
                         0.409575, 0.489870, 0.769595, 0.000000,
                        -0.210383,-0.770140, 0.602182, 0.000000,
                         0.000002,10.367393, 0.072198, 1.000000;;
                      }
                      Frame Armature_mixamorig_RightHandIndex2 {
                        FrameTransformMatrix {
                           0.771318,-0.588727,-0.241803, 0.000000,
                           0.528726, 0.381234, 0.758359, 0.000000,
                          -0.354283,-0.712784, 0.605328, 0.000000,
                           0.220799, 5.278705,-0.000001, 1.000000;;
                        }
                        Frame Armature_mixamorig_RightHandIndex3 {
                          FrameTransformMatrix {
                             0.812838,-0.514156,-0.273747, 0.000000,
                             0.528748, 0.454121, 0.717077, 0.000000,
                            -0.244375,-0.727611, 0.640986, 0.000000,
                             0.056099, 4.373291,-0.000002, 1.000000;;
                          }
                          Frame Armature_mixamorig_RightHandIndex4 {
                            FrameTransformMatrix {
                               1.000000,-0.000000,-0.000000, 0.000000,
                               0.000000, 1.000000, 0.000000, 0.000000,
                               0.000000,-0.000000, 1.000000, 0.000000,
                              -0.276900, 2.801295, 0.000003, 1.000000;;
                            }
                          } // End of Armature_mixamorig_RightHandIndex4
                        } // End of Armature_mixamorig_RightHandIndex3
                      } // End of Armature_mixamorig_RightHandIndex2
                    } // End of Armature_mixamorig_RightHandIndex1
                    Frame Armature_mixamorig_RightHandThumb1 {
                      FrameTransformMatrix {
                         0.805699,-0.559607,-0.194136, 0.000000,
                         0.504524, 0.476649, 0.719903, 0.000000,
                        -0.310329,-0.677971, 0.666371, 0.000000,
                         3.870502, 3.727996, 0.000000, 1.000000;;
                      }
                      Frame Armature_mixamorig_RightHandThumb2 {
                        FrameTransformMatrix {
                           0.833895, 0.497140, 0.239730, 0.000000,
                          -0.437939, 0.860348,-0.260788, 0.000000,
                          -0.335899, 0.112483, 0.935157, 0.000000,
                          -0.775102, 4.228703,-0.000003, 1.000000;;
                        }
                        Frame Armature_mixamorig_RightHandThumb3 {
                          FrameTransformMatrix {
                             0.960847,-0.043466,-0.273650, 0.000000,
                             0.018677, 0.995533,-0.092549, 0.000000,
                             0.276450, 0.083814, 0.957366, 0.000000,
                             1.262098, 4.811303,-0.000008, 1.000000;;
                          }
                          Frame Armature_mixamorig_RightHandThumb4 {
                            FrameTransformMatrix {
                               1.000000, 0.000000,-0.000000, 0.000000,
                              -0.000000, 1.000000,-0.000000, 0.000000,
                               0.000000, 0.000000, 1.000000, 0.000000,
                              -0.486900, 3.520805,-0.000002, 1.000000;;
                            }
                          } // End of Armature_mixamorig_RightHandThumb4
                        } // End of Armature_mixamorig_RightHandThumb3
                      } // End of Armature_mixamorig_RightHandThumb2
                    } // End of Armature_mixamorig_RightHandThumb1
                  } // End of Armature_mixamorig_RightHand
                } // End of Armature_mixamorig_RightForeArm
              } // End of Armature_mixamorig_RightArm
            } // End of Armature_mixamorig_RightShoulder
          } // End of Armature_mixamorig_Spine2
        } // End of Armature_mixamorig_Spine1
      } // End of Armature_mixamorig_Spine
    } // End of Armature_mixamorig_Hips
  } // End of Armature
} // End of Root
AnimationSet Global {
  Animation {
    {Armature}
    AnimationKey { // Rotation
      0;
      101;
      0;4;-0.707107, 0.707107, 0.000000, 0.000000;;,
      1;4;-0.707107, 0.707107, 0.000000, 0.000000;;,
      2;4;-0.707107, 0.707107, 0.000000, 0.000000;;,
      3;4;-0.707107, 0.707107, 0.000000, 0.000000;;,
      4;4;-0.707107, 0.707107, 0.000000, 0.000000;;,
      5;4;-0.707107, 0.707107, 0.000000, 0.000000;;,
      6;4;-0.707107, 0.707107, 0.000000, 0.000000;;,
      7;4;-0.707107, 0.707107, 0.000000, 0.000000;;,
      8;4;-0.707107, 0.707107, 0.000000, 0.000000;;,
      9;4;-0.707107, 0.707107, 0.000000, 0.000000;;,
      10;4;-0.707107, 0.707107, 0.000000, 0.000000;;,
      11;4;-0.707107, 0.707107, 0.000000, 0.000000;;,
      12;4;-0.707107, 0.707107, 0.000000, 0.000000;;,
      13;4;-0.707107, 0.707107, 0.000000, 0.000000;;,
      14;4;-0.707107, 0.707107, 0.000000, 0.000000;;,
      15;4;-0.707107, 0.707107, 0.000000, 0.000000;;,
      16;4;-0.707107, 0.707107, 0.000000, 0.000000;;,
      17;4;-0.707107, 0.707107, 0.000000, 0.000000;;,
      18;4;-0.707107, 0.707107, 0.000000, 0.000000;;,
      19;4;-0.707107, 0.707107, 0.000000, 0.000000;;,
      20;4;-0.707107, 0.707107, 0.000000, 0.000000;;,
      21;4;-0.707107, 0.707107, 0.000000, 0.000000;;,
      22;4;-0.707107, 0.707107, 0.000000, 0.000000;;,
      23;4;-0.707107, 0.707107, 0.000000, 0.000000;;,
      24;4;-0.707107, 0.707107, 0.000000, 0.000000;;,
      25;4;-0.707107, 0.707107, 0.000000, 0.000000;;,
      26;4;-0.707107, 0.707107, 0.000000, 0.000000;;,
      27;4;-0.707107, 0.707107, 0.000000, 0.000000;;,
      28;4;-0.707107, 0.707107, 0.000000, 0.000000;;,
      29;4;-0.707107, 0.707107, 0.000000, 0.000000;;,
      30;4;-0.707107, 0.707107, 0.000000, 0.000000;;,
      31;4;-0.707107, 0.707107, 0.000000, 0.000000;;,
      32;4;-0.707107, 0.707107, 0.000000, 0.000000;;,
      33;4;-0.707107, 0.707107, 0.000000, 0.000000;;,
      34;4;-0.707107, 0.707107, 0.000000, 0.000000;;,
      35;4;-0.707107, 0.707107, 0.000000, 0.000000;;,
      36;4;-0.707107, 0.707107, 0.000000, 0.000000;;,
      37;4;-0.707107, 0.707107, 0.000000, 0.000000;;,
      38;4;-0.707107, 0.707107, 0.000000, 0.000000;;,
      39;4;-0.707107, 0.707107, 0.000000, 0.000000;;,
      40;4;-0.707107, 0.707107, 0.000000, 0.000000;;,
      41;4;-0.707107, 0.707107, 0.000000, 0.000000;;,
      42;4;-0.707107, 0.707107, 0.000000, 0.000000;;,
      43;4;-0.707107, 0.707107, 0.000000, 0.000000;;,
      44;4;-0.707107, 0.707107, 0.000000, 0.000000;;,
      45;4;-0.707107, 0.707107, 0.000000, 0.000000;;,
      46;4;-0.707107, 0.707107, 0.000000, 0.000000;;,
      47;4;-0.707107, 0.707107, 0.000000, 0.000000;;,
      48;4;-0.707107, 0.707107, 0.000000, 0.000000;;,
      49;4;-0.707107, 0.707107, 0.000000, 0.000000;;,
      50;4;-0.707107, 0.707107, 0.000000, 0.000000;;,
      51;4;-0.707107, 0.707107, 0.000000, 0.000000;;,
      52;4;-0.707107, 0.707107, 0.000000, 0.000000;;,
      53;4;-0.707107, 0.707107, 0.000000, 0.000000;;,
      54;4;-0.707107, 0.707107, 0.000000, 0.000000;;,
      55;4;-0.707107, 0.707107, 0.000000, 0.000000;;,
      56;4;-0.707107, 0.707107, 0.000000, 0.000000;;,
      57;4;-0.707107, 0.707107, 0.000000, 0.000000;;,
      58;4;-0.707107, 0.707107, 0.000000, 0.000000;;,
      59;4;-0.707107, 0.707107, 0.000000, 0.000000;;,
      60;4;-0.707107, 0.707107, 0.000000, 0.000000;;,
      61;4;-0.707107, 0.707107, 0.000000, 0.000000;;,
      62;4;-0.707107, 0.707107, 0.000000, 0.000000;;,
      63;4;-0.707107, 0.707107, 0.000000, 0.000000;;,
      64;4;-0.707107, 0.707107, 0.000000, 0.000000;;,
      65;4;-0.707107, 0.707107, 0.000000, 0.000000;;,
      66;4;-0.707107, 0.707107, 0.000000, 0.000000;;,
      67;4;-0.707107, 0.707107, 0.000000, 0.000000;;,
      68;4;-0.707107, 0.707107, 0.000000, 0.000000;;,
      69;4;-0.707107, 0.707107, 0.000000, 0.000000;;,
      70;4;-0.707107, 0.707107, 0.000000, 0.000000;;,
      71;4;-0.707107, 0.707107, 0.000000, 0.000000;;,
      72;4;-0.707107, 0.707107, 0.000000, 0.000000;;,
      73;4;-0.707107, 0.707107, 0.000000, 0.000000;;,
      74;4;-0.707107, 0.707107, 0.000000, 0.000000;;,
      75;4;-0.707107, 0.707107, 0.000000, 0.000000;;,
      76;4;-0.707107, 0.707107, 0.000000, 0.000000;;,
      77;4;-0.707107, 0.707107, 0.000000, 0.000000;;,
      78;4;-0.707107, 0.707107, 0.000000, 0.000000;;,
      79;4;-0.707107, 0.707107, 0.000000, 0.000000;;,
      80;4;-0.707107, 0.707107, 0.000000, 0.000000;;,
      81;4;-0.707107, 0.707107, 0.000000, 0.000000;;,
      82;4;-0.707107, 0.707107, 0.000000, 0.000000;;,
      83;4;-0.707107, 0.707107, 0.000000, 0.000000;;,
      84;4;-0.707107, 0.707107, 0.000000, 0.000000;;,
      85;4;-0.707107, 0.707107, 0.000000, 0.000000;;,
      86;4;-0.707107, 0.707107, 0.000000, 0.000000;;,
      87;4;-0.707107, 0.707107, 0.000000, 0.000000;;,
      88;4;-0.707107, 0.707107, 0.000000, 0.000000;;,
      89;4;-0.707107, 0.707107, 0.000000, 0.000000;;,
      90;4;-0.707107, 0.707107, 0.000000, 0.000000;;,
      91;4;-0.707107, 0.707107, 0.000000, 0.000000;;,
      92;4;-0.707107, 0.707107, 0.000000, 0.000000;;,
      93;4;-0.707107, 0.707107, 0.000000, 0.000000;;,
      94;4;-0.707107, 0.707107, 0.000000, 0.000000;;,
      95;4;-0.707107, 0.707107, 0.000000, 0.000000;;,
      96;4;-0.707107, 0.707107, 0.000000, 0.000000;;,
      97;4;-0.707107, 0.707107, 0.000000, 0.000000;;,
      98;4;-0.707107, 0.707107, 0.000000, 0.000000;;,
      99;4;-0.707107, 0.707107, 0.000000, 0.000000;;,
      100;4;-0.707107, 0.707107, 0.000000, 0.000000;;;
    }
    AnimationKey { // Scale
      1;
      101;
      0;3; 0.010000, 0.010000, 0.010000;;,
      1;3; 0.010000, 0.010000, 0.010000;;,
      2;3; 0.010000, 0.010000, 0.010000;;,
      3;3; 0.010000, 0.010000, 0.010000;;,
      4;3; 0.010000, 0.010000, 0.010000;;,
      5;3; 0.010000, 0.010000, 0.010000;;,
      6;3; 0.010000, 0.010000, 0.010000;;,
      7;3; 0.010000, 0.010000, 0.010000;;,
      8;3; 0.010000, 0.010000, 0.010000;;,
      9;3; 0.010000, 0.010000, 0.010000;;,
      10;3; 0.010000, 0.010000, 0.010000;;,
      11;3; 0.010000, 0.010000, 0.010000;;,
      12;3; 0.010000, 0.010000, 0.010000;;,
      13;3; 0.010000, 0.010000, 0.010000;;,
      14;3; 0.010000, 0.010000, 0.010000;;,
      15;3; 0.010000, 0.010000, 0.010000;;,
      16;3; 0.010000, 0.010000, 0.010000;;,
      17;3; 0.010000, 0.010000, 0.010000;;,
      18;3; 0.010000, 0.010000, 0.010000;;,
      19;3; 0.010000, 0.010000, 0.010000;;,
      20;3; 0.010000, 0.010000, 0.010000;;,
      21;3; 0.010000, 0.010000, 0.010000;;,
      22;3; 0.010000, 0.010000, 0.010000;;,
      23;3; 0.010000, 0.010000, 0.010000;;,
      24;3; 0.010000, 0.010000, 0.010000;;,
      25;3; 0.010000, 0.010000, 0.010000;;,
      26;3; 0.010000, 0.010000, 0.010000;;,
      27;3; 0.010000, 0.010000, 0.010000;;,
      28;3; 0.010000, 0.010000, 0.010000;;,
      29;3; 0.010000, 0.010000, 0.010000;;,
      30;3; 0.010000, 0.010000, 0.010000;;,
      31;3; 0.010000, 0.010000, 0.010000;;,
      32;3; 0.010000, 0.010000, 0.010000;;,
      33;3; 0.010000, 0.010000, 0.010000;;,
      34;3; 0.010000, 0.010000, 0.010000;;,
      35;3; 0.010000, 0.010000, 0.010000;;,
      36;3; 0.010000, 0.010000, 0.010000;;,
      37;3; 0.010000, 0.010000, 0.010000;;,
      38;3; 0.010000, 0.010000, 0.010000;;,
      39;3; 0.010000, 0.010000, 0.010000;;,
      40;3; 0.010000, 0.010000, 0.010000;;,
      41;3; 0.010000, 0.010000, 0.010000;;,
      42;3; 0.010000, 0.010000, 0.010000;;,
      43;3; 0.010000, 0.010000, 0.010000;;,
      44;3; 0.010000, 0.010000, 0.010000;;,
      45;3; 0.010000, 0.010000, 0.010000;;,
      46;3; 0.010000, 0.010000, 0.010000;;,
      47;3; 0.010000, 0.010000, 0.010000;;,
      48;3; 0.010000, 0.010000, 0.010000;;,
      49;3; 0.010000, 0.010000, 0.010000;;,
      50;3; 0.010000, 0.010000, 0.010000;;,
      51;3; 0.010000, 0.010000, 0.010000;;,
      52;3; 0.010000, 0.010000, 0.010000;;,
      53;3; 0.010000, 0.010000, 0.010000;;,
      54;3; 0.010000, 0.010000, 0.010000;;,
      55;3; 0.010000, 0.010000, 0.010000;;,
      56;3; 0.010000, 0.010000, 0.010000;;,
      57;3; 0.010000, 0.010000, 0.010000;;,
      58;3; 0.010000, 0.010000, 0.010000;;,
      59;3; 0.010000, 0.010000, 0.010000;;,
      60;3; 0.010000, 0.010000, 0.010000;;,
      61;3; 0.010000, 0.010000, 0.010000;;,
      62;3; 0.010000, 0.010000, 0.010000;;,
      63;3; 0.010000, 0.010000, 0.010000;;,
      64;3; 0.010000, 0.010000, 0.010000;;,
      65;3; 0.010000, 0.010000, 0.010000;;,
      66;3; 0.010000, 0.010000, 0.010000;;,
      67;3; 0.010000, 0.010000, 0.010000;;,
      68;3; 0.010000, 0.010000, 0.010000;;,
      69;3; 0.010000, 0.010000, 0.010000;;,
      70;3; 0.010000, 0.010000, 0.010000;;,
      71;3; 0.010000, 0.010000, 0.010000;;,
      72;3; 0.010000, 0.010000, 0.010000;;,
      73;3; 0.010000, 0.010000, 0.010000;;,
      74;3; 0.010000, 0.010000, 0.010000;;,
      75;3; 0.010000, 0.010000, 0.010000;;,
      76;3; 0.010000, 0.010000, 0.010000;;,
      77;3; 0.010000, 0.010000, 0.010000;;,
      78;3; 0.010000, 0.010000, 0.010000;;,
      79;3; 0.010000, 0.010000, 0.010000;;,
      80;3; 0.010000, 0.010000, 0.010000;;,
      81;3; 0.010000, 0.010000, 0.010000;;,
      82;3; 0.010000, 0.010000, 0.010000;;,
      83;3; 0.010000, 0.010000, 0.010000;;,
      84;3; 0.010000, 0.010000, 0.010000;;,
      85;3; 0.010000, 0.010000, 0.010000;;,
      86;3; 0.010000, 0.010000, 0.010000;;,
      87;3; 0.010000, 0.010000, 0.010000;;,
      88;3; 0.010000, 0.010000, 0.010000;;,
      89;3; 0.010000, 0.010000, 0.010000;;,
      90;3; 0.010000, 0.010000, 0.010000;;,
      91;3; 0.010000, 0.010000, 0.010000;;,
      92;3; 0.010000, 0.010000, 0.010000;;,
      93;3; 0.010000, 0.010000, 0.010000;;,
      94;3; 0.010000, 0.010000, 0.010000;;,
      95;3; 0.010000, 0.010000, 0.010000;;,
      96;3; 0.010000, 0.010000, 0.010000;;,
      97;3; 0.010000, 0.010000, 0.010000;;,
      98;3; 0.010000, 0.010000, 0.010000;;,
      99;3; 0.010000, 0.010000, 0.010000;;,
      100;3; 0.010000, 0.010000, 0.010000;;;
    }
    AnimationKey { // Position
      2;
      101;
      0;3; 0.000000, 0.000000, 0.000000;;,
      1;3; 0.000000, 0.000000, 0.000000;;,
      2;3; 0.000000, 0.000000, 0.000000;;,
      3;3; 0.000000, 0.000000, 0.000000;;,
      4;3; 0.000000, 0.000000, 0.000000;;,
      5;3; 0.000000, 0.000000, 0.000000;;,
      6;3; 0.000000, 0.000000, 0.000000;;,
      7;3; 0.000000, 0.000000, 0.000000;;,
      8;3; 0.000000, 0.000000, 0.000000;;,
      9;3; 0.000000, 0.000000, 0.000000;;,
      10;3; 0.000000, 0.000000, 0.000000;;,
      11;3; 0.000000, 0.000000, 0.000000;;,
      12;3; 0.000000, 0.000000, 0.000000;;,
      13;3; 0.000000, 0.000000, 0.000000;;,
      14;3; 0.000000, 0.000000, 0.000000;;,
      15;3; 0.000000, 0.000000, 0.000000;;,
      16;3; 0.000000, 0.000000, 0.000000;;,
      17;3; 0.000000, 0.000000, 0.000000;;,
      18;3; 0.000000, 0.000000, 0.000000;;,
      19;3; 0.000000, 0.000000, 0.000000;;,
      20;3; 0.000000, 0.000000, 0.000000;;,
      21;3; 0.000000, 0.000000, 0.000000;;,
      22;3; 0.000000, 0.000000, 0.000000;;,
      23;3; 0.000000, 0.000000, 0.000000;;,
      24;3; 0.000000, 0.000000, 0.000000;;,
      25;3; 0.000000, 0.000000, 0.000000;;,
      26;3; 0.000000, 0.000000, 0.000000;;,
      27;3; 0.000000, 0.000000, 0.000000;;,
      28;3; 0.000000, 0.000000, 0.000000;;,
      29;3; 0.000000, 0.000000, 0.000000;;,
      30;3; 0.000000, 0.000000, 0.000000;;,
      31;3; 0.000000, 0.000000, 0.000000;;,
      32;3; 0.000000, 0.000000, 0.000000;;,
      33;3; 0.000000, 0.000000, 0.000000;;,
      34;3; 0.000000, 0.000000, 0.000000;;,
      35;3; 0.000000, 0.000000, 0.000000;;,
      36;3; 0.000000, 0.000000, 0.000000;;,
      37;3; 0.000000, 0.000000, 0.000000;;,
      38;3; 0.000000, 0.000000, 0.000000;;,
      39;3; 0.000000, 0.000000, 0.000000;;,
      40;3; 0.000000, 0.000000, 0.000000;;,
      41;3; 0.000000, 0.000000, 0.000000;;,
      42;3; 0.000000, 0.000000, 0.000000;;,
      43;3; 0.000000, 0.000000, 0.000000;;,
      44;3; 0.000000, 0.000000, 0.000000;;,
      45;3; 0.000000, 0.000000, 0.000000;;,
      46;3; 0.000000, 0.000000, 0.000000;;,
      47;3; 0.000000, 0.000000, 0.000000;;,
      48;3; 0.000000, 0.000000, 0.000000;;,
      49;3; 0.000000, 0.000000, 0.000000;;,
      50;3; 0.000000, 0.000000, 0.000000;;,
      51;3; 0.000000, 0.000000, 0.000000;;,
      52;3; 0.000000, 0.000000, 0.000000;;,
      53;3; 0.000000, 0.000000, 0.000000;;,
      54;3; 0.000000, 0.000000, 0.000000;;,
      55;3; 0.000000, 0.000000, 0.000000;;,
      56;3; 0.000000, 0.000000, 0.000000;;,
      57;3; 0.000000, 0.000000, 0.000000;;,
      58;3; 0.000000, 0.000000, 0.000000;;,
      59;3; 0.000000, 0.000000, 0.000000;;,
      60;3; 0.000000, 0.000000, 0.000000;;,
      61;3; 0.000000, 0.000000, 0.000000;;,
      62;3; 0.000000, 0.000000, 0.000000;;,
      63;3; 0.000000, 0.000000, 0.000000;;,
      64;3; 0.000000, 0.000000, 0.000000;;,
      65;3; 0.000000, 0.000000, 0.000000;;,
      66;3; 0.000000, 0.000000, 0.000000;;,
      67;3; 0.000000, 0.000000, 0.000000;;,
      68;3; 0.000000, 0.000000, 0.000000;;,
      69;3; 0.000000, 0.000000, 0.000000;;,
      70;3; 0.000000, 0.000000, 0.000000;;,
      71;3; 0.000000, 0.000000, 0.000000;;,
      72;3; 0.000000, 0.000000, 0.000000;;,
      73;3; 0.000000, 0.000000, 0.000000;;,
      74;3; 0.000000, 0.000000, 0.000000;;,
      75;3; 0.000000, 0.000000, 0.000000;;,
      76;3; 0.000000, 0.000000, 0.000000;;,
      77;3; 0.000000, 0.000000, 0.000000;;,
      78;3; 0.000000, 0.000000, 0.000000;;,
      79;3; 0.000000, 0.000000, 0.000000;;,
      80;3; 0.000000, 0.000000, 0.000000;;,
      81;3; 0.000000, 0.000000, 0.000000;;,
      82;3; 0.000000, 0.000000, 0.000000;;,
      83;3; 0.000000, 0.000000, 0.000000;;,
      84;3; 0.000000, 0.000000, 0.000000;;,
      85;3; 0.000000, 0.000000, 0.000000;;,
      86;3; 0.000000, 0.000000, 0.000000;;,
      87;3; 0.000000, 0.000000, 0.000000;;,
      88;3; 0.000000, 0.000000, 0.000000;;,
      89;3; 0.000000, 0.000000, 0.000000;;,
      90;3; 0.000000, 0.000000, 0.000000;;,
      91;3; 0.000000, 0.000000, 0.000000;;,
      92;3; 0.000000, 0.000000, 0.000000;;,
      93;3; 0.000000, 0.000000, 0.000000;;,
      94;3; 0.000000, 0.000000, 0.000000;;,
      95;3; 0.000000, 0.000000, 0.000000;;,
      96;3; 0.000000, 0.000000, 0.000000;;,
      97;3; 0.000000, 0.000000, 0.000000;;,
      98;3; 0.000000, 0.000000, 0.000000;;,
      99;3; 0.000000, 0.000000, 0.000000;;,
      100;3; 0.000000, 0.000000, 0.000000;;;
    }
  }
  Animation {
    {Armature_mixamorig_Hips}
    AnimationKey { // Rotation
      0;
      101;
      0;4;-0.883957, 0.067738,-0.460734, 0.041906;;,
      1;4;-0.885478, 0.067859,-0.457809, 0.041662;;,
      2;4;-0.887756, 0.069044,-0.453305, 0.040457;;,
      3;4;-0.890966, 0.071121,-0.446819, 0.038397;;,
      4;4;-0.894511, 0.074510,-0.439226, 0.037132;;,
      5;4;-0.900082, 0.076092,-0.427465, 0.036566;;,
      6;4;-0.906473, 0.076769,-0.413627, 0.036405;;,
      7;4;-0.913437, 0.076639,-0.398022, 0.036569;;,
      8;4;-0.920441, 0.076248,-0.381598, 0.036842;;,
      9;4;-0.927429, 0.075596,-0.364382, 0.037229;;,
      10;4;-0.934455, 0.074528,-0.346159, 0.037597;;,
      11;4;-0.941198, 0.073389,-0.327594, 0.037971;;,
      12;4;-0.947764, 0.071949,-0.308361, 0.038468;;,
      13;4;-0.954400, 0.069732,-0.287612, 0.039210;;,
      14;4;-0.961125, 0.066610,-0.264948, 0.040045;;,
      15;4;-0.968735, 0.061134,-0.236913, 0.041080;;,
      16;4;-0.978207, 0.049232,-0.196998, 0.043353;;,
      17;4;-0.985516, 0.040342,-0.157742, 0.047425;;,
      18;4;-0.991029, 0.035595,-0.116910, 0.054107;;,
      19;4;-0.994687, 0.034580,-0.078236, 0.057282;;,
      20;4;-0.996855, 0.038889,-0.040522, 0.055917;;,
      21;4;-0.997428, 0.045825,-0.003619, 0.054991;;,
      22;4;-0.996435, 0.055834, 0.035792, 0.052144;;,
      23;4;-0.993697, 0.062805, 0.077884, 0.050563;;,
      24;4;-0.989226, 0.067618, 0.120870, 0.047430;;,
      25;4;-0.984398, 0.069231, 0.156371, 0.041429;;,
      26;4;-0.978962, 0.068828, 0.189107, 0.033674;;,
      27;4;-0.972796, 0.069250, 0.219322, 0.027751;;,
      28;4;-0.965573, 0.071622, 0.248966, 0.023543;;,
      29;4;-0.956103, 0.074724, 0.282669, 0.019547;;,
      30;4;-0.944072, 0.080466, 0.319490, 0.013438;;,
      31;4;-0.931031, 0.084211, 0.355039, 0.006153;;,
      32;4;-0.914706, 0.090873, 0.393771, 0.000354;;,
      33;4;-0.898988, 0.098922, 0.426653,-0.001591;;,
      34;4;-0.889032, 0.106761, 0.445216,-0.002465;;,
      35;4;-0.883048, 0.112520, 0.455588,-0.002244;;,
      36;4;-0.886294, 0.109810, 0.449882,-0.005643;;,
      37;4;-0.892466, 0.103974, 0.438850,-0.010253;;,
      38;4;-0.901424, 0.095534, 0.421959,-0.016110;;,
      39;4;-0.918726, 0.078496, 0.386224,-0.024752;;,
      40;4;-0.937240, 0.057892, 0.342115,-0.034456;;,
      41;4;-0.953889, 0.035961, 0.294668,-0.044417;;,
      42;4;-0.967557, 0.013556, 0.246406,-0.054165;;,
      43;4;-0.977010,-0.007527, 0.204182,-0.060864;;,
      44;4;-0.983195,-0.025313, 0.168516,-0.065499;;,
      45;4;-0.986313,-0.034617, 0.146728,-0.066781;;,
      46;4;-0.988481,-0.040621, 0.129301,-0.067360;;,
      47;4;-0.990146,-0.044845, 0.114187,-0.067540;;,
      48;4;-0.991525,-0.048454, 0.099808,-0.067591;;,
      49;4;-0.992688,-0.052016, 0.085341,-0.067687;;,
      50;4;-0.993608,-0.054308, 0.072333,-0.067545;;,
      51;4;-0.994349,-0.054160, 0.062112,-0.066919;;,
      52;4;-0.994996,-0.051479, 0.054715,-0.065871;;,
      53;4;-0.995609,-0.047772, 0.047794,-0.064779;;,
      54;4;-0.996188,-0.043221, 0.040985,-0.063736;;,
      55;4;-0.996792,-0.038215, 0.033094,-0.062048;;,
      56;4;-0.997403,-0.032588, 0.024878,-0.059221;;,
      57;4;-0.997907,-0.026610, 0.017027,-0.056427;;,
      58;4;-0.998318,-0.020626, 0.008365,-0.053525;;,
      59;4;-0.998614,-0.014898,-0.002224,-0.050440;;,
      60;4;-0.998693,-0.009727,-0.016718,-0.047312;;,
      61;4;-0.998215,-0.005857,-0.039281,-0.044607;;,
      62;4;-0.996183,-0.004788,-0.076369,-0.042000;;,
      63;4;-0.992421,-0.004756,-0.116754,-0.038031;;,
      64;4;-0.987830,-0.004874,-0.152304,-0.031179;;,
      65;4;-0.982073,-0.005095,-0.186933,-0.023727;;,
      66;4;-0.976716,-0.003929,-0.213822,-0.017071;;,
      67;4;-0.971327,-0.002036,-0.237459,-0.011567;;,
      68;4;-0.965769, 0.000348,-0.259305,-0.007110;;,
      69;4;-0.960003, 0.003191,-0.279945,-0.003755;;,
      70;4;-0.954014, 0.006331,-0.299694,-0.000904;;,
      71;4;-0.947745, 0.009529,-0.318879, 0.002172;;,
      72;4;-0.941456, 0.013015,-0.336848, 0.004976;;,
      73;4;-0.935448, 0.016957,-0.352982, 0.007345;;,
      74;4;-0.929931, 0.021008,-0.366990, 0.010237;;,
      75;4;-0.925291, 0.025595,-0.378180, 0.012717;;,
      76;4;-0.923012, 0.031338,-0.383230, 0.014200;;,
      77;4;-0.921266, 0.037555,-0.386817, 0.015175;;,
      78;4;-0.919598, 0.043505,-0.390075, 0.016957;;,
      79;4;-0.916879, 0.049233,-0.395649, 0.019255;;,
      80;4;-0.912641, 0.054973,-0.404461, 0.021824;;,
      81;4;-0.904929, 0.061045,-0.420453, 0.024444;;,
      82;4;-0.900070, 0.063942,-0.430187, 0.026917;;,
      83;4;-0.896368, 0.065301,-0.437469, 0.029680;;,
      84;4;-0.893263, 0.066067,-0.443482, 0.032259;;,
      85;4;-0.890613, 0.066477,-0.448539, 0.034682;;,
      86;4;-0.888347, 0.066579,-0.452812, 0.036989;;,
      87;4;-0.886334, 0.066462,-0.456570, 0.039234;;,
      88;4;-0.884478, 0.066262,-0.459995, 0.041387;;,
      89;4;-0.882681, 0.066109,-0.463269, 0.043420;;,
      90;4;-0.881061, 0.066008,-0.466188, 0.045209;;,
      91;4;-0.879986, 0.065583,-0.468121, 0.046755;;,
      92;4;-0.879210, 0.065099,-0.469513, 0.048051;;,
      93;4;-0.878780, 0.064751,-0.470282, 0.048859;;,
      94;4;-0.879072, 0.064801,-0.469764, 0.048537;;,
      95;4;-0.879440, 0.064915,-0.469103, 0.048100;;,
      96;4;-0.879975, 0.065166,-0.468134, 0.047418;;,
      97;4;-0.880845, 0.065695,-0.466538, 0.046243;;,
      98;4;-0.881853, 0.066343,-0.464675, 0.044857;;,
      99;4;-0.882904, 0.067036,-0.462713, 0.043390;;,
      100;4;-0.883957, 0.067738,-0.460734, 0.041906;;;
    }
    AnimationKey { // Scale
      1;
      101;
      0;3; 1.000000, 1.000000, 1.000000;;,
      1;3; 1.000000, 1.000000, 1.000000;;,
      2;3; 1.000000, 1.000000, 1.000000;;,
      3;3; 1.000000, 1.000000, 1.000000;;,
      4;3; 1.000000, 1.000000, 1.000000;;,
      5;3; 1.000000, 1.000000, 1.000000;;,
      6;3; 1.000000, 1.000000, 1.000000;;,
      7;3; 1.000000, 1.000000, 1.000000;;,
      8;3; 1.000000, 1.000000, 1.000000;;,
      9;3; 1.000000, 1.000000, 1.000000;;,
      10;3; 1.000000, 1.000000, 1.000000;;,
      11;3; 1.000000, 1.000000, 1.000000;;,
      12;3; 1.000000, 1.000000, 1.000000;;,
      13;3; 1.000000, 1.000000, 1.000000;;,
      14;3; 1.000000, 1.000000, 1.000000;;,
      15;3; 1.000000, 1.000000, 1.000000;;,
      16;3; 1.000000, 1.000000, 1.000000;;,
      17;3; 1.000000, 1.000000, 1.000000;;,
      18;3; 1.000000, 1.000000, 1.000000;;,
      19;3; 1.000000, 1.000000, 1.000000;;,
      20;3; 1.000000, 1.000000, 1.000000;;,
      21;3; 1.000000, 1.000000, 1.000000;;,
      22;3; 1.000000, 1.000000, 1.000000;;,
      23;3; 1.000000, 1.000000, 1.000000;;,
      24;3; 1.000000, 1.000000, 1.000000;;,
      25;3; 1.000000, 1.000000, 1.000000;;,
      26;3; 1.000000, 1.000000, 1.000000;;,
      27;3; 1.000000, 1.000000, 1.000000;;,
      28;3; 1.000000, 1.000000, 1.000000;;,
      29;3; 1.000000, 1.000000, 1.000000;;,
      30;3; 1.000000, 1.000000, 1.000000;;,
      31;3; 1.000000, 1.000000, 1.000000;;,
      32;3; 1.000000, 1.000000, 1.000000;;,
      33;3; 1.000000, 1.000000, 1.000000;;,
      34;3; 1.000000, 1.000000, 1.000000;;,
      35;3; 1.000000, 1.000000, 1.000000;;,
      36;3; 1.000000, 1.000000, 1.000000;;,
      37;3; 1.000000, 1.000000, 1.000000;;,
      38;3; 1.000000, 1.000000, 1.000000;;,
      39;3; 1.000000, 1.000000, 1.000000;;,
      40;3; 1.000000, 1.000000, 1.000000;;,
      41;3; 1.000000, 1.000000, 1.000000;;,
      42;3; 1.000000, 1.000000, 1.000000;;,
      43;3; 1.000000, 1.000000, 1.000000;;,
      44;3; 1.000000, 1.000000, 1.000000;;,
      45;3; 1.000000, 1.000000, 1.000000;;,
      46;3; 1.000000, 1.000000, 1.000000;;,
      47;3; 1.000000, 1.000000, 1.000000;;,
