xof 0303txt 0032

Frame Root {
  FrameTransformMatrix {
     1.000000, 0.000000, 0.000000, 0.000000,
     0.000000,-0.000000,-1.000000, 0.000000,
     0.000000, 1.000000,-0.000000, 0.000000,
     0.000000, 0.000000, 0.000000, 1.000000;;
  }
  Frame Armature {
    FrameTransformMatrix {
       0.010000, 0.000000, 0.000000, 0.000000,
       0.000000,-0.000000, 0.010000, 0.000000,
       0.000000,-0.010000,-0.000000, 0.000000,
       0.000000, 0.000000, 0.000000, 1.000000;;
    }
    Frame Armature_mixamorig_Hips {
      FrameTransformMatrix {
         0.571936, 0.011668, 0.820215, 0.000000,
        -0.136505, 0.987311, 0.081140, 0.000000,
        -0.808861,-0.158370, 0.566271, 0.000000,
         0.551952,23.594156,-5.949060, 1.000000;;
      }
      Frame Armature_mixamorig_LeftUpLeg {
        FrameTransformMatrix {
          -0.434569,-0.201496, 0.877809, 0.000000,
           0.888511,-0.255322, 0.381259, 0.000000,
           0.147303, 0.945627, 0.289986, 0.000000,
          10.875100,-4.789500, 1.555900, 1.000000;;
        }
        Frame Armature_mixamorig_LeftLeg {
          FrameTransformMatrix {
             0.929122,-0.276530,-0.245487, 0.000000,
             0.010517, 0.683378,-0.729989, 0.000000,
             0.369624, 0.675667, 0.637850, 0.000000,
             0.000000,14.866001,-0.000002, 1.000000;;
          }
          Frame Armature_mixamorig_LeftFoot {
            FrameTransformMatrix {
               0.862666,-0.413534, 0.291201, 0.000000,
               0.196715, 0.804751, 0.560070, 0.000000,
              -0.465952,-0.425870, 0.775580, 0.000000,
               0.000000, 6.184704, 0.000000, 1.000000;;
            }
            Frame Armature_mixamorig_LeftToeBase {
              FrameTransformMatrix {
                 0.997836,-0.032873,-0.056936, 0.000000,
                 0.063344, 0.712582, 0.698724, 0.000000,
                 0.017602,-0.700819, 0.713122, 0.000000,
                 0.000001,13.216908,-0.000001, 1.000000;;
              }
              Frame Armature_mixamorig_LeftToe_End {
                FrameTransformMatrix {
                   1.000000, 0.000000,-0.000000, 0.000000,
                  -0.000000, 1.000000, 0.000000, 0.000000,
                   0.000000,-0.000000, 1.000000, 0.000000,
                   0.000000, 5.788503, 0.000000, 1.000000;;
                }
              } // End of Armature_mixamorig_LeftToe_End
            } // End of Armature_mixamorig_LeftToeBase
          } // End of Armature_mixamorig_LeftFoot
        } // End of Armature_mixamorig_LeftLeg
      } // End of Armature_mixamorig_LeftUpLeg
      Frame Armature_mixamorig_RightUpLeg {
        FrameTransformMatrix {
          -0.541539, 0.623446,-0.563959, 0.000000,
          -0.833705,-0.484483, 0.264975, 0.000000,
          -0.108031, 0.613670, 0.782137, 0.000000,
          -10.875099,-4.789500, 0.850101, 1.000000;;
        }
        Frame Armature_mixamorig_RightLeg {
          FrameTransformMatrix {
             0.955500, 0.258243,-0.142583, 0.000000,
             0.061884,-0.648070,-0.759063, 0.000000,
            -0.288427, 0.716461,-0.635212, 0.000000,
             0.000001,18.547504,-0.000001, 1.000000;;
          }
          Frame Armature_mixamorig_RightFoot {
            FrameTransformMatrix {
               0.951763, 0.104030, 0.288661, 0.000000,
              -0.117752,-0.744901, 0.656701, 0.000000,
               0.283341,-0.659014,-0.696720, 0.000000,
              -0.000001,12.489805, 0.000000, 1.000000;;
            }
            Frame Armature_mixamorig_RightToeBase {
              FrameTransformMatrix {
                 0.966258, 0.001275,-0.257574, 0.000000,
                 0.172835, 0.738236, 0.652024, 0.000000,
                 0.190982,-0.674541, 0.713106, 0.000000,
                 0.000001,13.166506, 0.000001, 1.000000;;
              }
              Frame Armature_mixamorig_RightToe_End {
                FrameTransformMatrix {
                   1.000000,-0.000000, 0.000000, 0.000000,
                   0.000000, 1.000000, 0.000000, 0.000000,
                  -0.000000,-0.000000, 1.000000, 0.000000,
                   0.000000, 6.107002,-0.000000, 1.000000;;
                }
              } // End of Armature_mixamorig_RightToe_End
            } // End of Armature_mixamorig_RightToeBase
          } // End of Armature_mixamorig_RightFoot
        } // End of Armature_mixamorig_RightLeg
      } // End of Armature_mixamorig_RightUpLeg
      Frame Armature_mixamorig_Spine {
        FrameTransformMatrix {
           0.994324,-0.073732,-0.076707, 0.000000,
           0.083687, 0.987180, 0.135909, 0.000000,
           0.065703,-0.141557, 0.987747, 0.000000,
           0.000001, 8.576903, 0.088300, 1.000000;;
        }
        Frame Armature_mixamorig_Spine1 {
          FrameTransformMatrix {
             0.998870, 0.040834,-0.024333, 0.000000,
            -0.040299, 0.998943, 0.022096, 0.000000,
             0.025209,-0.021090, 0.999460, 0.000000,
             0.000000,10.006896, 0.000001, 1.000000;;
          }
          Frame Armature_mixamorig_Spine2 {
            FrameTransformMatrix {
               0.999575, 0.018169,-0.022785, 0.000000,
              -0.018081, 0.999828, 0.004066, 0.000000,
               0.022855,-0.003652, 0.999732, 0.000000,
               0.000000,11.436501, 0.000002, 1.000000;;
            }
            Frame Armature_mixamorig_LeftShoulder {
              FrameTransformMatrix {
                 0.168326,-0.041307,-0.984865, 0.000000,
                 0.928475, 0.342202, 0.144335, 0.000000,
                 0.331061,-0.938718, 0.095954, 0.000000,
                 7.649899,15.424205,-0.027899, 1.000000;;
              }
              Frame Armature_mixamorig_LeftArm {
                FrameTransformMatrix {
                   0.954457, 0.244302, 0.171256, 0.000000,
                  -0.246052, 0.319922, 0.914936, 0.000000,
                   0.168732,-0.915405, 0.365463, 0.000000,
                   0.000001,16.032495, 0.000003, 1.000000;;
                }
                Frame Armature_mixamorig_LeftForeArm {
                  FrameTransformMatrix {
                    -0.060547,-0.424240, 0.903523, 0.000000,
                    -0.995216,-0.043870,-0.087291, 0.000000,
                     0.076670,-0.904487,-0.419554, 0.000000,
                     0.000000,29.518999, 0.000003, 1.000000;;
                  }
                  Frame Armature_mixamorig_LeftHand {
                    FrameTransformMatrix {
                      -0.459366, 0.037262,-0.887465, 0.000000,
                       0.046295, 0.998766, 0.017973, 0.000000,
                       0.887040,-0.032829,-0.460524, 0.000000,
                       0.000001,18.002506, 0.000002, 1.000000;;
                    }
                    Frame Armature_mixamorig_LeftHandIndex1 {
                      FrameTransformMatrix {
                         0.559707, 0.684319, 0.467371, 0.000000,
                        -0.686085, 0.066345, 0.724490, 0.000000,
                         0.464775,-0.726158, 0.506635, 0.000000,
                         0.000003, 9.685102, 0.103503, 1.000000;;
                      }
                      Frame Armature_mixamorig_LeftHandIndex2 {
                        FrameTransformMatrix {
                           0.848420, 0.478211, 0.226933, 0.000000,
                          -0.465207, 0.469120, 0.750672, 0.000000,
                           0.252521,-0.742456, 0.620478, 0.000000,
                           0.593805, 5.291204,-0.000005, 1.000000;;
                        }
                        Frame Armature_mixamorig_LeftHandIndex3 {
                          FrameTransformMatrix {
                             0.820259, 0.537205, 0.196431, 0.000000,
                            -0.443198, 0.379814, 0.811983, 0.000000,
                             0.361594,-0.753095, 0.549634, 0.000000,
                            -0.257698, 4.660695,-0.000002, 1.000000;;
                          }
                          Frame Armature_mixamorig_LeftHandIndex4 {
                            FrameTransformMatrix {
                               1.000000, 0.000000, 0.000000, 0.000000,
                              -0.000000, 1.000000, 0.000000, 0.000000,
                              -0.000000,-0.000000, 1.000000, 0.000000,
                              -0.336100, 3.119903,-0.000002, 1.000000;;
                            }
                          } // End of Armature_mixamorig_LeftHandIndex4
                        } // End of Armature_mixamorig_LeftHandIndex3
                      } // End of Armature_mixamorig_LeftHandIndex2
                    } // End of Armature_mixamorig_LeftHandIndex1
                    Frame Armature_mixamorig_LeftHandThumb1 {
                      FrameTransformMatrix {
                         0.578732, 0.806619, 0.120143, 0.000000,
                        -0.792395, 0.521357, 0.316697, 0.000000,
                         0.192817,-0.278483, 0.940887, 0.000000,
                        -3.734800, 4.018998, 0.000007, 1.000000;;
                      }
                      Frame Armature_mixamorig_LeftHandThumb2 {
                        FrameTransformMatrix {
                           0.735045,-0.628618,-0.254063, 0.000000,
                           0.658959, 0.750554, 0.049409, 0.000000,
                           0.159629,-0.203735, 0.965925, 0.000000,
                           0.608902, 4.346701,-0.000005, 1.000000;;
                        }
                        Frame Armature_mixamorig_LeftHandThumb3 {
                          FrameTransformMatrix {
                             0.499157, 0.619820,-0.605529, 0.000000,
                            -0.122541, 0.742282, 0.658788, 0.000000,
                             0.857803,-0.254636, 0.446468, 0.000000,
                            -1.309706, 4.552701,-0.000001, 1.000000;;
                          }
                          Frame Armature_mixamorig_LeftHandThumb4 {
                            FrameTransformMatrix {
                               1.000000, 0.000000,-0.000000, 0.000000,
                              -0.000000, 1.000000, 0.000000, 0.000000,
                               0.000000,-0.000000, 1.000000, 0.000000,
                               0.700807, 3.268997,-0.000004, 1.000000;;
                            }
                          } // End of Armature_mixamorig_LeftHandThumb4
                        } // End of Armature_mixamorig_LeftHandThumb3
                      } // End of Armature_mixamorig_LeftHandThumb2
                    } // End of Armature_mixamorig_LeftHandThumb1
                  } // End of Armature_mixamorig_LeftHand
                } // End of Armature_mixamorig_LeftForeArm
              } // End of Armature_mixamorig_LeftArm
            } // End of Armature_mixamorig_LeftShoulder
            Frame Armature_mixamorig_Neck {
              FrameTransformMatrix {
                 0.985068,-0.034642,-0.168644, 0.000000,
                 0.027023, 0.998517,-0.047266, 0.000000,
                 0.170031, 0.042003, 0.984543, 0.000000,
                -0.000000,12.865997, 0.000000, 1.000000;;
              }
              Frame Armature_mixamorig_Head {
                FrameTransformMatrix {
                   0.912394,-0.112543,-0.393537, 0.000000,
                   0.079524, 0.991876,-0.099284, 0.000000,
                   0.401513, 0.059290, 0.913932, 0.000000,
                  -0.000000, 9.790699, 0.891201, 1.000000;;
                }
                Frame Armature_mixamorig_HeadTop_End {
                  FrameTransformMatrix {
                     1.000000, 0.000000, 0.000000, 0.000000,
                     0.000000, 1.000000, 0.000000, 0.000000,
                     0.000000,-0.000000, 1.000000, 0.000000,
                     0.000002,38.809307, 3.532800, 1.000000;;
                  }
                } // End of Armature_mixamorig_HeadTop_End
              } // End of Armature_mixamorig_Head
            } // End of Armature_mixamorig_Neck
            Frame Armature_mixamorig_RightShoulder {
              FrameTransformMatrix {
                -0.334287, 0.120570, 0.934727, 0.000000,
                -0.882130, 0.309146,-0.355353, 0.000000,
                -0.331812,-0.943341, 0.003015, 0.000000,
                -7.649900,15.424301,-0.024701, 1.000000;;
              }
              Frame Armature_mixamorig_RightArm {
                FrameTransformMatrix {
                   0.994778,-0.096820, 0.032298, 0.000000,
                  -0.006998, 0.250997, 0.967963, 0.000000,
                  -0.101825,-0.963134, 0.249009, 0.000000,
                   0.000000,16.032497,-0.000011, 1.000000;;
                }
                Frame Armature_mixamorig_RightForeArm {
                  FrameTransformMatrix {
                    -0.015575,-0.014812,-0.999769, 0.000000,
                     0.963814, 0.265899,-0.018954, 0.000000,
                     0.266118,-0.963887, 0.010134, 0.000000,
                    -0.000000,29.514999,-0.000002, 1.000000;;
                  }
                  Frame Armature_mixamorig_RightHand {
                    FrameTransformMatrix {
                      -0.414630,-0.479141, 0.773632, 0.000000,
                      -0.108117, 0.870071, 0.480924, 0.000000,
                      -0.903545, 0.115763,-0.412561, 0.000000,
                       0.000000,17.998905, 0.000000, 1.000000;;
                    }
                    Frame Armature_mixamorig_RightHandIndex1 {
                      FrameTransformMatrix {
                         0.887687,-0.408547,-0.212369, 0.000000,
                         0.409574, 0.489871, 0.769594, 0.000000,
                        -0.210382,-0.770140, 0.602182, 0.000000,
                         0.000000,10.367394, 0.072200, 1.000000;;
                      }
                      Frame Armature_mixamorig_RightHandIndex2 {
                        FrameTransformMatrix {
                           0.771319,-0.588727,-0.241802, 0.000000,
                           0.528726, 0.381235, 0.758359, 0.000000,
                          -0.354283,-0.712784, 0.605328, 0.000000,
                           0.220799, 5.278706,-0.000005, 1.000000;;
                        }
                        Frame Armature_mixamorig_RightHandIndex3 {
                          FrameTransformMatrix {
                             0.812838,-0.514156,-0.273748, 0.000000,
                             0.528748, 0.454121, 0.717077, 0.000000,
                            -0.244375,-0.727611, 0.640986, 0.000000,
                             0.056096, 4.373302,-0.000004, 1.000000;;
                          }
                          Frame Armature_mixamorig_RightHandIndex4 {
                            FrameTransformMatrix {
                               1.000000,-0.000000,-0.000000, 0.000000,
                               0.000000, 1.000000, 0.000000, 0.000000,
                               0.000000,-0.000000, 1.000000, 0.000000,
                              -0.276901, 2.801297, 0.000003, 1.000000;;
                            }
                          } // End of Armature_mixamorig_RightHandIndex4
                        } // End of Armature_mixamorig_RightHandIndex3
                      } // End of Armature_mixamorig_RightHandIndex2
                    } // End of Armature_mixamorig_RightHandIndex1
                    Frame Armature_mixamorig_RightHandThumb1 {
                      FrameTransformMatrix {
                         0.805699,-0.559608,-0.194135, 0.000000,
                         0.504524, 0.476649, 0.719903, 0.000000,
                        -0.310329,-0.677971, 0.666372, 0.000000,
                         3.870501, 3.727996, 0.000001, 1.000000;;
                      }
                      Frame Armature_mixamorig_RightHandThumb2 {
                        FrameTransformMatrix {
                           0.833895, 0.497141, 0.239730, 0.000000,
                          -0.437940, 0.860348,-0.260788, 0.000000,
                          -0.335899, 0.112483, 0.935157, 0.000000,
                          -0.775104, 4.228704, 0.000008, 1.000000;;
                        }
                        Frame Armature_mixamorig_RightHandThumb3 {
                          FrameTransformMatrix {
                             0.960847,-0.043466,-0.273650, 0.000000,
                             0.018677, 0.995533,-0.092550, 0.000000,
                             0.276450, 0.083815, 0.957366, 0.000000,
                             1.262099, 4.811300,-0.000000, 1.000000;;
                          }
                          Frame Armature_mixamorig_RightHandThumb4 {
                            FrameTransformMatrix {
                               1.000000, 0.000000,-0.000000, 0.000000,
                              -0.000000, 1.000000,-0.000000, 0.000000,
                               0.000000, 0.000000, 1.000000, 0.000000,
                              -0.486905, 3.520807,-0.000004, 1.000000;;
                            }
                          } // End of Armature_mixamorig_RightHandThumb4
                        } // End of Armature_mixamorig_RightHandThumb3
                      } // End of Armature_mixamorig_RightHandThumb2
                    } // End of Armature_mixamorig_RightHandThumb1
                  } // End of Armature_mixamorig_RightHand
                } // End of Armature_mixamorig_RightForeArm
              } // End of Armature_mixamorig_RightArm
            } // End of Armature_mixamorig_RightShoulder
          } // End of Armature_mixamorig_Spine2
        } // End of Armature_mixamorig_Spine1
      } // End of Armature_mixamorig_Spine
    } // End of Armature_mixamorig_Hips
  } // End of Armature
} // End of Root
AnimationSet Global {
  Animation {
    {Armature}
    AnimationKey { // Rotation
      0;
      219;
      0;4;-0.707107, 0.707107, 0.000000, 0.000000;;,
      1;4;-0.707107, 0.707107, 0.000000, 0.000000;;,
      2;4;-0.707107, 0.707107, 0.000000, 0.000000;;,
      3;4;-0.707107, 0.707107, 0.000000, 0.000000;;,
      4;4;-0.707107, 0.707107, 0.000000, 0.000000;;,
      5;4;-0.707107, 0.707107, 0.000000, 0.000000;;,
      6;4;-0.707107, 0.707107, 0.000000, 0.000000;;,
      7;4;-0.707107, 0.707107, 0.000000, 0.000000;;,
      8;4;-0.707107, 0.707107, 0.000000, 0.000000;;,
      9;4;-0.707107, 0.707107, 0.000000, 0.000000;;,
      10;4;-0.707107, 0.707107, 0.000000, 0.000000;;,
      11;4;-0.707107, 0.707107, 0.000000, 0.000000;;,
      12;4;-0.707107, 0.707107, 0.000000, 0.000000;;,
      13;4;-0.707107, 0.707107, 0.000000, 0.000000;;,
      14;4;-0.707107, 0.707107, 0.000000, 0.000000;;,
      15;4;-0.707107, 0.707107, 0.000000, 0.000000;;,
      16;4;-0.707107, 0.707107, 0.000000, 0.000000;;,
      17;4;-0.707107, 0.707107, 0.000000, 0.000000;;,
      18;4;-0.707107, 0.707107, 0.000000, 0.000000;;,
      19;4;-0.707107, 0.707107, 0.000000, 0.000000;;,
      20;4;-0.707107, 0.707107, 0.000000, 0.000000;;,
      21;4;-0.707107, 0.707107, 0.000000, 0.000000;;,
      22;4;-0.707107, 0.707107, 0.000000, 0.000000;;,
      23;4;-0.707107, 0.707107, 0.000000, 0.000000;;,
      24;4;-0.707107, 0.707107, 0.000000, 0.000000;;,
      25;4;-0.707107, 0.707107, 0.000000, 0.000000;;,
      26;4;-0.707107, 0.707107, 0.000000, 0.000000;;,
      27;4;-0.707107, 0.707107, 0.000000, 0.000000;;,
      28;4;-0.707107, 0.707107, 0.000000, 0.000000;;,
      29;4;-0.707107, 0.707107, 0.000000, 0.000000;;,
      30;4;-0.707107, 0.707107, 0.000000, 0.000000;;,
      31;4;-0.707107, 0.707107, 0.000000, 0.000000;;,
      32;4;-0.707107, 0.707107, 0.000000, 0.000000;;,
      33;4;-0.707107, 0.707107, 0.000000, 0.000000;;,
      34;4;-0.707107, 0.707107, 0.000000, 0.000000;;,
      35;4;-0.707107, 0.707107, 0.000000, 0.000000;;,
      36;4;-0.707107, 0.707107, 0.000000, 0.000000;;,
      37;4;-0.707107, 0.707107, 0.000000, 0.000000;;,
      38;4;-0.707107, 0.707107, 0.000000, 0.000000;;,
      39;4;-0.707107, 0.707107, 0.000000, 0.000000;;,
      40;4;-0.707107, 0.707107, 0.000000, 0.000000;;,
      41;4;-0.707107, 0.707107, 0.000000, 0.000000;;,
      42;4;-0.707107, 0.707107, 0.000000, 0.000000;;,
      43;4;-0.707107, 0.707107, 0.000000, 0.000000;;,
      44;4;-0.707107, 0.707107, 0.000000, 0.000000;;,
      45;4;-0.707107, 0.707107, 0.000000, 0.000000;;,
      46;4;-0.707107, 0.707107, 0.000000, 0.000000;;,
      47;4;-0.707107, 0.707107, 0.000000, 0.000000;;,
      48;4;-0.707107, 0.707107, 0.000000, 0.000000;;,
      49;4;-0.707107, 0.707107, 0.000000, 0.000000;;,
      50;4;-0.707107, 0.707107, 0.000000, 0.000000;;,
      51;4;-0.707107, 0.707107, 0.000000, 0.000000;;,
      52;4;-0.707107, 0.707107, 0.000000, 0.000000;;,
      53;4;-0.707107, 0.707107, 0.000000, 0.000000;;,
      54;4;-0.707107, 0.707107, 0.000000, 0.000000;;,
      55;4;-0.707107, 0.707107, 0.000000, 0.000000;;,
      56;4;-0.707107, 0.707107, 0.000000, 0.000000;;,
      57;4;-0.707107, 0.707107, 0.000000, 0.000000;;,
      58;4;-0.707107, 0.707107, 0.000000, 0.000000;;,
      59;4;-0.707107, 0.707107, 0.000000, 0.000000;;,
      60;4;-0.707107, 0.707107, 0.000000, 0.000000;;,
      61;4;-0.707107, 0.707107, 0.000000, 0.000000;;,
      62;4;-0.707107, 0.707107, 0.000000, 0.000000;;,
      63;4;-0.707107, 0.707107, 0.000000, 0.000000;;,
      64;4;-0.707107, 0.707107, 0.000000, 0.000000;;,
      65;4;-0.707107, 0.707107, 0.000000, 0.000000;;,
      66;4;-0.707107, 0.707107, 0.000000, 0.000000;;,
      67;4;-0.707107, 0.707107, 0.000000, 0.000000;;,
      68;4;-0.707107, 0.707107, 0.000000, 0.000000;;,
      69;4;-0.707107, 0.707107, 0.000000, 0.000000;;,
      70;4;-0.707107, 0.707107, 0.000000, 0.000000;;,
      71;4;-0.707107, 0.707107, 0.000000, 0.000000;;,
      72;4;-0.707107, 0.707107, 0.000000, 0.000000;;,
      73;4;-0.707107, 0.707107, 0.000000, 0.000000;;,
      74;4;-0.707107, 0.707107, 0.000000, 0.000000;;,
      75;4;-0.707107, 0.707107, 0.000000, 0.000000;;,
      76;4;-0.707107, 0.707107, 0.000000, 0.000000;;,
      77;4;-0.707107, 0.707107, 0.000000, 0.000000;;,
      78;4;-0.707107, 0.707107, 0.000000, 0.000000;;,
      79;4;-0.707107, 0.707107, 0.000000, 0.000000;;,
      80;4;-0.707107, 0.707107, 0.000000, 0.000000;;,
      81;4;-0.707107, 0.707107, 0.000000, 0.000000;;,
      82;4;-0.707107, 0.707107, 0.000000, 0.000000;;,
      83;4;-0.707107, 0.707107, 0.000000, 0.000000;;,
      84;4;-0.707107, 0.707107, 0.000000, 0.000000;;,
      85;4;-0.707107, 0.707107, 0.000000, 0.000000;;,
      86;4;-0.707107, 0.707107, 0.000000, 0.000000;;,
      87;4;-0.707107, 0.707107, 0.000000, 0.000000;;,
      88;4;-0.707107, 0.707107, 0.000000, 0.000000;;,
      89;4;-0.707107, 0.707107, 0.000000, 0.000000;;,
      90;4;-0.707107, 0.707107, 0.000000, 0.000000;;,
      91;4;-0.707107, 0.707107, 0.000000, 0.000000;;,
      92;4;-0.707107, 0.707107, 0.000000, 0.000000;;,
      93;4;-0.707107, 0.707107, 0.000000, 0.000000;;,
      94;4;-0.707107, 0.707107, 0.000000, 0.000000;;,
      95;4;-0.707107, 0.707107, 0.000000, 0.000000;;,
      96;4;-0.707107, 0.707107, 0.000000, 0.000000;;,
      97;4;-0.707107, 0.707107, 0.000000, 0.000000;;,
      98;4;-0.707107, 0.707107, 0.000000, 0.000000;;,
      99;4;-0.707107, 0.707107, 0.000000, 0.000000;;,
      100;4;-0.707107, 0.707107, 0.000000, 0.000000;;,
      101;4;-0.707107, 0.707107, 0.000000, 0.000000;;,
      102;4;-0.707107, 0.707107, 0.000000, 0.000000;;,
      103;4;-0.707107, 0.707107, 0.000000, 0.000000;;,
      104;4;-0.707107, 0.707107, 0.000000, 0.000000;;,
      105;4;-0.707107, 0.707107, 0.000000, 0.000000;;,
      106;4;-0.707107, 0.707107, 0.000000, 0.000000;;,
      107;4;-0.707107, 0.707107, 0.000000, 0.000000;;,
      108;4;-0.707107, 0.707107, 0.000000, 0.000000;;,
      109;4;-0.707107, 0.707107, 0.000000, 0.000000;;,
      110;4;-0.707107, 0.707107, 0.000000, 0.000000;;,
      111;4;-0.707107, 0.707107, 0.000000, 0.000000;;,
      112;4;-0.707107, 0.707107, 0.000000, 0.000000;;,
      113;4;-0.707107, 0.707107, 0.000000, 0.000000;;,
      114;4;-0.707107, 0.707107, 0.000000, 0.000000;;,
      115;4;-0.707107, 0.707107, 0.000000, 0.000000;;,
      116;4;-0.707107, 0.707107, 0.000000, 0.000000;;,
      117;4;-0.707107, 0.707107, 0.000000, 0.000000;;,
      118;4;-0.707107, 0.707107, 0.000000, 0.000000;;,
      119;4;-0.707107, 0.707107, 0.000000, 0.000000;;,
      120;4;-0.707107, 0.707107, 0.000000, 0.000000;;,
      121;4;-0.707107, 0.707107, 0.000000, 0.000000;;,
      122;4;-0.707107, 0.707107, 0.000000, 0.000000;;,
      123;4;-0.707107, 0.707107, 0.000000, 0.000000;;,
      124;4;-0.707107, 0.707107, 0.000000, 0.000000;;,
      125;4;-0.707107, 0.707107, 0.000000, 0.000000;;,
      126;4;-0.707107, 0.707107, 0.000000, 0.000000;;,
      127;4;-0.707107, 0.707107, 0.000000, 0.000000;;,
      128;4;-0.707107, 0.707107, 0.000000, 0.000000;;,
      129;4;-0.707107, 0.707107, 0.000000, 0.000000;;,
      130;4;-0.707107, 0.707107, 0.000000, 0.000000;;,
      131;4;-0.707107, 0.707107, 0.000000, 0.000000;;,
      132;4;-0.707107, 0.707107, 0.000000, 0.000000;;,
      133;4;-0.707107, 0.707107, 0.000000, 0.000000;;,
      134;4;-0.707107, 0.707107, 0.000000, 0.000000;;,
      135;4;-0.707107, 0.707107, 0.000000, 0.000000;;,
      136;4;-0.707107, 0.707107, 0.000000, 0.000000;;,
      137;4;-0.707107, 0.707107, 0.000000, 0.000000;;,
      138;4;-0.707107, 0.707107, 0.000000, 0.000000;;,
      139;4;-0.707107, 0.707107, 0.000000, 0.000000;;,
      140;4;-0.707107, 0.707107, 0.000000, 0.000000;;,
      141;4;-0.707107, 0.707107, 0.000000, 0.000000;;,
      142;4;-0.707107, 0.707107, 0.000000, 0.000000;;,
      143;4;-0.707107, 0.707107, 0.000000, 0.000000;;,
      144;4;-0.707107, 0.707107, 0.000000, 0.000000;;,
      145;4;-0.707107, 0.707107, 0.000000, 0.000000;;,
      146;4;-0.707107, 0.707107, 0.000000, 0.000000;;,
      147;4;-0.707107, 0.707107, 0.000000, 0.000000;;,
      148;4;-0.707107, 0.707107, 0.000000, 0.000000;;,
      149;4;-0.707107, 0.707107, 0.000000, 0.000000;;,
      150;4;-0.707107, 0.707107, 0.000000, 0.000000;;,
      151;4;-0.707107, 0.707107, 0.000000, 0.000000;;,
      152;4;-0.707107, 0.707107, 0.000000, 0.000000;;,
      153;4;-0.707107, 0.707107, 0.000000, 0.000000;;,
      154;4;-0.707107, 0.707107, 0.000000, 0.000000;;,
      155;4;-0.707107, 0.707107, 0.000000, 0.000000;;,
      156;4;-0.707107, 0.707107, 0.000000, 0.000000;;,
      157;4;-0.707107, 0.707107, 0.000000, 0.000000;;,
      158;4;-0.707107, 0.707107, 0.000000, 0.000000;;,
      159;4;-0.707107, 0.707107, 0.000000, 0.000000;;,
      160;4;-0.707107, 0.707107, 0.000000, 0.000000;;,
      161;4;-0.707107, 0.707107, 0.000000, 0.000000;;,
      162;4;-0.707107, 0.707107, 0.000000, 0.000000;;,
      163;4;-0.707107, 0.707107, 0.000000, 0.000000;;,
      164;4;-0.707107, 0.707107, 0.000000, 0.000000;;,
      165;4;-0.707107, 0.707107, 0.000000, 0.000000;;,
      166;4;-0.707107, 0.707107, 0.000000, 0.000000;;,
      167;4;-0.707107, 0.707107, 0.000000, 0.000000;;,
      168;4;-0.707107, 0.707107, 0.000000, 0.000000;;,
      169;4;-0.707107, 0.707107, 0.000000, 0.000000;;,
      170;4;-0.707107, 0.707107, 0.000000, 0.000000;;,
      171;4;-0.707107, 0.707107, 0.000000, 0.000000;;,
      172;4;-0.707107, 0.707107, 0.000000, 0.000000;;,
      173;4;-0.707107, 0.707107, 0.000000, 0.000000;;,
      174;4;-0.707107, 0.707107, 0.000000, 0.000000;;,
      175;4;-0.707107, 0.707107, 0.000000, 0.000000;;,
      176;4;-0.707107, 0.707107, 0.000000, 0.000000;;,
      177;4;-0.707107, 0.707107, 0.000000, 0.000000;;,
      178;4;-0.707107, 0.707107, 0.000000, 0.000000;;,
      179;4;-0.707107, 0.707107, 0.000000, 0.000000;;,
      180;4;-0.707107, 0.707107, 0.000000, 0.000000;;,
      181;4;-0.707107, 0.707107, 0.000000, 0.000000;;,
      182;4;-0.707107, 0.707107, 0.000000, 0.000000;;,
      183;4;-0.707107, 0.707107, 0.000000, 0.000000;;,
      184;4;-0.707107, 0.707107, 0.000000, 0.000000;;,
      185;4;-0.707107, 0.707107, 0.000000, 0.000000;;,
      186;4;-0.707107, 0.707107, 0.000000, 0.000000;;,
      187;4;-0.707107, 0.707107, 0.000000, 0.000000;;,
      188;4;-0.707107, 0.707107, 0.000000, 0.000000;;,
      189;4;-0.707107, 0.707107, 0.000000, 0.000000;;,
      190;4;-0.707107, 0.707107, 0.000000, 0.000000;;,
      191;4;-0.707107, 0.707107, 0.000000, 0.000000;;,
      192;4;-0.707107, 0.707107, 0.000000, 0.000000;;,
      193;4;-0.707107, 0.707107, 0.000000, 0.000000;;,
      194;4;-0.707107, 0.707107, 0.000000, 0.000000;;,
      195;4;-0.707107, 0.707107, 0.000000, 0.000000;;,
      196;4;-0.707107, 0.707107, 0.000000, 0.000000;;,
      197;4;-0.707107, 0.707107, 0.000000, 0.000000;;,
      198;4;-0.707107, 0.707107, 0.000000, 0.000000;;,
      199;4;-0.707107, 0.707107, 0.000000, 0.000000;;,
      200;4;-0.707107, 0.707107, 0.000000, 0.000000;;,
      201;4;-0.707107, 0.707107, 0.000000, 0.000000;;,
      202;4;-0.707107, 0.707107, 0.000000, 0.000000;;,
      203;4;-0.707107, 0.707107, 0.000000, 0.000000;;,
      204;4;-0.707107, 0.707107, 0.000000, 0.000000;;,
      205;4;-0.707107, 0.707107, 0.000000, 0.000000;;,
      206;4;-0.707107, 0.707107, 0.000000, 0.000000;;,
      207;4;-0.707107, 0.707107, 0.000000, 0.000000;;,
      208;4;-0.707107, 0.707107, 0.000000, 0.000000;;,
      209;4;-0.707107, 0.707107, 0.000000, 0.000000;;,
      210;4;-0.707107, 0.707107, 0.000000, 0.000000;;,
      211;4;-0.707107, 0.707107, 0.000000, 0.000000;;,
      212;4;-0.707107, 0.707107, 0.000000, 0.000000;;,
      213;4;-0.707107, 0.707107, 0.000000, 0.000000;;,
      214;4;-0.707107, 0.707107, 0.000000, 0.000000;;,
      215;4;-0.707107, 0.707107, 0.000000, 0.000000;;,
      216;4;-0.707107, 0.707107, 0.000000, 0.000000;;,
      217;4;-0.707107, 0.707107, 0.000000, 0.000000;;,
      218;4;-0.707107, 0.707107, 0.000000, 0.000000;;;
    }
    AnimationKey { // Scale
      1;
      219;
      0;3; 0.010000, 0.010000, 0.010000;;,
      1;3; 0.010000, 0.010000, 0.010000;;,
      2;3; 0.010000, 0.010000, 0.010000;;,
      3;3; 0.010000, 0.010000, 0.010000;;,
      4;3; 0.010000, 0.010000, 0.010000;;,
      5;3; 0.010000, 0.010000, 0.010000;;,
      6;3; 0.010000, 0.010000, 0.010000;;,
      7;3; 0.010000, 0.010000, 0.010000;;,
      8;3; 0.010000, 0.010000, 0.010000;;,
      9;3; 0.010000, 0.010000, 0.010000;;,
      10;3; 0.010000, 0.010000, 0.010000;;,
      11;3; 0.010000, 0.010000, 0.010000;;,
      12;3; 0.010000, 0.010000, 0.010000;;,
      13;3; 0.010000, 0.010000, 0.010000;;,
      14;3; 0.010000, 0.010000, 0.010000;;,
      15;3; 0.010000, 0.010000, 0.010000;;,
      16;3; 0.010000, 0.010000, 0.010000;;,
      17;3; 0.010000, 0.010000, 0.010000;;,
      18;3; 0.010000, 0.010000, 0.010000;;,
      19;3; 0.010000, 0.010000, 0.010000;;,
      20;3; 0.010000, 0.010000, 0.010000;;,
      21;3; 0.010000, 0.010000, 0.010000;;,
      22;3; 0.010000, 0.010000, 0.010000;;,
      23;3; 0.010000, 0.010000, 0.010000;;,
      24;3; 0.010000, 0.010000, 0.010000;;,
      25;3; 0.010000, 0.010000, 0.010000;;,
      26;3; 0.010000, 0.010000, 0.010000;;,
      27;3; 0.010000, 0.010000, 0.010000;;,
      28;3; 0.010000, 0.010000, 0.010000;;,
      29;3; 0.010000, 0.010000, 0.010000;;,
      30;3; 0.010000, 0.010000, 0.010000;;,
      31;3; 0.010000, 0.010000, 0.010000;;,
      32;3; 0.010000, 0.010000, 0.010000;;,
      33;3; 0.010000, 0.010000, 0.010000;;,
      34;3; 0.010000, 0.010000, 0.010000;;,
      35;3; 0.010000, 0.010000, 0.010000;;,
      36;3; 0.010000, 0.010000, 0.010000;;,
      37;3; 0.010000, 0.010000, 0.010000;;,
      38;3; 0.010000, 0.010000, 0.010000;;,
      39;3; 0.010000, 0.010000, 0.010000;;,
      40;3; 0.010000, 0.010000, 0.010000;;,
      41;3; 0.010000, 0.010000, 0.010000;;,
      42;3; 0.010000, 0.010000, 0.010000;;,
      43;3; 0.010000, 0.010000, 0.010000;;,
      44;3; 0.010000, 0.010000, 0.010000;;,
      45;3; 0.010000, 0.010000, 0.010000;;,
      46;3; 0.010000, 0.010000, 0.010000;;,
      47;3; 0.010000, 0.010000, 0.010000;;,
      48;3; 0.010000, 0.010000, 0.010000;;,
      49;3; 0.010000, 0.010000, 0.010000;;,
      50;3; 0.010000, 0.010000, 0.010000;;,
      51;3; 0.010000, 0.010000, 0.010000;;,
      52;3; 0.010000, 0.010000, 0.010000;;,
      53;3; 0.010000, 0.010000, 0.010000;;,
      54;3; 0.010000, 0.010000, 0.010000;;,
      55;3; 0.010000, 0.010000, 0.010000;;,
      56;3; 0.010000, 0.010000, 0.010000;;,
      57;3; 0.010000, 0.010000, 0.010000;;,
      58;3; 0.010000, 0.010000, 0.010000;;,
      59;3; 0.010000, 0.010000, 0.010000;;,
      60;3; 0.010000, 0.010000, 0.010000;;,
      61;3; 0.010000, 0.010000, 0.010000;;,
      62;3; 0.010000, 0.010000, 0.010000;;,
      63;3; 0.010000, 0.010000, 0.010000;;,
      64;3; 0.010000, 0.010000, 0.010000;;,
      65;3; 0.010000, 0.010000, 0.010000;;,
      66;3; 0.010000, 0.010000, 0.010000;;,
      67;3; 0.010000, 0.010000, 0.010000;;,
      68;3; 0.010000, 0.010000, 0.010000;;,
      69;3; 0.010000, 0.010000, 0.010000;;,
      70;3; 0.010000, 0.010000, 0.010000;;,
      71;3; 0.010000, 0.010000, 0.010000;;,
      72;3; 0.010000, 0.010000, 0.010000;;,
      73;3; 0.010000, 0.010000, 0.010000;;,
      74;3; 0.010000, 0.010000, 0.010000;;,
      75;3; 0.010000, 0.010000, 0.010000;;,
      76;3; 0.010000, 0.010000, 0.010000;;,
      77;3; 0.010000, 0.010000, 0.010000;;,
      78;3; 0.010000, 0.010000, 0.010000;;,
      79;3; 0.010000, 0.010000, 0.010000;;,
      80;3; 0.010000, 0.010000, 0.010000;;,
      81;3; 0.010000, 0.010000, 0.010000;;,
      82;3; 0.010000, 0.010000, 0.010000;;,
      83;3; 0.010000, 0.010000, 0.010000;;,
      84;3; 0.010000, 0.010000, 0.010000;;,
      85;3; 0.010000, 0.010000, 0.010000;;,
      86;3; 0.010000, 0.010000, 0.010000;;,
      87;3; 0.010000, 0.010000, 0.010000;;,
      88;3; 0.010000, 0.010000, 0.010000;;,
      89;3; 0.010000, 0.010000, 0.010000;;,
      90;3; 0.010000, 0.010000, 0.010000;;,
      91;3; 0.010000, 0.010000, 0.010000;;,
      92;3; 0.010000, 0.010000, 0.010000;;,
      93;3; 0.010000, 0.010000, 0.010000;;,
      94;3; 0.010000, 0.010000, 0.010000;;,
      95;3; 0.010000, 0.010000, 0.010000;;,
      96;3; 0.010000, 0.010000, 0.010000;;,
      97;3; 0.010000, 0.010000, 0.010000;;,
      98;3; 0.010000, 0.010000, 0.010000;;,
      99;3; 0.010000, 0.010000, 0.010000;;,
      100;3; 0.010000, 0.010000, 0.010000;;,
      101;3; 0.010000, 0.010000, 0.010000;;,
      102;3; 0.010000, 0.010000, 0.010000;;,
      103;3; 0.010000, 0.010000, 0.010000;;,
      104;3; 0.010000, 0.010000, 0.010000;;,
      105;3; 0.010000, 0.010000, 0.010000;;,
      106;3; 0.010000, 0.010000, 0.010000;;,
      107;3; 0.010000, 0.010000, 0.010000;;,
      108;3; 0.010000, 0.010000, 0.010000;;,
      109;3; 0.010000, 0.010000, 0.010000;;,
      110;3; 0.010000, 0.010000, 0.010000;;,
      111;3; 0.010000, 0.010000, 0.010000;;,
      112;3; 0.010000, 0.010000, 0.010000;;,
      113;3; 0.010000, 0.010000, 0.010000;;,
      114;3; 0.010000, 0.010000, 0.010000;;,
      115;3; 0.010000, 0.010000, 0.010000;;,
      116;3; 0.010000, 0.010000, 0.010000;;,
      117;3; 0.010000, 0.010000, 0.010000;;,
      118;3; 0.010000, 0.010000, 0.010000;;,
      119;3; 0.010000, 0.010000, 0.010000;;,
      120;3; 0.010000, 0.010000, 0.010000;;,
      121;3; 0.010000, 0.010000, 0.010000;;,
      122;3; 0.010000, 0.010000, 0.010000;;,
      123;3; 0.010000, 0.010000, 0.010000;;,
      124;3; 0.010000, 0.010000, 0.010000;;,
      125;3; 0.010000, 0.010000, 0.010000;;,
      126;3; 0.010000, 0.010000, 0.010000;;,
      127;3; 0.010000, 0.010000, 0.010000;;,
      128;3; 0.010000, 0.010000, 0.010000;;,
      129;3; 0.010000, 0.010000, 0.010000;;,
      130;3; 0.010000, 0.010000, 0.010000;;,
      131;3; 0.010000, 0.010000, 0.010000;;,
      132;3; 0.010000, 0.010000, 0.010000;;,
      133;3; 0.010000, 0.010000, 0.010000;;,
      134;3; 0.010000, 0.010000, 0.010000;;,
      135;3; 0.010000, 0.010000, 0.010000;;,
      136;3; 0.010000, 0.010000, 0.010000;;,
      137;3; 0.010000, 0.010000, 0.010000;;,
      138;3; 0.010000, 0.010000, 0.010000;;,
      139;3; 0.010000, 0.010000, 0.010000;;,
      140;3; 0.010000, 0.010000, 0.010000;;,
      141;3; 0.010000, 0.010000, 0.010000;;,
      142;3; 0.010000, 0.010000, 0.010000;;,
      143;3; 0.010000, 0.010000, 0.010000;;,
      144;3; 0.010000, 0.010000, 0.010000;;,
      145;3; 0.010000, 0.010000, 0.010000;;,
      146;3; 0.010000, 0.010000, 0.010000;;,
      147;3; 0.010000, 0.010000, 0.010000;;,
      148;3; 0.010000, 0.010000, 0.010000;;,
      149;3; 0.010000, 0.010000, 0.010000;;,
      150;3; 0.010000, 0.010000, 0.010000;;,
      151;3; 0.010000, 0.010000, 0.010000;;,
      152;3; 0.010000, 0.010000, 0.010000;;,
      153;3; 0.010000, 0.010000, 0.010000;;,
      154;3; 0.010000, 0.010000, 0.010000;;,
      155;3; 0.010000, 0.010000, 0.010000;;,
      156;3; 0.010000, 0.010000, 0.010000;;,
      157;3; 0.010000, 0.010000, 0.010000;;,
      158;3; 0.010000, 0.010000, 0.010000;;,
      159;3; 0.010000, 0.010000, 0.010000;;,
      160;3; 0.010000, 0.010000, 0.010000;;,
      161;3; 0.010000, 0.010000, 0.010000;;,
      162;3; 0.010000, 0.010000, 0.010000;;,
      163;3; 0.010000, 0.010000, 0.010000;;,
      164;3; 0.010000, 0.010000, 0.010000;;,
      165;3; 0.010000, 0.010000, 0.010000;;,
      166;3; 0.010000, 0.010000, 0.010000;;,
      167;3; 0.010000, 0.010000, 0.010000;;,
      168;3; 0.010000, 0.010000, 0.010000;;,
      169;3; 0.010000, 0.010000, 0.010000;;,
      170;3; 0.010000, 0.010000, 0.010000;;,
      171;3; 0.010000, 0.010000, 0.010000;;,
      172;3; 0.010000, 0.010000, 0.010000;;,
      173;3; 0.010000, 0.010000, 0.010000;;,
      174;3; 0.010000, 0.010000, 0.010000;;,
      175;3; 0.010000, 0.010000, 0.010000;;,
      176;3; 0.010000, 0.010000, 0.010000;;,
      177;3; 0.010000, 0.010000, 0.010000;;,
      178;3; 0.010000, 0.010000, 0.010000;;,
      179;3; 0.010000, 0.010000, 0.010000;;,
      180;3; 0.010000, 0.010000, 0.010000;;,
      181;3; 0.010000, 0.010000, 0.010000;;,
      182;3; 0.010000, 0.010000, 0.010000;;,
      183;3; 0.010000, 0.010000, 0.010000;;,
      184;3; 0.010000, 0.010000, 0.010000;;,
      185;3; 0.010000, 0.010000, 0.010000;;,
      186;3; 0.010000, 0.010000, 0.010000;;,
      187;3; 0.010000, 0.010000, 0.010000;;,
      188;3; 0.010000, 0.010000, 0.010000;;,
      189;3; 0.010000, 0.010000, 0.010000;;,
      190;3; 0.010000, 0.010000, 0.010000;;,
      191;3; 0.010000, 0.010000, 0.010000;;,
      192;3; 0.010000, 0.010000, 0.010000;;,
      193;3; 0.010000, 0.010000, 0.010000;;,
      194;3; 0.010000, 0.010000, 0.010000;;,
      195;3; 0.010000, 0.010000, 0.010000;;,
      196;3; 0.010000, 0.010000, 0.010000;;,
      197;3; 0.010000, 0.010000, 0.010000;;,
      198;3; 0.010000, 0.010000, 0.010000;;,
      199;3; 0.010000, 0.010000, 0.010000;;,
      200;3; 0.010000, 0.010000, 0.010000;;,
      201;3; 0.010000, 0.010000, 0.010000;;,
      202;3; 0.010000, 0.010000, 0.010000;;,
      203;3; 0.010000, 0.010000, 0.010000;;,
      204;3; 0.010000, 0.010000, 0.010000;;,
      205;3; 0.010000, 0.010000, 0.010000;;,
      206;3; 0.010000, 0.010000, 0.010000;;,
      207;3; 0.010000, 0.010000, 0.010000;;,
      208;3; 0.010000, 0.010000, 0.010000;;,
      209;3; 0.010000, 0.010000, 0.010000;;,
      210;3; 0.010000, 0.010000, 0.010000;;,
      211;3; 0.010000, 0.010000, 0.010000;;,
      212;3; 0.010000, 0.010000, 0.010000;;,
      213;3; 0.010000, 0.010000, 0.010000;;,
      214;3; 0.010000, 0.010000, 0.010000;;,
      215;3; 0.010000, 0.010000, 0.010000;;,
      216;3; 0.010000, 0.010000, 0.010000;;,
      217;3; 0.010000, 0.010000, 0.010000;;,
      218;3; 0.010000, 0.010000, 0.010000;;;
    }
    AnimationKey { // Position
      2;
      219;
      0;3; 0.000000, 0.000000, 0.000000;;,
      1;3; 0.000000, 0.000000, 0.000000;;,
      2;3; 0.000000, 0.000000, 0.000000;;,
      3;3; 0.000000, 0.000000, 0.000000;;,
      4;3; 0.000000, 0.000000, 0.000000;;,
      5;3; 0.000000, 0.000000, 0.000000;;,
      6;3; 0.000000, 0.000000, 0.000000;;,
      7;3; 0.000000, 0.000000, 0.000000;;,
