xof 0303txt 0032

Frame Root {
  FrameTransformMatrix {
     1.000000, 0.000000, 0.000000, 0.000000,
     0.000000,-0.000000,-1.000000, 0.000000,
     0.000000, 1.000000,-0.000000, 0.000000,
     0.000000, 0.000000, 0.000000, 1.000000;;
  }
  Frame Armature {
    FrameTransformMatrix {
       0.010000, 0.000000, 0.000000, 0.000000,
       0.000000,-0.000000, 0.010000, 0.000000,
       0.000000,-0.010000,-0.000000, 0.000000,
       0.000000, 0.000000, 0.000000, 1.000000;;
    }
    Frame Armature_mixamorig_Hips {
      FrameTransformMatrix {
         0.784259, 0.145011, 0.603249, 0.000000,
        -0.207279, 0.977675, 0.034459, 0.000000,
        -0.584785,-0.152066, 0.796808, 0.000000,
        -0.357258,12.656507, 3.773009, 1.000000;;
      }
      Frame Armature_mixamorig_LeftUpLeg {
        FrameTransformMatrix {
          -0.199618,-0.279472, 0.939174, 0.000000,
           0.920245, 0.275779, 0.277659, 0.000000,
          -0.336602, 0.919697, 0.202132, 0.000000,
          10.875099,-4.789499, 1.555899, 1.000000;;
        }
        Frame Armature_mixamorig_LeftLeg {
          FrameTransformMatrix {
             0.692565,-0.610872, 0.383653, 0.000000,
             0.079009,-0.464414,-0.882087, 0.000000,
             0.717016, 0.641215,-0.273373, 0.000000,
            -0.000001,14.866001,-0.000002, 1.000000;;
          }
          Frame Armature_mixamorig_LeftFoot {
            FrameTransformMatrix {
               0.908640,-0.331923, 0.253378, 0.000000,
              -0.099588, 0.417021, 0.903424, 0.000000,
              -0.405531,-0.846121, 0.345867, 0.000000,
               0.000001, 6.184703, 0.000000, 1.000000;;
            }
            Frame Armature_mixamorig_LeftToeBase {
              FrameTransformMatrix {
                 0.999823,-0.012027, 0.014438, 0.000000,
                -0.000950, 0.735011, 0.678055, 0.000000,
                -0.018767,-0.677949, 0.734870, 0.000000,
                 0.000000,13.216908, 0.000001, 1.000000;;
              }
              Frame Armature_mixamorig_LeftToe_End {
                FrameTransformMatrix {
                   1.000000, 0.000000,-0.000000, 0.000000,
                  -0.000000, 1.000000, 0.000000, 0.000000,
                   0.000000,-0.000000, 1.000000, 0.000000,
                  -0.000001, 5.788504, 0.000000, 1.000000;;
                }
              } // End of Armature_mixamorig_LeftToe_End
            } // End of Armature_mixamorig_LeftToeBase
          } // End of Armature_mixamorig_LeftFoot
        } // End of Armature_mixamorig_LeftLeg
      } // End of Armature_mixamorig_LeftUpLeg
      Frame Armature_mixamorig_RightUpLeg {
        FrameTransformMatrix {
           0.317815,-0.437395,-0.841236, 0.000000,
          -0.102833, 0.866103,-0.489174, 0.000000,
           0.942559, 0.241974, 0.230282, 0.000000,
          -10.875099,-4.789501, 0.850100, 1.000000;;
        }
        Frame Armature_mixamorig_RightLeg {
          FrameTransformMatrix {
             0.342922, 0.650114,-0.678054, 0.000000,
             0.275310,-0.759682,-0.589142, 0.000000,
            -0.898114, 0.015355,-0.439494, 0.000000,
            -0.000001,18.547504, 0.000001, 1.000000;;
          }
          Frame Armature_mixamorig_RightFoot {
            FrameTransformMatrix {
               0.998220, 0.042630, 0.041699, 0.000000,
              -0.057815, 0.863173, 0.501588, 0.000000,
              -0.014611,-0.503106, 0.864101, 0.000000,
              -0.000001,12.489807,-0.000001, 1.000000;;
            }
            Frame Armature_mixamorig_RightToeBase {
              FrameTransformMatrix {
                 0.933229, 0.087124,-0.348557, 0.000000,
                 0.250264, 0.538437, 0.804645, 0.000000,
                 0.257780,-0.838149, 0.480682, 0.000000,
                 0.000000,13.166504,-0.000000, 1.000000;;
              }
              Frame Armature_mixamorig_RightToe_End {
                FrameTransformMatrix {
                   1.000000,-0.000000, 0.000000, 0.000000,
                   0.000000, 1.000000, 0.000000, 0.000000,
                  -0.000000,-0.000000, 1.000000, 0.000000,
                   0.000001, 6.107000, 0.000000, 1.000000;;
                }
              } // End of Armature_mixamorig_RightToe_End
            } // End of Armature_mixamorig_RightToeBase
          } // End of Armature_mixamorig_RightFoot
        } // End of Armature_mixamorig_RightLeg
      } // End of Armature_mixamorig_RightUpLeg
      Frame Armature_mixamorig_Spine {
        FrameTransformMatrix {
           0.957623,-0.199268,-0.207966, 0.000000,
           0.275793, 0.842568, 0.462620, 0.000000,
           0.083040,-0.500372, 0.861819, 0.000000,
           0.000000, 8.576901, 0.088300, 1.000000;;
        }
        Frame Armature_mixamorig_Spine1 {
          FrameTransformMatrix {
             0.999341,-0.027930, 0.023176, 0.000000,
             0.027089, 0.998991, 0.035827, 0.000000,
            -0.024153,-0.035175, 0.999089, 0.000000,
            -0.000001,10.006901, 0.000001, 1.000000;;
          }
          Frame Armature_mixamorig_Spine2 {
            FrameTransformMatrix {
               0.999386,-0.027206, 0.022078, 0.000000,
               0.026396, 0.998996, 0.036191, 0.000000,
              -0.023040,-0.035586, 0.999101, 0.000000,
              -0.000001,11.436504, 0.000001, 1.000000;;
            }
            Frame Armature_mixamorig_LeftShoulder {
              FrameTransformMatrix {
                 0.248497, 0.021090,-0.968403, 0.000000,
                 0.710131, 0.675964, 0.196944, 0.000000,
                 0.658759,-0.736633, 0.152999, 0.000000,
                 7.649901,15.424211,-0.027899, 1.000000;;
              }
              Frame Armature_mixamorig_LeftArm {
                FrameTransformMatrix {
                   0.849886,-0.003992, 0.526951, 0.000000,
                  -0.508391, 0.256944, 0.821899, 0.000000,
                  -0.138678,-0.966418, 0.216344, 0.000000,
                  -0.000004,16.032499, 0.000008, 1.000000;;
                }
                Frame Armature_mixamorig_LeftForeArm {
                  FrameTransformMatrix {
                    -0.050300,-0.076840, 0.995774, 0.000000,
                    -0.957758, 0.286372,-0.026282, 0.000000,
                    -0.283142,-0.955032,-0.087999, 0.000000,
                    -0.000000,29.518997,-0.000005, 1.000000;;
                  }
                  Frame Armature_mixamorig_LeftHand {
                    FrameTransformMatrix {
                      -0.436819, 0.417974,-0.796547, 0.000000,
                       0.083666, 0.900535, 0.426658, 0.000000,
                       0.895650, 0.119728,-0.428341, 0.000000,
                       0.000011,18.002510, 0.000002, 1.000000;;
                    }
                    Frame Armature_mixamorig_LeftHandIndex1 {
                      FrameTransformMatrix {
                         0.559731, 0.684321, 0.467339, 0.000000,
                        -0.686070, 0.066383, 0.724501, 0.000000,
                         0.464767,-0.726153, 0.506648, 0.000000,
                        -0.000001, 9.685102, 0.103493, 1.000000;;
                      }
                      Frame Armature_mixamorig_LeftHandIndex2 {
                        FrameTransformMatrix {
                           0.848393, 0.478245, 0.226959, 0.000000,
                          -0.465253, 0.469112, 0.750649, 0.000000,
                           0.252525,-0.742439, 0.620496, 0.000000,
                           0.593804, 5.291201,-0.000006, 1.000000;;
                        }
                        Frame Armature_mixamorig_LeftHandIndex3 {
                          FrameTransformMatrix {
                             0.820085, 0.537438, 0.196524, 0.000000,
                            -0.443456, 0.379810, 0.811844, 0.000000,
                             0.361674,-0.752931, 0.549806, 0.000000,
                            -0.257697, 4.660703,-0.000005, 1.000000;;
                          }
                          Frame Armature_mixamorig_LeftHandIndex4 {
                            FrameTransformMatrix {
                               1.000000, 0.000000, 0.000000, 0.000000,
                              -0.000000, 1.000000, 0.000000, 0.000000,
                              -0.000000,-0.000000, 1.000000, 0.000000,
                              -0.336099, 3.119903,-0.000002, 1.000000;;
                            }
                          } // End of Armature_mixamorig_LeftHandIndex4
                        } // End of Armature_mixamorig_LeftHandIndex3
                      } // End of Armature_mixamorig_LeftHandIndex2
                    } // End of Armature_mixamorig_LeftHandIndex1
                    Frame Armature_mixamorig_LeftHandThumb1 {
                      FrameTransformMatrix {
                         0.578717, 0.806641, 0.120069, 0.000000,
                        -0.792393, 0.521354, 0.316706, 0.000000,
                         0.192870,-0.278425, 0.940893, 0.000000,
                        -3.734807, 4.018997,-0.000002, 1.000000;;
                      }
                      Frame Armature_mixamorig_LeftHandThumb2 {
                        FrameTransformMatrix {
                           0.734642,-0.629087,-0.254069, 0.000000,
                           0.659388, 0.750198, 0.049100, 0.000000,
                           0.159714,-0.203601, 0.965939, 0.000000,
                           0.608905, 4.346704,-0.000003, 1.000000;;
                        }
                        Frame Armature_mixamorig_LeftHandThumb3 {
                          FrameTransformMatrix {
                             0.498832, 0.619917,-0.605698, 0.000000,
                            -0.122472, 0.742262, 0.658824, 0.000000,
                             0.858002,-0.254461, 0.446186, 0.000000,
                            -1.309703, 4.552699, 0.000001, 1.000000;;
                          }
                          Frame Armature_mixamorig_LeftHandThumb4 {
                            FrameTransformMatrix {
                               1.000000, 0.000000,-0.000000, 0.000000,
                              -0.000000, 1.000000, 0.000000, 0.000000,
                               0.000000,-0.000000, 1.000000, 0.000000,
                               0.700798, 3.269000, 0.000001, 1.000000;;
                            }
                          } // End of Armature_mixamorig_LeftHandThumb4
                        } // End of Armature_mixamorig_LeftHandThumb3
                      } // End of Armature_mixamorig_LeftHandThumb2
                    } // End of Armature_mixamorig_LeftHandThumb1
                  } // End of Armature_mixamorig_LeftHand
                } // End of Armature_mixamorig_LeftForeArm
              } // End of Armature_mixamorig_LeftArm
            } // End of Armature_mixamorig_LeftShoulder
            Frame Armature_mixamorig_Neck {
              FrameTransformMatrix {
                 0.990287,-0.006818,-0.138870, 0.000000,
                 0.001421, 0.999241,-0.038926, 0.000000,
                 0.139031, 0.038351, 0.989545, 0.000000,
                 0.000000,12.866008, 0.000002, 1.000000;;
              }
              Frame Armature_mixamorig_Head {
                FrameTransformMatrix {
                   0.967126,-0.136529,-0.214538, 0.000000,
                   0.045192, 0.922500,-0.383342, 0.000000,
                   0.250249, 0.361045, 0.898344, 0.000000,
                   0.000001, 9.790709, 0.891200, 1.000000;;
                }
                Frame Armature_mixamorig_HeadTop_End {
                  FrameTransformMatrix {
                     1.000000, 0.000000, 0.000000, 0.000000,
                     0.000000, 1.000000, 0.000000, 0.000000,
                     0.000000, 0.000000, 1.000000, 0.000000,
                    -0.000000,38.809296, 3.532804, 1.000000;;
                  }
                } // End of Armature_mixamorig_HeadTop_End
              } // End of Armature_mixamorig_Head
            } // End of Armature_mixamorig_Neck
            Frame Armature_mixamorig_RightShoulder {
              FrameTransformMatrix {
                -0.040863,-0.055412, 0.997627, 0.000000,
                -0.961577, 0.273466,-0.024196, 0.000000,
                -0.271477,-0.960284,-0.064458, 0.000000,
                -7.649901,15.424305,-0.024697, 1.000000;;
              }
              Frame Armature_mixamorig_RightArm {
                FrameTransformMatrix {
                   0.717308, 0.688699,-0.105657, 0.000000,
                   0.134001, 0.012452, 0.990903, 0.000000,
                   0.683749,-0.724941,-0.083354, 0.000000,
                  -0.000001,16.032503,-0.000001, 1.000000;;
                }
                Frame Armature_mixamorig_RightForeArm {
                  FrameTransformMatrix {
                    -0.086819, 0.032992,-0.995678, 0.000000,
                     0.358045, 0.933704,-0.000282, 0.000000,
                     0.929659,-0.356521,-0.092876, 0.000000,
                    -0.000004,29.515007,-0.000002, 1.000000;;
                  }
                  Frame Armature_mixamorig_RightHand {
                    FrameTransformMatrix {
                      -0.449557,-0.009551, 0.893201, 0.000000,
                      -0.054972, 0.998343,-0.016992, 0.000000,
                      -0.891558,-0.056740,-0.449338, 0.000000,
                      -0.000002,17.998909, 0.000005, 1.000000;;
                    }
                    Frame Armature_mixamorig_RightHandIndex1 {
                      FrameTransformMatrix {
                         0.887603,-0.408821,-0.212193, 0.000000,
                         0.409611, 0.489886, 0.769565, 0.000000,
                        -0.210663,-0.769985, 0.602282, 0.000000,
                         0.000004,10.367395, 0.072202, 1.000000;;
                      }
                      Frame Armature_mixamorig_RightHandIndex2 {
                        FrameTransformMatrix {
                           0.771318,-0.588727,-0.241803, 0.000000,
                           0.528726, 0.381234, 0.758359, 0.000000,
                          -0.354283,-0.712784, 0.605328, 0.000000,
                           0.220797, 5.278704,-0.000004, 1.000000;;
                        }
                        Frame Armature_mixamorig_RightHandIndex3 {
                          FrameTransformMatrix {
                             0.812839,-0.514156,-0.273747, 0.000000,
                             0.528748, 0.454121, 0.717077, 0.000000,
                            -0.244375,-0.727611, 0.640986, 0.000000,
                             0.056095, 4.373296,-0.000003, 1.000000;;
                          }
                          Frame Armature_mixamorig_RightHandIndex4 {
                            FrameTransformMatrix {
                               1.000000,-0.000000,-0.000000, 0.000000,
                               0.000000, 1.000000, 0.000000, 0.000000,
                               0.000000,-0.000000, 1.000000, 0.000000,
                              -0.276898, 2.801299, 0.000002, 1.000000;;
                            }
                          } // End of Armature_mixamorig_RightHandIndex4
                        } // End of Armature_mixamorig_RightHandIndex3
                      } // End of Armature_mixamorig_RightHandIndex2
                    } // End of Armature_mixamorig_RightHandIndex1
                    Frame Armature_mixamorig_RightHandThumb1 {
                      FrameTransformMatrix {
                         0.805699,-0.559607,-0.194135, 0.000000,
                         0.504525, 0.476649, 0.719903, 0.000000,
                        -0.310329,-0.677971, 0.666372, 0.000000,
                         3.870503, 3.727999, 0.000004, 1.000000;;
                      }
                      Frame Armature_mixamorig_RightHandThumb2 {
                        FrameTransformMatrix {
                           0.833895, 0.497140, 0.239730, 0.000000,
                          -0.437939, 0.860348,-0.260788, 0.000000,
                          -0.335899, 0.112482, 0.935157, 0.000000,
                          -0.775103, 4.228702,-0.000004, 1.000000;;
                        }
                        Frame Armature_mixamorig_RightHandThumb3 {
                          FrameTransformMatrix {
                             0.960847,-0.043466,-0.273649, 0.000000,
                             0.018677, 0.995533,-0.092550, 0.000000,
                             0.276450, 0.083815, 0.957366, 0.000000,
                             1.262100, 4.811299,-0.000001, 1.000000;;
                          }
                          Frame Armature_mixamorig_RightHandThumb4 {
                            FrameTransformMatrix {
                               1.000000, 0.000000,-0.000000, 0.000000,
                              -0.000000, 1.000000,-0.000000, 0.000000,
                              -0.000000, 0.000000, 1.000000, 0.000000,
                              -0.486903, 3.520805, 0.000004, 1.000000;;
                            }
                          } // End of Armature_mixamorig_RightHandThumb4
                        } // End of Armature_mixamorig_RightHandThumb3
                      } // End of Armature_mixamorig_RightHandThumb2
                    } // End of Armature_mixamorig_RightHandThumb1
                  } // End of Armature_mixamorig_RightHand
                } // End of Armature_mixamorig_RightForeArm
              } // End of Armature_mixamorig_RightArm
            } // End of Armature_mixamorig_RightShoulder
          } // End of Armature_mixamorig_Spine2
        } // End of Armature_mixamorig_Spine1
      } // End of Armature_mixamorig_Spine
    } // End of Armature_mixamorig_Hips
  } // End of Armature
} // End of Root
AnimationSet Global {
  Animation {
    {Armature}
    AnimationKey { // Rotation
      0;
      83;
      0;4;-0.707107, 0.707107, 0.000000, 0.000000;;,
      1;4;-0.707107, 0.707107, 0.000000, 0.000000;;,
      2;4;-0.707107, 0.707107, 0.000000, 0.000000;;,
      3;4;-0.707107, 0.707107, 0.000000, 0.000000;;,
      4;4;-0.707107, 0.707107, 0.000000, 0.000000;;,
      5;4;-0.707107, 0.707107, 0.000000, 0.000000;;,
      6;4;-0.707107, 0.707107, 0.000000, 0.000000;;,
      7;4;-0.707107, 0.707107, 0.000000, 0.000000;;,
      8;4;-0.707107, 0.707107, 0.000000, 0.000000;;,
      9;4;-0.707107, 0.707107, 0.000000, 0.000000;;,
      10;4;-0.707107, 0.707107, 0.000000, 0.000000;;,
      11;4;-0.707107, 0.707107, 0.000000, 0.000000;;,
      12;4;-0.707107, 0.707107, 0.000000, 0.000000;;,
      13;4;-0.707107, 0.707107, 0.000000, 0.000000;;,
      14;4;-0.707107, 0.707107, 0.000000, 0.000000;;,
      15;4;-0.707107, 0.707107, 0.000000, 0.000000;;,
      16;4;-0.707107, 0.707107, 0.000000, 0.000000;;,
      17;4;-0.707107, 0.707107, 0.000000, 0.000000;;,
      18;4;-0.707107, 0.707107, 0.000000, 0.000000;;,
      19;4;-0.707107, 0.707107, 0.000000, 0.000000;;,
      20;4;-0.707107, 0.707107, 0.000000, 0.000000;;,
      21;4;-0.707107, 0.707107, 0.000000, 0.000000;;,
      22;4;-0.707107, 0.707107, 0.000000, 0.000000;;,
      23;4;-0.707107, 0.707107, 0.000000, 0.000000;;,
      24;4;-0.707107, 0.707107, 0.000000, 0.000000;;,
      25;4;-0.707107, 0.707107, 0.000000, 0.000000;;,
      26;4;-0.707107, 0.707107, 0.000000, 0.000000;;,
      27;4;-0.707107, 0.707107, 0.000000, 0.000000;;,
      28;4;-0.707107, 0.707107, 0.000000, 0.000000;;,
      29;4;-0.707107, 0.707107, 0.000000, 0.000000;;,
      30;4;-0.707107, 0.707107, 0.000000, 0.000000;;,
      31;4;-0.707107, 0.707107, 0.000000, 0.000000;;,
      32;4;-0.707107, 0.707107, 0.000000, 0.000000;;,
      33;4;-0.707107, 0.707107, 0.000000, 0.000000;;,
      34;4;-0.707107, 0.707107, 0.000000, 0.000000;;,
      35;4;-0.707107, 0.707107, 0.000000, 0.000000;;,
      36;4;-0.707107, 0.707107, 0.000000, 0.000000;;,
      37;4;-0.707107, 0.707107, 0.000000, 0.000000;;,
      38;4;-0.707107, 0.707107, 0.000000, 0.000000;;,
      39;4;-0.707107, 0.707107, 0.000000, 0.000000;;,
      40;4;-0.707107, 0.707107, 0.000000, 0.000000;;,
      41;4;-0.707107, 0.707107, 0.000000, 0.000000;;,
      42;4;-0.707107, 0.707107, 0.000000, 0.000000;;,
      43;4;-0.707107, 0.707107, 0.000000, 0.000000;;,
      44;4;-0.707107, 0.707107, 0.000000, 0.000000;;,
      45;4;-0.707107, 0.707107, 0.000000, 0.000000;;,
      46;4;-0.707107, 0.707107, 0.000000, 0.000000;;,
      47;4;-0.707107, 0.707107, 0.000000, 0.000000;;,
      48;4;-0.707107, 0.707107, 0.000000, 0.000000;;,
      49;4;-0.707107, 0.707107, 0.000000, 0.000000;;,
      50;4;-0.707107, 0.707107, 0.000000, 0.000000;;,
      51;4;-0.707107, 0.707107, 0.000000, 0.000000;;,
      52;4;-0.707107, 0.707107, 0.000000, 0.000000;;,
      53;4;-0.707107, 0.707107, 0.000000, 0.000000;;,
      54;4;-0.707107, 0.707107, 0.000000, 0.000000;;,
      55;4;-0.707107, 0.707107, 0.000000, 0.000000;;,
      56;4;-0.707107, 0.707107, 0.000000, 0.000000;;,
      57;4;-0.707107, 0.707107, 0.000000, 0.000000;;,
      58;4;-0.707107, 0.707107, 0.000000, 0.000000;;,
      59;4;-0.707107, 0.707107, 0.000000, 0.000000;;,
      60;4;-0.707107, 0.707107, 0.000000, 0.000000;;,
      61;4;-0.707107, 0.707107, 0.000000, 0.000000;;,
      62;4;-0.707107, 0.707107, 0.000000, 0.000000;;,
      63;4;-0.707107, 0.707107, 0.000000, 0.000000;;,
      64;4;-0.707107, 0.707107, 0.000000, 0.000000;;,
      65;4;-0.707107, 0.707107, 0.000000, 0.000000;;,
      66;4;-0.707107, 0.707107, 0.000000, 0.000000;;,
      67;4;-0.707107, 0.707107, 0.000000, 0.000000;;,
      68;4;-0.707107, 0.707107, 0.000000, 0.000000;;,
      69;4;-0.707107, 0.707107, 0.000000, 0.000000;;,
      70;4;-0.707107, 0.707107, 0.000000, 0.000000;;,
      71;4;-0.707107, 0.707107, 0.000000, 0.000000;;,
      72;4;-0.707107, 0.707107, 0.000000, 0.000000;;,
      73;4;-0.707107, 0.707107, 0.000000, 0.000000;;,
      74;4;-0.707107, 0.707107, 0.000000, 0.000000;;,
      75;4;-0.707107, 0.707107, 0.000000, 0.000000;;,
      76;4;-0.707107, 0.707107, 0.000000, 0.000000;;,
      77;4;-0.707107, 0.707107, 0.000000, 0.000000;;,
      78;4;-0.707107, 0.707107, 0.000000, 0.000000;;,
      79;4;-0.707107, 0.707107, 0.000000, 0.000000;;,
      80;4;-0.707107, 0.707107, 0.000000, 0.000000;;,
      81;4;-0.707107, 0.707107, 0.000000, 0.000000;;,
      82;4;-0.707107, 0.707107, 0.000000, 0.000000;;;
    }
    AnimationKey { // Scale
      1;
      83;
      0;3; 0.010000, 0.010000, 0.010000;;,
      1;3; 0.010000, 0.010000, 0.010000;;,
      2;3; 0.010000, 0.010000, 0.010000;;,
      3;3; 0.010000, 0.010000, 0.010000;;,
      4;3; 0.010000, 0.010000, 0.010000;;,
      5;3; 0.010000, 0.010000, 0.010000;;,
      6;3; 0.010000, 0.010000, 0.010000;;,
      7;3; 0.010000, 0.010000, 0.010000;;,
      8;3; 0.010000, 0.010000, 0.010000;;,
      9;3; 0.010000, 0.010000, 0.010000;;,
      10;3; 0.010000, 0.010000, 0.010000;;,
      11;3; 0.010000, 0.010000, 0.010000;;,
      12;3; 0.010000, 0.010000, 0.010000;;,
      13;3; 0.010000, 0.010000, 0.010000;;,
      14;3; 0.010000, 0.010000, 0.010000;;,
      15;3; 0.010000, 0.010000, 0.010000;;,
      16;3; 0.010000, 0.010000, 0.010000;;,
      17;3; 0.010000, 0.010000, 0.010000;;,
      18;3; 0.010000, 0.010000, 0.010000;;,
      19;3; 0.010000, 0.010000, 0.010000;;,
      20;3; 0.010000, 0.010000, 0.010000;;,
      21;3; 0.010000, 0.010000, 0.010000;;,
      22;3; 0.010000, 0.010000, 0.010000;;,
      23;3; 0.010000, 0.010000, 0.010000;;,
      24;3; 0.010000, 0.010000, 0.010000;;,
      25;3; 0.010000, 0.010000, 0.010000;;,
      26;3; 0.010000, 0.010000, 0.010000;;,
      27;3; 0.010000, 0.010000, 0.010000;;,
      28;3; 0.010000, 0.010000, 0.010000;;,
      29;3; 0.010000, 0.010000, 0.010000;;,
      30;3; 0.010000, 0.010000, 0.010000;;,
      31;3; 0.010000, 0.010000, 0.010000;;,
      32;3; 0.010000, 0.010000, 0.010000;;,
      33;3; 0.010000, 0.010000, 0.010000;;,
      34;3; 0.010000, 0.010000, 0.010000;;,
      35;3; 0.010000, 0.010000, 0.010000;;,
      36;3; 0.010000, 0.010000, 0.010000;;,
      37;3; 0.010000, 0.010000, 0.010000;;,
      38;3; 0.010000, 0.010000, 0.010000;;,
      39;3; 0.010000, 0.010000, 0.010000;;,
      40;3; 0.010000, 0.010000, 0.010000;;,
      41;3; 0.010000, 0.010000, 0.010000;;,
      42;3; 0.010000, 0.010000, 0.010000;;,
      43;3; 0.010000, 0.010000, 0.010000;;,
      44;3; 0.010000, 0.010000, 0.010000;;,
      45;3; 0.010000, 0.010000, 0.010000;;,
      46;3; 0.010000, 0.010000, 0.010000;;,
      47;3; 0.010000, 0.010000, 0.010000;;,
      48;3; 0.010000, 0.010000, 0.010000;;,
      49;3; 0.010000, 0.010000, 0.010000;;,
      50;3; 0.010000, 0.010000, 0.010000;;,
      51;3; 0.010000, 0.010000, 0.010000;;,
      52;3; 0.010000, 0.010000, 0.010000;;,
      53;3; 0.010000, 0.010000, 0.010000;;,
      54;3; 0.010000, 0.010000, 0.010000;;,
      55;3; 0.010000, 0.010000, 0.010000;;,
      56;3; 0.010000, 0.010000, 0.010000;;,
      57;3; 0.010000, 0.010000, 0.010000;;,
      58;3; 0.010000, 0.010000, 0.010000;;,
      59;3; 0.010000, 0.010000, 0.010000;;,
      60;3; 0.010000, 0.010000, 0.010000;;,
      61;3; 0.010000, 0.010000, 0.010000;;,
      62;3; 0.010000, 0.010000, 0.010000;;,
      63;3; 0.010000, 0.010000, 0.010000;;,
      64;3; 0.010000, 0.010000, 0.010000;;,
      65;3; 0.010000, 0.010000, 0.010000;;,
      66;3; 0.010000, 0.010000, 0.010000;;,
      67;3; 0.010000, 0.010000, 0.010000;;,
      68;3; 0.010000, 0.010000, 0.010000;;,
      69;3; 0.010000, 0.010000, 0.010000;;,
      70;3; 0.010000, 0.010000, 0.010000;;,
      71;3; 0.010000, 0.010000, 0.010000;;,
      72;3; 0.010000, 0.010000, 0.010000;;,
      73;3; 0.010000, 0.010000, 0.010000;;,
      74;3; 0.010000, 0.010000, 0.010000;;,
      75;3; 0.010000, 0.010000, 0.010000;;,
      76;3; 0.010000, 0.010000, 0.010000;;,
      77;3; 0.010000, 0.010000, 0.010000;;,
      78;3; 0.010000, 0.010000, 0.010000;;,
      79;3; 0.010000, 0.010000, 0.010000;;,
      80;3; 0.010000, 0.010000, 0.010000;;,
      81;3; 0.010000, 0.010000, 0.010000;;,
      82;3; 0.010000, 0.010000, 0.010000;;;
    }
    AnimationKey { // Position
      2;
      83;
      0;3; 0.000000, 0.000000, 0.000000;;,
      1;3; 0.000000, 0.000000, 0.000000;;,
      2;3; 0.000000, 0.000000, 0.000000;;,
      3;3; 0.000000, 0.000000, 0.000000;;,
      4;3; 0.000000, 0.000000, 0.000000;;,
      5;3; 0.000000, 0.000000, 0.000000;;,
      6;3; 0.000000, 0.000000, 0.000000;;,
      7;3; 0.000000, 0.000000, 0.000000;;,
      8;3; 0.000000, 0.000000, 0.000000;;,
      9;3; 0.000000, 0.000000, 0.000000;;,
      10;3; 0.000000, 0.000000, 0.000000;;,
      11;3; 0.000000, 0.000000, 0.000000;;,
      12;3; 0.000000, 0.000000, 0.000000;;,
      13;3; 0.000000, 0.000000, 0.000000;;,
      14;3; 0.000000, 0.000000, 0.000000;;,
      15;3; 0.000000, 0.000000, 0.000000;;,
      16;3; 0.000000, 0.000000, 0.000000;;,
      17;3; 0.000000, 0.000000, 0.000000;;,
      18;3; 0.000000, 0.000000, 0.000000;;,
      19;3; 0.000000, 0.000000, 0.000000;;,
      20;3; 0.000000, 0.000000, 0.000000;;,
      21;3; 0.000000, 0.000000, 0.000000;;,
      22;3; 0.000000, 0.000000, 0.000000;;,
      23;3; 0.000000, 0.000000, 0.000000;;,
      24;3; 0.000000, 0.000000, 0.000000;;,
      25;3; 0.000000, 0.000000, 0.000000;;,
      26;3; 0.000000, 0.000000, 0.000000;;,
      27;3; 0.000000, 0.000000, 0.000000;;,
      28;3; 0.000000, 0.000000, 0.000000;;,
      29;3; 0.000000, 0.000000, 0.000000;;,
      30;3; 0.000000, 0.000000, 0.000000;;,
      31;3; 0.000000, 0.000000, 0.000000;;,
      32;3; 0.000000, 0.000000, 0.000000;;,
      33;3; 0.000000, 0.000000, 0.000000;;,
      34;3; 0.000000, 0.000000, 0.000000;;,
      35;3; 0.000000, 0.000000, 0.000000;;,
      36;3; 0.000000, 0.000000, 0.000000;;,
      37;3; 0.000000, 0.000000, 0.000000;;,
      38;3; 0.000000, 0.000000, 0.000000;;,
      39;3; 0.000000, 0.000000, 0.000000;;,
      40;3; 0.000000, 0.000000, 0.000000;;,
      41;3; 0.000000, 0.000000, 0.000000;;,
      42;3; 0.000000, 0.000000, 0.000000;;,
      43;3; 0.000000, 0.000000, 0.000000;;,
      44;3; 0.000000, 0.000000, 0.000000;;,
      45;3; 0.000000, 0.000000, 0.000000;;,
      46;3; 0.000000, 0.000000, 0.000000;;,
      47;3; 0.000000, 0.000000, 0.000000;;,
      48;3; 0.000000, 0.000000, 0.000000;;,
      49;3; 0.000000, 0.000000, 0.000000;;,
      50;3; 0.000000, 0.000000, 0.000000;;,
      51;3; 0.000000, 0.000000, 0.000000;;,
      52;3; 0.000000, 0.000000, 0.000000;;,
      53;3; 0.000000, 0.000000, 0.000000;;,
      54;3; 0.000000, 0.000000, 0.000000;;,
      55;3; 0.000000, 0.000000, 0.000000;;,
      56;3; 0.000000, 0.000000, 0.000000;;,
      57;3; 0.000000, 0.000000, 0.000000;;,
      58;3; 0.000000, 0.000000, 0.000000;;,
      59;3; 0.000000, 0.000000, 0.000000;;,
      60;3; 0.000000, 0.000000, 0.000000;;,
      61;3; 0.000000, 0.000000, 0.000000;;,
      62;3; 0.000000, 0.000000, 0.000000;;,
      63;3; 0.000000, 0.000000, 0.000000;;,
      64;3; 0.000000, 0.000000, 0.000000;;,
      65;3; 0.000000, 0.000000, 0.000000;;,
      66;3; 0.000000, 0.000000, 0.000000;;,
      67;3; 0.000000, 0.000000, 0.000000;;,
      68;3; 0.000000, 0.000000, 0.000000;;,
      69;3; 0.000000, 0.000000, 0.000000;;,
      70;3; 0.000000, 0.000000, 0.000000;;,
      71;3; 0.000000, 0.000000, 0.000000;;,
      72;3; 0.000000, 0.000000, 0.000000;;,
      73;3; 0.000000, 0.000000, 0.000000;;,
      74;3; 0.000000, 0.000000, 0.000000;;,
      75;3; 0.000000, 0.000000, 0.000000;;,
      76;3; 0.000000, 0.000000, 0.000000;;,
      77;3; 0.000000, 0.000000, 0.000000;;,
      78;3; 0.000000, 0.000000, 0.000000;;,
      79;3; 0.000000, 0.000000, 0.000000;;,
      80;3; 0.000000, 0.000000, 0.000000;;,
      81;3; 0.000000, 0.000000, 0.000000;;,
      82;3; 0.000000, 0.000000, 0.000000;;;
    }
  }
  Animation {
    {Armature_mixamorig_Hips}
    AnimationKey { // Rotation
      0;
      83;
      0;4;-0.943231, 0.049438,-0.314884, 0.093373;;,
      1;4;-0.943818, 0.050045,-0.313811, 0.090698;;,
      2;4;-0.944411, 0.050629,-0.312693, 0.088020;;,
      3;4;-0.944973, 0.051270,-0.311656, 0.085248;;,
      4;4;-0.945514, 0.052019,-0.310674, 0.082339;;,
      5;4;-0.946030, 0.052882,-0.309762, 0.079236;;,
      6;4;-0.946512, 0.054041,-0.308897, 0.076012;;,
      7;4;-0.946970, 0.056358,-0.307928, 0.072468;;,
      8;4;-0.947420, 0.061799,-0.306472, 0.068199;;,
      9;4;-0.947842, 0.068554,-0.304715, 0.063603;;,
      10;4;-0.948303, 0.075918,-0.302425, 0.059138;;,
      11;4;-0.948984, 0.084626,-0.298643, 0.055492;;,
      12;4;-0.949646, 0.094821,-0.293962, 0.052621;;,
      13;4;-0.950188, 0.108179,-0.287788, 0.051158;;,
      14;4;-0.949792, 0.125975,-0.281830, 0.050972;;,
      15;4;-0.949062, 0.142975,-0.276019, 0.051516;;,
      16;4;-0.948629, 0.157626,-0.269219, 0.052701;;,
      17;4;-0.948579, 0.166375,-0.262912, 0.058257;;,
      18;4;-0.947962, 0.171366,-0.259153, 0.069584;;,
      19;4;-0.947833, 0.172939,-0.255255, 0.080922;;,
      20;4;-0.948162, 0.171764,-0.251347, 0.091167;;,
      21;4;-0.949427, 0.165267,-0.247641, 0.099750;;,
      22;4;-0.952526, 0.153858,-0.240696, 0.105293;;,
      23;4;-0.956215, 0.141703,-0.232267, 0.107824;;,
      24;4;-0.959362, 0.132701,-0.224808, 0.107125;;,
      25;4;-0.962483, 0.124206,-0.217031, 0.105343;;,
      26;4;-0.965850, 0.116522,-0.206939, 0.103598;;,
      27;4;-0.968804, 0.110975,-0.196647, 0.102144;;,
      28;4;-0.970656, 0.110950,-0.187512, 0.101771;;,
      29;4;-0.972273, 0.112322,-0.178118, 0.101697;;,
      30;4;-0.973288, 0.116665,-0.170712, 0.099785;;,
      31;4;-0.973328, 0.127862,-0.165954, 0.093502;;,
      32;4;-0.974554, 0.140193,-0.152004, 0.086518;;,
      33;4;-0.975193, 0.154095,-0.138591, 0.077753;;,
      34;4;-0.975021, 0.169007,-0.127206, 0.067742;;,
      35;4;-0.974290, 0.184203,-0.116465, 0.057124;;,
      36;4;-0.973155, 0.199079,-0.105806, 0.046290;;,
      37;4;-0.971586, 0.213020,-0.096670, 0.036025;;,
      38;4;-0.969826, 0.225438,-0.088862, 0.026799;;,
      39;4;-0.968100, 0.235775,-0.082635, 0.019089;;,
      40;4;-0.966724, 0.243558,-0.077178, 0.012978;;,
      41;4;-0.965698, 0.249309,-0.072133, 0.008308;;,
      42;4;-0.964848, 0.254021,-0.067247, 0.004553;;,
      43;4;-0.964130, 0.257895,-0.062775, 0.001499;;,
      44;4;-0.963501, 0.261122,-0.058986,-0.001050;;,
      45;4;-0.962913, 0.263884,-0.056153,-0.003284;;,
      46;4;-0.962315, 0.266359,-0.054525,-0.005403;;,
      47;4;-0.961655, 0.268722,-0.054318,-0.007628;;,
      48;4;-0.961030, 0.270153,-0.057697,-0.010461;;,
      49;4;-0.960446, 0.270701,-0.064048,-0.012734;;,
      50;4;-0.959783, 0.270742,-0.072948,-0.013944;;,
      51;4;-0.958892, 0.270146,-0.085955,-0.012639;;,
      52;4;-0.957762, 0.268887,-0.101444,-0.010036;;,
      53;4;-0.956474, 0.266697,-0.118241,-0.007063;;,
      54;4;-0.955030, 0.263180,-0.136520,-0.004024;;,
      55;4;-0.953609, 0.253708,-0.162050, 0.001160;;,
      56;4;-0.951576, 0.246658,-0.183305, 0.007856;;,
      57;4;-0.948527, 0.240431,-0.205528, 0.015728;;,
      58;4;-0.944579, 0.234751,-0.228184, 0.024385;;,
      59;4;-0.940202, 0.229538,-0.249485, 0.033025;;,
      60;4;-0.935685, 0.224561,-0.268997, 0.041317;;,
      61;4;-0.931397, 0.219535,-0.286159, 0.049164;;,
      62;4;-0.927423, 0.214042,-0.301422, 0.056727;;,
      63;4;-0.924127, 0.207739,-0.314229, 0.063980;;,
      64;4;-0.921430, 0.200167,-0.325341, 0.071089;;,
      65;4;-0.920508, 0.189451,-0.332681, 0.078086;;,
      66;4;-0.920551, 0.176083,-0.338084, 0.085324;;,
      67;4;-0.920720, 0.161157,-0.343054, 0.092833;;,
      68;4;-0.921113, 0.144733,-0.347292, 0.099956;;,
      69;4;-0.921323, 0.128094,-0.351418, 0.106120;;,
      70;4;-0.921820, 0.111077,-0.354648, 0.110158;;,
      71;4;-0.922513, 0.095246,-0.356590, 0.112876;;,
      72;4;-0.923615, 0.083658,-0.356483, 0.113387;;,
      73;4;-0.924857, 0.075906,-0.355162, 0.112860;;,
      74;4;-0.926363, 0.071119,-0.352616, 0.111606;;,
      75;4;-0.928409, 0.068130,-0.348146, 0.110496;;,
      76;4;-0.930493, 0.065124,-0.343578, 0.109069;;,
      77;4;-0.932402, 0.062198,-0.339437, 0.107429;;,
      78;4;-0.934441, 0.059509,-0.335015, 0.105089;;,
      79;4;-0.936685, 0.056970,-0.330040, 0.102225;;,
      80;4;-0.938934, 0.054423,-0.324925, 0.099325;;,
      81;4;-0.941142, 0.051898,-0.319795, 0.096384;;,
      82;4;-0.943231, 0.049438,-0.314884, 0.093373;;;
    }
    AnimationKey { // Scale
      1;
      83;
      0;3; 1.000000, 1.000000, 1.000000;;,
      1;3; 1.000000, 1.000000, 1.000000;;,
      2;3; 1.000000, 1.000000, 1.000000;;,
      3;3; 1.000000, 1.000000, 1.000000;;,
      4;3; 1.000000, 1.000000, 1.000000;;,
      5;3; 1.000000, 1.000000, 1.000000;;,
      6;3; 1.000000, 1.000000, 1.000000;;,
      7;3; 1.000000, 1.000000, 1.000000;;,
      8;3; 1.000000, 1.000000, 1.000000;;,
      9;3; 1.000000, 1.000000, 1.000000;;,
      10;3; 1.000000, 1.000000, 1.000000;;,
      11;3; 1.000000, 1.000000, 1.000000;;,
      12;3; 1.000000, 1.000000, 1.000000;;,
      13;3; 1.000000, 1.000000, 1.000000;;,
      14;3; 1.000000, 1.000000, 1.000000;;,
      15;3; 1.000000, 1.000000, 1.000000;;,
      16;3; 1.000000, 1.000000, 1.000000;;,
      17;3; 1.000000, 1.000000, 1.000000;;,
      18;3; 1.000000, 1.000000, 1.000000;;,
      19;3; 1.000000, 1.000000, 1.000000;;,
      20;3; 1.000000, 1.000000, 1.000000;;,
      21;3; 1.000000, 1.000000, 1.000000;;,
      22;3; 1.000000, 1.000000, 1.000000;;,
      23;3; 1.000000, 1.000000, 1.000000;;,
      24;3; 1.000000, 1.000000, 1.000000;;,
      25;3; 1.000000, 1.000000, 1.000000;;,
      26;3; 1.000000, 1.000000, 1.000000;;,
      27;3; 1.000000, 1.000000, 1.000000;;,
      28;3; 1.000000, 1.000000, 1.000000;;,
      29;3; 1.000000, 1.000000, 1.000000;;,
      30;3; 1.000000, 1.000000, 1.000000;;,
      31;3; 1.000000, 1.000000, 1.000000;;,
      32;3; 1.000000, 1.000000, 1.000000;;,
      33;3; 1.000000, 1.000000, 1.000000;;,
      34;3; 1.000000, 1.000000, 1.000000;;,
      35;3; 1.000000, 1.000000, 1.000000;;,
      36;3; 1.000000, 1.000000, 1.000000;;,
      37;3; 1.000000, 1.000000, 1.000000;;,
      38;3; 1.000000, 1.000000, 1.000000;;,
      39;3; 1.000000, 1.000000, 1.000000;;,
      40;3; 1.000000, 1.000000, 1.000000;;,
      41;3; 1.000000, 1.000000, 1.000000;;,
      42;3; 1.000000, 1.000000, 1.000000;;,
      43;3; 1.000000, 1.000000, 1.000000;;,
      44;3; 1.000000, 1.000000, 1.000000;;,
      45;3; 1.000000, 1.000000, 1.000000;;,
      46;3; 1.000000, 1.000000, 1.000000;;,
      47;3; 1.000000, 1.000000, 1.000000;;,
      48;3; 1.000000, 1.000000, 1.000000;;,
      49;3; 1.000000, 1.000000, 1.000000;;,
      50;3; 1.000000, 1.000000, 1.000000;;,
      51;3; 1.000000, 1.000000, 1.000000;;,
      52;3; 1.000000, 1.000000, 1.000000;;,
      53;3; 1.000000, 1.000000, 1.000000;;,
      54;3; 1.000000, 1.000000, 1.000000;;,
      55;3; 1.000000, 1.000000, 1.000000;;,
      56;3; 1.000000, 1.000000, 1.000000;;,
      57;3; 1.000000, 1.000000, 1.000000;;,
      58;3; 1.000000, 1.000000, 1.000000;;,
      59;3; 1.000000, 1.000000, 1.000000;;,
      60;3; 1.000000, 1.000000, 1.000000;;,
      61;3; 1.000000, 1.000000, 1.000000;;,
      62;3; 1.000000, 1.000000, 1.000000;;,
      63;3; 1.000000, 1.000000, 1.000000;;,
      64;3; 1.000000, 1.000000, 1.000000;;,
      65;3; 1.000000, 1.000000, 1.000000;;,
      66;3; 1.000000, 1.000000, 1.000000;;,
      67;3; 1.000000, 1.000000, 1.000000;;,
      68;3; 1.000000, 1.000000, 1.000000;;,
      69;3; 1.000000, 1.000000, 1.000000;;,
      70;3; 1.000000, 1.000000, 1.000000;;,
      71;3; 1.000000, 1.000000, 1.000000;;,
      72;3; 1.000000, 1.000000, 1.000000;;,
      73;3; 1.000000, 1.000000, 1.000000;;,
      74;3; 1.000000, 1.000000, 1.000000;;,
      75;3; 1.000000, 1.000000, 1.000000;;,
      76;3; 1.000000, 1.000000, 1.000000;;,
      77;3; 1.000000, 1.000000, 1.000000;;,
      78;3; 1.000000, 1.000000, 1.000000;;,
      79;3; 1.000000, 1.000000, 1.000000;;,
      80;3; 1.000000, 1.000000, 1.000000;;,
      81;3; 1.000000, 1.000000, 1.000000;;,
      82;3; 1.000000, 1.000000, 1.000000;;;
    }
    AnimationKey { // Position
      2;
      83;
      0;3;-0.357258,12.656507, 3.773009;;,
      1;3;-0.329833,12.648220, 3.884257;;,
      2;3;-0.282981,12.636662, 3.988287;;,
      3;3;-0.240948,12.605083, 4.090883;;,
      4;3;-0.189471,12.559721, 4.197378;;,
      5;3;-0.133691,12.514088, 4.321031;;,
      6;3;-0.081072,12.472635, 4.439618;;,
      7;3;-0.053297,12.434093, 4.559408;;,
      8;3;-0.027476,12.408304, 4.697154;;,
      9;3; 0.008006,12.390244, 4.838467;;,
      10;3; 0.059551,12.398134, 5.005698;;,
      11;3; 0.130864,12.460196, 5.133951;;,
      12;3; 0.203615,12.557030, 5.281603;;,
      13;3; 0.285827,12.716675, 5.428152;;,
      14;3; 0.377734,12.928106, 5.601490;;,
      15;3; 0.497586,13.233013, 5.694774;;,
      16;3; 0.554860,13.552002, 5.672976;;,
      17;3; 0.579471,13.953499, 5.605806;;,
      18;3; 0.544428,14.449657, 5.553308;;,
      19;3; 0.523306,14.879459, 5.566496;;,
      20;3; 0.658285,15.181065, 5.655633;;,
      21;3; 0.884445,15.350037, 5.848404;;,
      22;3; 1.274449,15.511917, 6.046031;;,
      23;3; 1.617545,15.716839, 6.213746;;,
      24;3; 1.821702,15.955025, 6.536580;;,
      25;3; 1.968553,16.188972, 6.929144;;,
      26;3; 2.121198,16.406498, 7.403808;;,
      27;3; 2.276275,16.580296, 7.927840;;,
      28;3; 2.491149,16.644354, 8.523991;;,
      29;3; 2.833126,16.520752, 9.298273;;,
      30;3; 3.338318,16.211197,10.354002;;,
      31;3; 3.954058,15.697651,11.603269;;,
      32;3; 3.917716,15.402580,12.026833;;,
      33;3; 3.909373,15.034229,12.492425;;,
      34;3; 4.004933,14.585968,13.115886;;,
      35;3; 4.137599,14.106041,13.774476;;,
      36;3; 4.281487,13.609383,14.487368;;,
      37;3; 4.381463,13.124180,15.058790;;,
      38;3; 4.467280,12.678818,15.502852;;,
      39;3; 4.510064,12.312080,15.798771;;,
      40;3; 4.547643,12.030949,16.027205;;,
      41;3; 4.586311,11.829556,16.198740;;,
      42;3; 4.633977,11.686531,16.332632;;,
      43;3; 4.689568,11.589989,16.434607;;,
