xof 0303txt 0032

Frame Root {
  FrameTransformMatrix {
     1.000000, 0.000000, 0.000000, 0.000000,
     0.000000,-0.000000,-1.000000, 0.000000,
     0.000000, 1.000000,-0.000000, 0.000000,
     0.000000, 0.000000, 0.000000, 1.000000;;
  }
  Frame Armature {
    FrameTransformMatrix {
       0.010000, 0.000000, 0.000000, 0.000000,
       0.000000,-0.000000, 0.010000, 0.000000,
       0.000000,-0.010000,-0.000000, 0.000000,
       0.000000, 0.000000, 0.000000, 1.000000;;
    }
    Frame Armature_mixamorig_Hips {
      FrameTransformMatrix {
         0.979832, 0.108924, 0.167526, 0.000000,
        -0.157845, 0.935999, 0.314628, 0.000000,
        -0.122534,-0.334726, 0.934315, 0.000000,
        -2.127142,29.011948,-6.674005, 1.000000;;
      }
      Frame Armature_mixamorig_LeftUpLeg {
        FrameTransformMatrix {
          -0.981914,-0.007894, 0.189164, 0.000000,
           0.184512,-0.263824, 0.946758, 0.000000,
           0.042432, 0.964538, 0.260510, 0.000000,
          10.875100,-4.789501, 1.555901, 1.000000;;
        }
        Frame Armature_mixamorig_LeftLeg {
          FrameTransformMatrix {
             0.998745, 0.037144,-0.033578, 0.000000,
             0.014917,-0.860872,-0.508603, 0.000000,
            -0.047798, 0.507464,-0.860346, 0.000000,
            -0.000000,14.866001, 0.000000, 1.000000;;
          }
          Frame Armature_mixamorig_LeftFoot {
            FrameTransformMatrix {
               0.938875, 0.287163, 0.189873, 0.000000,
              -0.302421, 0.424455, 0.853451, 0.000000,
               0.164487,-0.858705, 0.485354, 0.000000,
              -0.000001, 6.184701, 0.000001, 1.000000;;
            }
            Frame Armature_mixamorig_LeftToeBase {
              FrameTransformMatrix {
                 0.987456, 0.002286, 0.157878, 0.000000,
                -0.100326, 0.781186, 0.616184, 0.000000,
                -0.121924,-0.624294, 0.771616, 0.000000,
                 0.000000,13.216908, 0.000000, 1.000000;;
              }
              Frame Armature_mixamorig_LeftToe_End {
                FrameTransformMatrix {
                   1.000000,-0.000000,-0.000000, 0.000000,
                   0.000000, 1.000000, 0.000000, 0.000000,
                   0.000000, 0.000000, 1.000000, 0.000000,
                   0.000001, 5.788506,-0.000001, 1.000000;;
                }
              } // End of Armature_mixamorig_LeftToe_End
            } // End of Armature_mixamorig_LeftToeBase
          } // End of Armature_mixamorig_LeftFoot
        } // End of Armature_mixamorig_LeftLeg
      } // End of Armature_mixamorig_LeftUpLeg
      Frame Armature_mixamorig_RightUpLeg {
        FrameTransformMatrix {
          -0.998469,-0.015800,-0.053009, 0.000000,
          -0.024849,-0.728056, 0.685067, 0.000000,
          -0.049418, 0.685335, 0.726549, 0.000000,
          -10.875099,-4.789503, 0.850100, 1.000000;;
        }
        Frame Armature_mixamorig_RightLeg {
          FrameTransformMatrix {
             0.948921,-0.043034, 0.312565, 0.000000,
             0.208246,-0.658801,-0.722921, 0.000000,
             0.237028, 0.751085,-0.616189, 0.000000,
            -0.000001,18.547506, 0.000000, 1.000000;;
          }
          Frame Armature_mixamorig_RightFoot {
            FrameTransformMatrix {
               0.981720, 0.169135,-0.087295, 0.000000,
               0.189994,-0.843434, 0.502515, 0.000000,
               0.011365,-0.509914,-0.860151, 0.000000,
              -0.000000,12.489806, 0.000000, 1.000000;;
            }
            Frame Armature_mixamorig_RightToeBase {
              FrameTransformMatrix {
                 0.936963,-0.024873,-0.348542, 0.000000,
                 0.280335, 0.648957, 0.707295, 0.000000,
                 0.208596,-0.760418, 0.615022, 0.000000,
                -0.000000,13.166504, 0.000000, 1.000000;;
              }
              Frame Armature_mixamorig_RightToe_End {
                FrameTransformMatrix {
                   1.000000,-0.000000, 0.000000, 0.000000,
                   0.000000, 1.000000, 0.000000, 0.000000,
                  -0.000000,-0.000000, 1.000000, 0.000000,
                  -0.000003, 6.107003, 0.000000, 1.000000;;
                }
              } // End of Armature_mixamorig_RightToe_End
            } // End of Armature_mixamorig_RightToeBase
          } // End of Armature_mixamorig_RightFoot
        } // End of Armature_mixamorig_RightLeg
      } // End of Armature_mixamorig_RightUpLeg
      Frame Armature_mixamorig_Spine {
        FrameTransformMatrix {
           0.990454,-0.107734,-0.085986, 0.000000,
           0.135951, 0.866441, 0.480414, 0.000000,
           0.022745,-0.487518, 0.872817, 0.000000,
           0.000000, 8.576901, 0.088300, 1.000000;;
        }
        Frame Armature_mixamorig_Spine1 {
          FrameTransformMatrix {
             0.999427,-0.010542,-0.032157, 0.000000,
             0.011704, 0.999277, 0.036181, 0.000000,
             0.031752,-0.036537, 0.998828, 0.000000,
             0.000000,10.006899, 0.000003, 1.000000;;
          }
          Frame Armature_mixamorig_Spine2 {
            FrameTransformMatrix {
               0.999388,-0.012120,-0.032820, 0.000000,
               0.013296, 0.999269, 0.035839, 0.000000,
               0.032362,-0.036254, 0.998818, 0.000000,
              -0.000000,11.436502,-0.000001, 1.000000;;
            }
            Frame Armature_mixamorig_LeftShoulder {
              FrameTransformMatrix {
                -0.162017, 0.081670,-0.983402, 0.000000,
                 0.978732, 0.140384,-0.149589, 0.000000,
                 0.125837,-0.986723,-0.102677, 0.000000,
                 7.649900,15.424203,-0.027902, 1.000000;;
              }
              Frame Armature_mixamorig_LeftArm {
                FrameTransformMatrix {
                   0.948443, 0.233418, 0.214412, 0.000000,
                  -0.247172, 0.121254, 0.961355, 0.000000,
                   0.198399,-0.964787, 0.172697, 0.000000,
                   0.000002,16.032503, 0.000002, 1.000000;;
                }
                Frame Armature_mixamorig_LeftForeArm {
                  FrameTransformMatrix {
                    -0.199820,-0.000533, 0.979832, 0.000000,
                    -0.794373, 0.585518,-0.161680, 0.000000,
                    -0.573623,-0.810659,-0.117422, 0.000000,
                    -0.000003,29.518995, 0.000002, 1.000000;;
                  }
                  Frame Armature_mixamorig_LeftHand {
                    FrameTransformMatrix {
                      -0.451378, 0.425015,-0.784615, 0.000000,
                       0.045192, 0.889045, 0.455584, 0.000000,
                       0.891188, 0.170182,-0.420503, 0.000000,
                      -0.000002,18.002504, 0.000000, 1.000000;;
                    }
                    Frame Armature_mixamorig_LeftHandIndex1 {
                      FrameTransformMatrix {
                         0.828297, 0.530771, 0.179460, 0.000000,
                        -0.551114, 0.714079, 0.431701, 0.000000,
                         0.100986,-0.456479, 0.883984, 0.000000,
                         0.000004, 9.685101, 0.103497, 1.000000;;
                      }
                      Frame Armature_mixamorig_LeftHandIndex2 {
                        FrameTransformMatrix {
                           0.950209, 0.301703, 0.077963, 0.000000,
                          -0.296935, 0.800776, 0.520180, 0.000000,
                           0.094509,-0.517430, 0.850491, 0.000000,
                           0.593801, 5.291203,-0.000005, 1.000000;;
                        }
                        Frame Armature_mixamorig_LeftHandIndex3 {
                          FrameTransformMatrix {
                             0.999752,-0.016155,-0.015351, 0.000000,
                             0.017713, 0.994051, 0.107469, 0.000000,
                             0.013523,-0.107714, 0.994090, 0.000000,
                            -0.257697, 4.660698,-0.000001, 1.000000;;
                          }
                          Frame Armature_mixamorig_LeftHandIndex4 {
                            FrameTransformMatrix {
                               1.000000, 0.000000, 0.000000, 0.000000,
                              -0.000000, 1.000000, 0.000000, 0.000000,
                              -0.000000,-0.000000, 1.000000, 0.000000,
                              -0.336100, 3.119906,-0.000003, 1.000000;;
                            }
                          } // End of Armature_mixamorig_LeftHandIndex4
                        } // End of Armature_mixamorig_LeftHandIndex3
                      } // End of Armature_mixamorig_LeftHandIndex2
                    } // End of Armature_mixamorig_LeftHandIndex1
                    Frame Armature_mixamorig_LeftHandThumb1 {
                      FrameTransformMatrix {
                         0.773421, 0.629423,-0.075146, 0.000000,
                        -0.632620, 0.773934,-0.028610, 0.000000,
                         0.040150, 0.069666, 0.996762, 0.000000,
                        -3.734801, 4.018998, 0.000000, 1.000000;;
                      }
                      Frame Armature_mixamorig_LeftHandThumb2 {
                        FrameTransformMatrix {
                           0.835975,-0.517663,-0.182128, 0.000000,
                           0.548705, 0.793501, 0.263208, 0.000000,
                           0.008266,-0.319970, 0.947392, 0.000000,
                           0.608906, 4.346704,-0.000000, 1.000000;;
                        }
                        Frame Armature_mixamorig_LeftHandThumb3 {
                          FrameTransformMatrix {
                             0.462731, 0.552395,-0.693354, 0.000000,
                            -0.373059, 0.830839, 0.412957, 0.000000,
                             0.804181, 0.067574, 0.590531, 0.000000,
                            -1.309702, 4.552700, 0.000004, 1.000000;;
                          }
                          Frame Armature_mixamorig_LeftHandThumb4 {
                            FrameTransformMatrix {
                               1.000000, 0.000000,-0.000000, 0.000000,
                              -0.000000, 1.000000, 0.000000, 0.000000,
                               0.000000,-0.000000, 1.000000, 0.000000,
                               0.700803, 3.269000,-0.000004, 1.000000;;
                            }
                          } // End of Armature_mixamorig_LeftHandThumb4
                        } // End of Armature_mixamorig_LeftHandThumb3
                      } // End of Armature_mixamorig_LeftHandThumb2
                    } // End of Armature_mixamorig_LeftHandThumb1
                  } // End of Armature_mixamorig_LeftHand
                } // End of Armature_mixamorig_LeftForeArm
              } // End of Armature_mixamorig_LeftArm
            } // End of Armature_mixamorig_LeftShoulder
            Frame Armature_mixamorig_Neck {
              FrameTransformMatrix {
                 0.999574,-0.018265,-0.022770, 0.000000,
                 0.013516, 0.980995,-0.193564, 0.000000,
                 0.025873, 0.193174, 0.980823, 0.000000,
                 0.000001,12.865995, 0.000001, 1.000000;;
              }
              Frame Armature_mixamorig_Head {
                FrameTransformMatrix {
                   0.993772,-0.061389, 0.093002, 0.000000,
                   0.096052, 0.895015,-0.435572, 0.000000,
                  -0.056498, 0.441792, 0.895337, 0.000000,
                   0.000000, 9.790700, 0.891204, 1.000000;;
                }
                Frame Armature_mixamorig_HeadTop_End {
                  FrameTransformMatrix {
                     1.000000,-0.000000, 0.000000, 0.000000,
                     0.000000, 1.000000,-0.000000, 0.000000,
                    -0.000000,-0.000000, 1.000000, 0.000000,
                    -0.000000,38.809307, 3.532800, 1.000000;;
                  }
                } // End of Armature_mixamorig_HeadTop_End
              } // End of Armature_mixamorig_Head
            } // End of Armature_mixamorig_Neck
            Frame Armature_mixamorig_RightShoulder {
              FrameTransformMatrix {
                 0.207090, 0.002201, 0.978320, 0.000000,
                -0.868486, 0.460776, 0.182804, 0.000000,
                -0.450384,-0.887514, 0.097334, 0.000000,
                -7.649900,15.424297,-0.024699, 1.000000;;
              }
              Frame Armature_mixamorig_RightArm {
                FrameTransformMatrix {
                   0.869197, 0.125324,-0.478321, 0.000000,
                   0.449661, 0.202034, 0.870050, 0.000000,
                   0.205675,-0.971327, 0.119254, 0.000000,
                   0.000004,16.032499,-0.000009, 1.000000;;
                }
                Frame Armature_mixamorig_RightForeArm {
                  FrameTransformMatrix {
                    -0.102210, 0.088391,-0.990828, 0.000000,
                     0.987944, 0.125443,-0.090722, 0.000000,
                     0.116273,-0.988155,-0.100147, 0.000000,
                     0.000003,29.514999, 0.000007, 1.000000;;
                  }
                  Frame Armature_mixamorig_RightHand {
                    FrameTransformMatrix {
                      -0.422563,-0.308393, 0.852253, 0.000000,
                      -0.143176, 0.951236, 0.273221, 0.000000,
                      -0.894953,-0.006569,-0.446112, 0.000000,
                      -0.000001,17.998909,-0.000001, 1.000000;;
                    }
                    Frame Armature_mixamorig_RightHandIndex1 {
                      FrameTransformMatrix {
                         0.887603,-0.408821,-0.212193, 0.000000,
                         0.409611, 0.489887, 0.769565, 0.000000,
                        -0.210663,-0.769985, 0.602282, 0.000000,
                        -0.000002,10.367394, 0.072197, 1.000000;;
                      }
                      Frame Armature_mixamorig_RightHandIndex2 {
                        FrameTransformMatrix {
                           0.771318,-0.588727,-0.241803, 0.000000,
                           0.528726, 0.381234, 0.758359, 0.000000,
                          -0.354283,-0.712784, 0.605328, 0.000000,
                           0.220800, 5.278706,-0.000001, 1.000000;;
                        }
                        Frame Armature_mixamorig_RightHandIndex3 {
                          FrameTransformMatrix {
                             0.812838,-0.514156,-0.273747, 0.000000,
                             0.528748, 0.454121, 0.717077, 0.000000,
                            -0.244375,-0.727611, 0.640986, 0.000000,
                             0.056100, 4.373299,-0.000002, 1.000000;;
                          }
                          Frame Armature_mixamorig_RightHandIndex4 {
                            FrameTransformMatrix {
                               1.000000,-0.000000, 0.000000, 0.000000,
                               0.000000, 1.000000, 0.000000, 0.000000,
                               0.000000,-0.000000, 1.000000, 0.000000,
                              -0.276898, 2.801299, 0.000001, 1.000000;;
                            }
                          } // End of Armature_mixamorig_RightHandIndex4
                        } // End of Armature_mixamorig_RightHandIndex3
                      } // End of Armature_mixamorig_RightHandIndex2
                    } // End of Armature_mixamorig_RightHandIndex1
                    Frame Armature_mixamorig_RightHandThumb1 {
                      FrameTransformMatrix {
                         0.805699,-0.559607,-0.194136, 0.000000,
                         0.504525, 0.476649, 0.719903, 0.000000,
                        -0.310329,-0.677971, 0.666371, 0.000000,
                         3.870498, 3.727997, 0.000000, 1.000000;;
                      }
                      Frame Armature_mixamorig_RightHandThumb2 {
                        FrameTransformMatrix {
                           0.833895, 0.497140, 0.239730, 0.000000,
                          -0.437939, 0.860348,-0.260788, 0.000000,
                          -0.335899, 0.112483, 0.935157, 0.000000,
                          -0.775100, 4.228702, 0.000002, 1.000000;;
                        }
                        Frame Armature_mixamorig_RightHandThumb3 {
                          FrameTransformMatrix {
                             0.960847,-0.043466,-0.273650, 0.000000,
                             0.018677, 0.995533,-0.092550, 0.000000,
                             0.276450, 0.083815, 0.957366, 0.000000,
                             1.262104, 4.811301,-0.000006, 1.000000;;
                          }
                          Frame Armature_mixamorig_RightHandThumb4 {
                            FrameTransformMatrix {
                               1.000000, 0.000000,-0.000000, 0.000000,
                              -0.000000, 1.000000,-0.000000, 0.000000,
                               0.000000, 0.000000, 1.000000, 0.000000,
                              -0.486900, 3.520807,-0.000007, 1.000000;;
                            }
                          } // End of Armature_mixamorig_RightHandThumb4
                        } // End of Armature_mixamorig_RightHandThumb3
                      } // End of Armature_mixamorig_RightHandThumb2
                    } // End of Armature_mixamorig_RightHandThumb1
                  } // End of Armature_mixamorig_RightHand
                } // End of Armature_mixamorig_RightForeArm
              } // End of Armature_mixamorig_RightArm
            } // End of Armature_mixamorig_RightShoulder
          } // End of Armature_mixamorig_Spine2
        } // End of Armature_mixamorig_Spine1
      } // End of Armature_mixamorig_Spine
    } // End of Armature_mixamorig_Hips
  } // End of Armature
} // End of Root
AnimationSet Global {
  Animation {
    {Armature}
    AnimationKey { // Rotation
      0;
      105;
      0;4;-0.707107, 0.707107, 0.000000, 0.000000;;,
      1;4;-0.707107, 0.707107, 0.000000, 0.000000;;,
      2;4;-0.707107, 0.707107, 0.000000, 0.000000;;,
      3;4;-0.707107, 0.707107, 0.000000, 0.000000;;,
      4;4;-0.707107, 0.707107, 0.000000, 0.000000;;,
      5;4;-0.707107, 0.707107, 0.000000, 0.000000;;,
      6;4;-0.707107, 0.707107, 0.000000, 0.000000;;,
      7;4;-0.707107, 0.707107, 0.000000, 0.000000;;,
      8;4;-0.707107, 0.707107, 0.000000, 0.000000;;,
      9;4;-0.707107, 0.707107, 0.000000, 0.000000;;,
      10;4;-0.707107, 0.707107, 0.000000, 0.000000;;,
      11;4;-0.707107, 0.707107, 0.000000, 0.000000;;,
      12;4;-0.707107, 0.707107, 0.000000, 0.000000;;,
      13;4;-0.707107, 0.707107, 0.000000, 0.000000;;,
      14;4;-0.707107, 0.707107, 0.000000, 0.000000;;,
      15;4;-0.707107, 0.707107, 0.000000, 0.000000;;,
      16;4;-0.707107, 0.707107, 0.000000, 0.000000;;,
      17;4;-0.707107, 0.707107, 0.000000, 0.000000;;,
      18;4;-0.707107, 0.707107, 0.000000, 0.000000;;,
      19;4;-0.707107, 0.707107, 0.000000, 0.000000;;,
      20;4;-0.707107, 0.707107, 0.000000, 0.000000;;,
      21;4;-0.707107, 0.707107, 0.000000, 0.000000;;,
      22;4;-0.707107, 0.707107, 0.000000, 0.000000;;,
      23;4;-0.707107, 0.707107, 0.000000, 0.000000;;,
      24;4;-0.707107, 0.707107, 0.000000, 0.000000;;,
      25;4;-0.707107, 0.707107, 0.000000, 0.000000;;,
      26;4;-0.707107, 0.707107, 0.000000, 0.000000;;,
      27;4;-0.707107, 0.707107, 0.000000, 0.000000;;,
      28;4;-0.707107, 0.707107, 0.000000, 0.000000;;,
      29;4;-0.707107, 0.707107, 0.000000, 0.000000;;,
      30;4;-0.707107, 0.707107, 0.000000, 0.000000;;,
      31;4;-0.707107, 0.707107, 0.000000, 0.000000;;,
      32;4;-0.707107, 0.707107, 0.000000, 0.000000;;,
      33;4;-0.707107, 0.707107, 0.000000, 0.000000;;,
      34;4;-0.707107, 0.707107, 0.000000, 0.000000;;,
      35;4;-0.707107, 0.707107, 0.000000, 0.000000;;,
      36;4;-0.707107, 0.707107, 0.000000, 0.000000;;,
      37;4;-0.707107, 0.707107, 0.000000, 0.000000;;,
      38;4;-0.707107, 0.707107, 0.000000, 0.000000;;,
      39;4;-0.707107, 0.707107, 0.000000, 0.000000;;,
      40;4;-0.707107, 0.707107, 0.000000, 0.000000;;,
      41;4;-0.707107, 0.707107, 0.000000, 0.000000;;,
      42;4;-0.707107, 0.707107, 0.000000, 0.000000;;,
      43;4;-0.707107, 0.707107, 0.000000, 0.000000;;,
      44;4;-0.707107, 0.707107, 0.000000, 0.000000;;,
      45;4;-0.707107, 0.707107, 0.000000, 0.000000;;,
      46;4;-0.707107, 0.707107, 0.000000, 0.000000;;,
      47;4;-0.707107, 0.707107, 0.000000, 0.000000;;,
      48;4;-0.707107, 0.707107, 0.000000, 0.000000;;,
      49;4;-0.707107, 0.707107, 0.000000, 0.000000;;,
      50;4;-0.707107, 0.707107, 0.000000, 0.000000;;,
      51;4;-0.707107, 0.707107, 0.000000, 0.000000;;,
      52;4;-0.707107, 0.707107, 0.000000, 0.000000;;,
      53;4;-0.707107, 0.707107, 0.000000, 0.000000;;,
      54;4;-0.707107, 0.707107, 0.000000, 0.000000;;,
      55;4;-0.707107, 0.707107, 0.000000, 0.000000;;,
      56;4;-0.707107, 0.707107, 0.000000, 0.000000;;,
      57;4;-0.707107, 0.707107, 0.000000, 0.000000;;,
      58;4;-0.707107, 0.707107, 0.000000, 0.000000;;,
      59;4;-0.707107, 0.707107, 0.000000, 0.000000;;,
      60;4;-0.707107, 0.707107, 0.000000, 0.000000;;,
      61;4;-0.707107, 0.707107, 0.000000, 0.000000;;,
      62;4;-0.707107, 0.707107, 0.000000, 0.000000;;,
      63;4;-0.707107, 0.707107, 0.000000, 0.000000;;,
      64;4;-0.707107, 0.707107, 0.000000, 0.000000;;,
      65;4;-0.707107, 0.707107, 0.000000, 0.000000;;,
      66;4;-0.707107, 0.707107, 0.000000, 0.000000;;,
      67;4;-0.707107, 0.707107, 0.000000, 0.000000;;,
      68;4;-0.707107, 0.707107, 0.000000, 0.000000;;,
      69;4;-0.707107, 0.707107, 0.000000, 0.000000;;,
      70;4;-0.707107, 0.707107, 0.000000, 0.000000;;,
      71;4;-0.707107, 0.707107, 0.000000, 0.000000;;,
      72;4;-0.707107, 0.707107, 0.000000, 0.000000;;,
      73;4;-0.707107, 0.707107, 0.000000, 0.000000;;,
      74;4;-0.707107, 0.707107, 0.000000, 0.000000;;,
      75;4;-0.707107, 0.707107, 0.000000, 0.000000;;,
      76;4;-0.707107, 0.707107, 0.000000, 0.000000;;,
      77;4;-0.707107, 0.707107, 0.000000, 0.000000;;,
      78;4;-0.707107, 0.707107, 0.000000, 0.000000;;,
      79;4;-0.707107, 0.707107, 0.000000, 0.000000;;,
      80;4;-0.707107, 0.707107, 0.000000, 0.000000;;,
      81;4;-0.707107, 0.707107, 0.000000, 0.000000;;,
      82;4;-0.707107, 0.707107, 0.000000, 0.000000;;,
      83;4;-0.707107, 0.707107, 0.000000, 0.000000;;,
      84;4;-0.707107, 0.707107, 0.000000, 0.000000;;,
      85;4;-0.707107, 0.707107, 0.000000, 0.000000;;,
      86;4;-0.707107, 0.707107, 0.000000, 0.000000;;,
      87;4;-0.707107, 0.707107, 0.000000, 0.000000;;,
      88;4;-0.707107, 0.707107, 0.000000, 0.000000;;,
      89;4;-0.707107, 0.707107, 0.000000, 0.000000;;,
      90;4;-0.707107, 0.707107, 0.000000, 0.000000;;,
      91;4;-0.707107, 0.707107, 0.000000, 0.000000;;,
      92;4;-0.707107, 0.707107, 0.000000, 0.000000;;,
      93;4;-0.707107, 0.707107, 0.000000, 0.000000;;,
      94;4;-0.707107, 0.707107, 0.000000, 0.000000;;,
      95;4;-0.707107, 0.707107, 0.000000, 0.000000;;,
      96;4;-0.707107, 0.707107, 0.000000, 0.000000;;,
      97;4;-0.707107, 0.707107, 0.000000, 0.000000;;,
      98;4;-0.707107, 0.707107, 0.000000, 0.000000;;,
      99;4;-0.707107, 0.707107, 0.000000, 0.000000;;,
      100;4;-0.707107, 0.707107, 0.000000, 0.000000;;,
      101;4;-0.707107, 0.707107, 0.000000, 0.000000;;,
      102;4;-0.707107, 0.707107, 0.000000, 0.000000;;,
      103;4;-0.707107, 0.707107, 0.000000, 0.000000;;,
      104;4;-0.707107, 0.707107, 0.000000, 0.000000;;;
    }
    AnimationKey { // Scale
      1;
      105;
      0;3; 0.010000, 0.010000, 0.010000;;,
      1;3; 0.010000, 0.010000, 0.010000;;,
      2;3; 0.010000, 0.010000, 0.010000;;,
      3;3; 0.010000, 0.010000, 0.010000;;,
      4;3; 0.010000, 0.010000, 0.010000;;,
      5;3; 0.010000, 0.010000, 0.010000;;,
      6;3; 0.010000, 0.010000, 0.010000;;,
      7;3; 0.010000, 0.010000, 0.010000;;,
      8;3; 0.010000, 0.010000, 0.010000;;,
      9;3; 0.010000, 0.010000, 0.010000;;,
      10;3; 0.010000, 0.010000, 0.010000;;,
      11;3; 0.010000, 0.010000, 0.010000;;,
      12;3; 0.010000, 0.010000, 0.010000;;,
      13;3; 0.010000, 0.010000, 0.010000;;,
      14;3; 0.010000, 0.010000, 0.010000;;,
      15;3; 0.010000, 0.010000, 0.010000;;,
      16;3; 0.010000, 0.010000, 0.010000;;,
      17;3; 0.010000, 0.010000, 0.010000;;,
      18;3; 0.010000, 0.010000, 0.010000;;,
      19;3; 0.010000, 0.010000, 0.010000;;,
      20;3; 0.010000, 0.010000, 0.010000;;,
      21;3; 0.010000, 0.010000, 0.010000;;,
      22;3; 0.010000, 0.010000, 0.010000;;,
      23;3; 0.010000, 0.010000, 0.010000;;,
      24;3; 0.010000, 0.010000, 0.010000;;,
      25;3; 0.010000, 0.010000, 0.010000;;,
      26;3; 0.010000, 0.010000, 0.010000;;,
      27;3; 0.010000, 0.010000, 0.010000;;,
      28;3; 0.010000, 0.010000, 0.010000;;,
      29;3; 0.010000, 0.010000, 0.010000;;,
      30;3; 0.010000, 0.010000, 0.010000;;,
      31;3; 0.010000, 0.010000, 0.010000;;,
      32;3; 0.010000, 0.010000, 0.010000;;,
      33;3; 0.010000, 0.010000, 0.010000;;,
      34;3; 0.010000, 0.010000, 0.010000;;,
      35;3; 0.010000, 0.010000, 0.010000;;,
      36;3; 0.010000, 0.010000, 0.010000;;,
      37;3; 0.010000, 0.010000, 0.010000;;,
      38;3; 0.010000, 0.010000, 0.010000;;,
      39;3; 0.010000, 0.010000, 0.010000;;,
      40;3; 0.010000, 0.010000, 0.010000;;,
      41;3; 0.010000, 0.010000, 0.010000;;,
      42;3; 0.010000, 0.010000, 0.010000;;,
      43;3; 0.010000, 0.010000, 0.010000;;,
      44;3; 0.010000, 0.010000, 0.010000;;,
      45;3; 0.010000, 0.010000, 0.010000;;,
      46;3; 0.010000, 0.010000, 0.010000;;,
      47;3; 0.010000, 0.010000, 0.010000;;,
      48;3; 0.010000, 0.010000, 0.010000;;,
      49;3; 0.010000, 0.010000, 0.010000;;,
      50;3; 0.010000, 0.010000, 0.010000;;,
      51;3; 0.010000, 0.010000, 0.010000;;,
      52;3; 0.010000, 0.010000, 0.010000;;,
      53;3; 0.010000, 0.010000, 0.010000;;,
      54;3; 0.010000, 0.010000, 0.010000;;,
      55;3; 0.010000, 0.010000, 0.010000;;,
      56;3; 0.010000, 0.010000, 0.010000;;,
      57;3; 0.010000, 0.010000, 0.010000;;,
      58;3; 0.010000, 0.010000, 0.010000;;,
      59;3; 0.010000, 0.010000, 0.010000;;,
      60;3; 0.010000, 0.010000, 0.010000;;,
      61;3; 0.010000, 0.010000, 0.010000;;,
      62;3; 0.010000, 0.010000, 0.010000;;,
      63;3; 0.010000, 0.010000, 0.010000;;,
      64;3; 0.010000, 0.010000, 0.010000;;,
      65;3; 0.010000, 0.010000, 0.010000;;,
      66;3; 0.010000, 0.010000, 0.010000;;,
      67;3; 0.010000, 0.010000, 0.010000;;,
      68;3; 0.010000, 0.010000, 0.010000;;,
      69;3; 0.010000, 0.010000, 0.010000;;,
      70;3; 0.010000, 0.010000, 0.010000;;,
      71;3; 0.010000, 0.010000, 0.010000;;,
      72;3; 0.010000, 0.010000, 0.010000;;,
      73;3; 0.010000, 0.010000, 0.010000;;,
      74;3; 0.010000, 0.010000, 0.010000;;,
      75;3; 0.010000, 0.010000, 0.010000;;,
      76;3; 0.010000, 0.010000, 0.010000;;,
      77;3; 0.010000, 0.010000, 0.010000;;,
      78;3; 0.010000, 0.010000, 0.010000;;,
      79;3; 0.010000, 0.010000, 0.010000;;,
      80;3; 0.010000, 0.010000, 0.010000;;,
      81;3; 0.010000, 0.010000, 0.010000;;,
      82;3; 0.010000, 0.010000, 0.010000;;,
      83;3; 0.010000, 0.010000, 0.010000;;,
      84;3; 0.010000, 0.010000, 0.010000;;,
      85;3; 0.010000, 0.010000, 0.010000;;,
      86;3; 0.010000, 0.010000, 0.010000;;,
      87;3; 0.010000, 0.010000, 0.010000;;,
      88;3; 0.010000, 0.010000, 0.010000;;,
      89;3; 0.010000, 0.010000, 0.010000;;,
      90;3; 0.010000, 0.010000, 0.010000;;,
      91;3; 0.010000, 0.010000, 0.010000;;,
      92;3; 0.010000, 0.010000, 0.010000;;,
      93;3; 0.010000, 0.010000, 0.010000;;,
      94;3; 0.010000, 0.010000, 0.010000;;,
      95;3; 0.010000, 0.010000, 0.010000;;,
      96;3; 0.010000, 0.010000, 0.010000;;,
      97;3; 0.010000, 0.010000, 0.010000;;,
      98;3; 0.010000, 0.010000, 0.010000;;,
      99;3; 0.010000, 0.010000, 0.010000;;,
      100;3; 0.010000, 0.010000, 0.010000;;,
      101;3; 0.010000, 0.010000, 0.010000;;,
      102;3; 0.010000, 0.010000, 0.010000;;,
      103;3; 0.010000, 0.010000, 0.010000;;,
      104;3; 0.010000, 0.010000, 0.010000;;;
    }
    AnimationKey { // Position
      2;
      105;
      0;3; 0.000000, 0.000000, 0.000000;;,
      1;3; 0.000000, 0.000000, 0.000000;;,
      2;3; 0.000000, 0.000000, 0.000000;;,
      3;3; 0.000000, 0.000000, 0.000000;;,
      4;3; 0.000000, 0.000000, 0.000000;;,
      5;3; 0.000000, 0.000000, 0.000000;;,
      6;3; 0.000000, 0.000000, 0.000000;;,
      7;3; 0.000000, 0.000000, 0.000000;;,
      8;3; 0.000000, 0.000000, 0.000000;;,
      9;3; 0.000000, 0.000000, 0.000000;;,
      10;3; 0.000000, 0.000000, 0.000000;;,
      11;3; 0.000000, 0.000000, 0.000000;;,
      12;3; 0.000000, 0.000000, 0.000000;;,
      13;3; 0.000000, 0.000000, 0.000000;;,
      14;3; 0.000000, 0.000000, 0.000000;;,
      15;3; 0.000000, 0.000000, 0.000000;;,
      16;3; 0.000000, 0.000000, 0.000000;;,
      17;3; 0.000000, 0.000000, 0.000000;;,
      18;3; 0.000000, 0.000000, 0.000000;;,
      19;3; 0.000000, 0.000000, 0.000000;;,
      20;3; 0.000000, 0.000000, 0.000000;;,
      21;3; 0.000000, 0.000000, 0.000000;;,
      22;3; 0.000000, 0.000000, 0.000000;;,
      23;3; 0.000000, 0.000000, 0.000000;;,
      24;3; 0.000000, 0.000000, 0.000000;;,
      25;3; 0.000000, 0.000000, 0.000000;;,
      26;3; 0.000000, 0.000000, 0.000000;;,
      27;3; 0.000000, 0.000000, 0.000000;;,
      28;3; 0.000000, 0.000000, 0.000000;;,
      29;3; 0.000000, 0.000000, 0.000000;;,
      30;3; 0.000000, 0.000000, 0.000000;;,
      31;3; 0.000000, 0.000000, 0.000000;;,
      32;3; 0.000000, 0.000000, 0.000000;;,
      33;3; 0.000000, 0.000000, 0.000000;;,
      34;3; 0.000000, 0.000000, 0.000000;;,
      35;3; 0.000000, 0.000000, 0.000000;;,
      36;3; 0.000000, 0.000000, 0.000000;;,
      37;3; 0.000000, 0.000000, 0.000000;;,
      38;3; 0.000000, 0.000000, 0.000000;;,
      39;3; 0.000000, 0.000000, 0.000000;;,
      40;3; 0.000000, 0.000000, 0.000000;;,
      41;3; 0.000000, 0.000000, 0.000000;;,
      42;3; 0.000000, 0.000000, 0.000000;;,
      43;3; 0.000000, 0.000000, 0.000000;;,
      44;3; 0.000000, 0.000000, 0.000000;;,
      45;3; 0.000000, 0.000000, 0.000000;;,
      46;3; 0.000000, 0.000000, 0.000000;;,
      47;3; 0.000000, 0.000000, 0.000000;;,
      48;3; 0.000000, 0.000000, 0.000000;;,
      49;3; 0.000000, 0.000000, 0.000000;;,
      50;3; 0.000000, 0.000000, 0.000000;;,
      51;3; 0.000000, 0.000000, 0.000000;;,
      52;3; 0.000000, 0.000000, 0.000000;;,
      53;3; 0.000000, 0.000000, 0.000000;;,
      54;3; 0.000000, 0.000000, 0.000000;;,
      55;3; 0.000000, 0.000000, 0.000000;;,
      56;3; 0.000000, 0.000000, 0.000000;;,
      57;3; 0.000000, 0.000000, 0.000000;;,
      58;3; 0.000000, 0.000000, 0.000000;;,
      59;3; 0.000000, 0.000000, 0.000000;;,
      60;3; 0.000000, 0.000000, 0.000000;;,
      61;3; 0.000000, 0.000000, 0.000000;;,
      62;3; 0.000000, 0.000000, 0.000000;;,
      63;3; 0.000000, 0.000000, 0.000000;;,
      64;3; 0.000000, 0.000000, 0.000000;;,
      65;3; 0.000000, 0.000000, 0.000000;;,
      66;3; 0.000000, 0.000000, 0.000000;;,
      67;3; 0.000000, 0.000000, 0.000000;;,
      68;3; 0.000000, 0.000000, 0.000000;;,
      69;3; 0.000000, 0.000000, 0.000000;;,
      70;3; 0.000000, 0.000000, 0.000000;;,
      71;3; 0.000000, 0.000000, 0.000000;;,
      72;3; 0.000000, 0.000000, 0.000000;;,
      73;3; 0.000000, 0.000000, 0.000000;;,
      74;3; 0.000000, 0.000000, 0.000000;;,
      75;3; 0.000000, 0.000000, 0.000000;;,
      76;3; 0.000000, 0.000000, 0.000000;;,
      77;3; 0.000000, 0.000000, 0.000000;;,
      78;3; 0.000000, 0.000000, 0.000000;;,
      79;3; 0.000000, 0.000000, 0.000000;;,
      80;3; 0.000000, 0.000000, 0.000000;;,
      81;3; 0.000000, 0.000000, 0.000000;;,
      82;3; 0.000000, 0.000000, 0.000000;;,
      83;3; 0.000000, 0.000000, 0.000000;;,
      84;3; 0.000000, 0.000000, 0.000000;;,
      85;3; 0.000000, 0.000000, 0.000000;;,
      86;3; 0.000000, 0.000000, 0.000000;;,
      87;3; 0.000000, 0.000000, 0.000000;;,
      88;3; 0.000000, 0.000000, 0.000000;;,
      89;3; 0.000000, 0.000000, 0.000000;;,
      90;3; 0.000000, 0.000000, 0.000000;;,
      91;3; 0.000000, 0.000000, 0.000000;;,
      92;3; 0.000000, 0.000000, 0.000000;;,
      93;3; 0.000000, 0.000000, 0.000000;;,
      94;3; 0.000000, 0.000000, 0.000000;;,
      95;3; 0.000000, 0.000000, 0.000000;;,
      96;3; 0.000000, 0.000000, 0.000000;;,
      97;3; 0.000000, 0.000000, 0.000000;;,
      98;3; 0.000000, 0.000000, 0.000000;;,
      99;3; 0.000000, 0.000000, 0.000000;;,
      100;3; 0.000000, 0.000000, 0.000000;;,
      101;3; 0.000000, 0.000000, 0.000000;;,
      102;3; 0.000000, 0.000000, 0.000000;;,
      103;3; 0.000000, 0.000000, 0.000000;;,
      104;3; 0.000000, 0.000000, 0.000000;;;
    }
  }
  Animation {
    {Armature_mixamorig_Hips}
    AnimationKey { // Rotation
      0;
      105;
      0;4;-0.981089, 0.165468,-0.073913, 0.067978;;,
      1;4;-0.982437, 0.153983,-0.085383, 0.061774;;,
      2;4;-0.983583, 0.141782,-0.096214, 0.056610;;,
      3;4;-0.984285, 0.129386,-0.107806, 0.053111;;,
      4;4;-0.984289, 0.117365,-0.121588, 0.051158;;,
      5;4;-0.983235, 0.106279,-0.139361, 0.050324;;,
      6;4;-0.980542, 0.096640,-0.163367, 0.050086;;,
      7;4;-0.974810, 0.089008,-0.198388, 0.049656;;,
      8;4;-0.966306, 0.083011,-0.238669, 0.048990;;,
      9;4;-0.954488, 0.079983,-0.283208, 0.048472;;,
      10;4;-0.939919, 0.078194,-0.328982, 0.047007;;,
      11;4;-0.922520, 0.076307,-0.375442, 0.046656;;,
      12;4;-0.901664, 0.073694,-0.423413, 0.047883;;,
      13;4;-0.877191, 0.070546,-0.472282, 0.050094;;,
      14;4;-0.848496, 0.066887,-0.522289, 0.052871;;,
      15;4;-0.815362, 0.063284,-0.572831, 0.055178;;,
      16;4;-0.777770, 0.060167,-0.623099, 0.056572;;,
      17;4;-0.736347, 0.055814,-0.671706, 0.059057;;,
      18;4;-0.690287, 0.050614,-0.719113, 0.061792;;,
      19;4;-0.641251, 0.047924,-0.763326, 0.061917;;,
      20;4;-0.589508, 0.043514,-0.804112, 0.063177;;,
      21;4;-0.533998, 0.037468,-0.842152, 0.064978;;,
      22;4;-0.475691, 0.031199,-0.876562, 0.066217;;,
      23;4;-0.416523, 0.025776,-0.906326, 0.066468;;,
      24;4;-0.357832, 0.020460,-0.931208, 0.066258;;,
      25;4;-0.301613, 0.015183,-0.951042, 0.065713;;,
      26;4;-0.245956, 0.011064,-0.967069, 0.064511;;,
      27;4;-0.187387, 0.009882,-0.980246, 0.062493;;,
      28;4;-0.123914, 0.010035,-0.990406, 0.060332;;,
      29;4;-0.057978, 0.008744,-0.996569, 0.058419;;,
      30;4; 0.008859, 0.006015,-0.998344, 0.056518;;,
      31;4; 0.076712, 0.002876,-0.995560, 0.054469;;,
      32;4; 0.146607,-0.000223,-0.987814, 0.052250;;,
      33;4; 0.222787,-0.003334,-0.973558, 0.050405;;,
      34;4; 0.310410,-0.007072,-0.949347, 0.048319;;,
      35;4; 0.399000,-0.011258,-0.915756, 0.045422;;,
      36;4; 0.486511,-0.016532,-0.872597, 0.040098;;,
      37;4; 0.557450,-0.022526,-0.829378, 0.029565;;,
      38;4; 0.622075,-0.028546,-0.782249, 0.017180;;,
      39;4; 0.682773,-0.034502,-0.729808, 0.003328;;,
      40;4; 0.741184,-0.040678,-0.669972,-0.011384;;,
      41;4; 0.791164,-0.046567,-0.609256,-0.026445;;,
      42;4; 0.826781,-0.051604,-0.558548,-0.042360;;,
      43;4; 0.853343,-0.056052,-0.515215,-0.056724;;,
      44;4; 0.874834,-0.059826,-0.475733,-0.069022;;,
      45;4; 0.893032,-0.062741,-0.438501,-0.079215;;,
      46;4; 0.908733,-0.065404,-0.402722,-0.087991;;,
      47;4; 0.923115,-0.068544,-0.365633,-0.097328;;,
      48;4; 0.936227,-0.072380,-0.326573,-0.107655;;,
      49;4; 0.947483,-0.076362,-0.287143,-0.118297;;,
      50;4; 0.956671,-0.079811,-0.249194,-0.127723;;,
      51;4; 0.964024,-0.082836,-0.212760,-0.136121;;,
      52;4; 0.969816,-0.085692,-0.177077,-0.144077;;,
      53;4; 0.974188,-0.088347,-0.142218,-0.151413;;,
      54;4; 0.977222,-0.090763,-0.108538,-0.158175;;,
      55;4; 0.979037,-0.092952,-0.076059,-0.164506;;,
      56;4; 0.979809,-0.094935,-0.044624,-0.170205;;,
      57;4; 0.979556,-0.096692,-0.014353,-0.175827;;,
      58;4; 0.978661,-0.098234, 0.014461,-0.179900;;,
      59;4; 0.977140,-0.099567, 0.041679,-0.183156;;,
      60;4; 0.975089,-0.100464, 0.066260,-0.186327;;,
      61;4; 0.972914,-0.101194, 0.088784,-0.187925;;,
      62;4; 0.970219,-0.102166, 0.111938,-0.188963;;,
      63;4; 0.966822,-0.103275, 0.135834,-0.190101;;,
      64;4; 0.963102,-0.104304, 0.158665,-0.190735;;,
      65;4; 0.958895,-0.105342, 0.181321,-0.191169;;,
      66;4; 0.953788,-0.106662, 0.205563,-0.191458;;,
      67;4; 0.946395,-0.110053, 0.237701,-0.189005;;,
      68;4; 0.940795,-0.110933, 0.258823,-0.188703;;,
      69;4; 0.937358,-0.109791, 0.270752,-0.189733;;,
      70;4; 0.933434,-0.109222, 0.284317,-0.189568;;,
      71;4; 0.929439,-0.108805, 0.297796,-0.188738;;,
      72;4; 0.925886,-0.108084, 0.309499,-0.187783;;,
      73;4; 0.922475,-0.107581, 0.320787,-0.185910;;,
      74;4; 0.919312,-0.107135, 0.331281,-0.183415;;,
      75;4; 0.916463,-0.106631, 0.340790,-0.180523;;,
      76;4; 0.914019,-0.106004, 0.349125,-0.177326;;,
      77;4; 0.911947,-0.105262, 0.356432,-0.173863;;,
      78;4; 0.910285,-0.104392, 0.362680,-0.170140;;,
      79;4; 0.908885,-0.103417, 0.368217,-0.166284;;,
      80;4; 0.907863,-0.102320, 0.372830,-0.162213;;,
      81;4; 0.907155,-0.101120, 0.376685,-0.157966;;,
      82;4; 0.906735,-0.099819, 0.379846,-0.153572;;,
      83;4; 0.906587,-0.098423, 0.382359,-0.149045;;,
      84;4; 0.906688,-0.096960, 0.384288,-0.144356;;,
      85;4; 0.907001,-0.095466, 0.385724,-0.139471;;,
      86;4; 0.907479,-0.093973, 0.386777,-0.134369;;,
      87;4; 0.908077,-0.092487, 0.387534,-0.129072;;,
      88;4; 0.908763,-0.091002, 0.388052,-0.123627;;,
      89;4; 0.909503,-0.089524, 0.388397,-0.118059;;,
      90;4; 0.910261,-0.088058, 0.388636,-0.112393;;,
      91;4; 0.911007,-0.086611, 0.388831,-0.106659;;,
      92;4; 0.911705,-0.085191, 0.389051,-0.100873;;,
      93;4; 0.912331,-0.083800, 0.389345,-0.095077;;,
      94;4; 0.912861,-0.082431, 0.389756,-0.089327;;,
      95;4; 0.913270,-0.081089, 0.390337,-0.083658;;,
      96;4; 0.913531,-0.079781, 0.391147,-0.078105;;,
      97;4; 0.913614,-0.078515, 0.392249,-0.072702;;,
      98;4; 0.913492,-0.077298, 0.393703,-0.067487;;,
      99;4; 0.913138,-0.076137, 0.395570,-0.062496;;,
      100;4; 0.913059,-0.074978, 0.396726,-0.057528;;,
      101;4; 0.913230,-0.073808, 0.397254,-0.052474;;,
      102;4; 0.913229,-0.072662, 0.398101,-0.047424;;,
      103;4; 0.913198,-0.071530, 0.398949,-0.042347;;,
      104;4; 0.913138,-0.070414, 0.399793,-0.037238;;;
    }
    AnimationKey { // Scale
      1;
      105;
      0;3; 1.000000, 1.000000, 1.000000;;,
      1;3; 1.000000, 1.000000, 1.000000;;,
      2;3; 1.000000, 1.000000, 1.000000;;,
      3;3; 1.000000, 1.000000, 1.000000;;,
      4;3; 1.000000, 1.000000, 1.000000;;,
      5;3; 1.000000, 1.000000, 1.000000;;,
      6;3; 1.000000, 1.000000, 1.000000;;,
      7;3; 1.000000, 1.000000, 1.000000;;,
      8;3; 1.000000, 1.000000, 1.000000;;,
      9;3; 1.000000, 1.000000, 1.000000;;,
      10;3; 1.000000, 1.000000, 1.000000;;,
      11;3; 1.000000, 1.000000, 1.000000;;,
      12;3; 1.000000, 1.000000, 1.000000;;,
      13;3; 1.000000, 1.000000, 1.000000;;,
      14;3; 1.000000, 1.000000, 1.000000;;,
      15;3; 1.000000, 1.000000, 1.000000;;,
      16;3; 1.000000, 1.000000, 1.000000;;,
      17;3; 1.000000, 1.000000, 1.000000;;,
      18;3; 1.000000, 1.000000, 1.000000;;,
      19;3; 1.000000, 1.000000, 1.000000;;,
      20;3; 1.000000, 1.000000, 1.000000;;,
      21;3; 1.000000, 1.000000, 1.000000;;,
      22;3; 1.000000, 1.000000, 1.000000;;,
      23;3; 1.000000, 1.000000, 1.000000;;,
      24;3; 1.000000, 1.000000, 1.000000;;,
      25;3; 1.000000, 1.000000, 1.000000;;,
      26;3; 1.000000, 1.000000, 1.000000;;,
      27;3; 1.000000, 1.000000, 1.000000;;,
      28;3; 1.000000, 1.000000, 1.000000;;,
      29;3; 1.000000, 1.000000, 1.000000;;,
