xof 0303txt 0032

Frame Root {
  FrameTransformMatrix {
     1.000000, 0.000000, 0.000000, 0.000000,
     0.000000,-0.000000,-1.000000, 0.000000,
     0.000000, 1.000000,-0.000000, 0.000000,
     0.000000, 0.000000, 0.000000, 1.000000;;
  }
  Frame Armature {
    FrameTransformMatrix {
       0.010000, 0.000000, 0.000000, 0.000000,
       0.000000,-0.000000, 0.010000, 0.000000,
       0.000000,-0.010000,-0.000000, 0.000000,
       0.000000, 0.000000, 0.000000, 1.000000;;
    }
    Frame Armature_mixamorig_Hips {
      FrameTransformMatrix {
         0.383466,-0.014172, 0.923446, 0.000000,
        -0.176369, 0.980357, 0.088284, 0.000000,
        -0.906558,-0.196721, 0.373435, 0.000000,
         0.612329,20.544477,-6.518865, 1.000000;;
      }
      Frame Armature_mixamorig_LeftUpLeg {
        FrameTransformMatrix {
          -0.368587,-0.586538, 0.721190, 0.000000,
           0.913291,-0.083827, 0.398589, 0.000000,
          -0.173332, 0.805572, 0.566578, 0.000000,
          10.875100,-4.789501, 1.555900, 1.000000;;
        }
        Frame Armature_mixamorig_LeftLeg {
          FrameTransformMatrix {
             0.907856,-0.317220,-0.274169, 0.000000,
             0.086165, 0.781100,-0.618432, 0.000000,
             0.410332, 0.537823, 0.736460, 0.000000,
            -0.000000,14.866000, 0.000000, 1.000000;;
          }
          Frame Armature_mixamorig_LeftFoot {
            FrameTransformMatrix {
               0.597381,-0.765128, 0.240238, 0.000000,
               0.467774, 0.575770, 0.670579, 0.000000,
              -0.651401,-0.288214, 0.701861, 0.000000,
              -0.000001, 6.184701,-0.000001, 1.000000;;
            }
            Frame Armature_mixamorig_LeftToeBase {
              FrameTransformMatrix {
                 0.998096,-0.020240,-0.058262, 0.000000,
                 0.054381, 0.734463, 0.676467, 0.000000,
                 0.029099,-0.678347, 0.734165, 0.000000,
                -0.000001,13.216907, 0.000000, 1.000000;;
              }
              Frame Armature_mixamorig_LeftToe_End {
                FrameTransformMatrix {
                   1.000000,-0.000000,-0.000000, 0.000000,
                   0.000000, 1.000000, 0.000000, 0.000000,
                   0.000000,-0.000000, 1.000000, 0.000000,
                   0.000002, 5.788507, 0.000000, 1.000000;;
                }
              } // End of Armature_mixamorig_LeftToe_End
            } // End of Armature_mixamorig_LeftToeBase
          } // End of Armature_mixamorig_LeftFoot
        } // End of Armature_mixamorig_LeftLeg
      } // End of Armature_mixamorig_LeftUpLeg
      Frame Armature_mixamorig_RightUpLeg {
        FrameTransformMatrix {
          -0.334602, 0.773608,-0.538119, 0.000000,
          -0.930167,-0.179569, 0.320226, 0.000000,
           0.151100, 0.607688, 0.779669, 0.000000,
          -10.875100,-4.789502, 0.850099, 1.000000;;
        }
        Frame Armature_mixamorig_RightLeg {
          FrameTransformMatrix {
             0.861247, 0.507448, 0.027377, 0.000000,
             0.202807,-0.293811,-0.934101, 0.000000,
            -0.465964, 0.810044,-0.355958, 0.000000,
             0.000000,18.547501,-0.000000, 1.000000;;
          }
          Frame Armature_mixamorig_RightFoot {
            FrameTransformMatrix {
               0.902468, 0.329789, 0.277113, 0.000000,
              -0.088188,-0.488235, 0.868245, 0.000000,
               0.421633,-0.808001,-0.411533, 0.000000,
              -0.000001,12.489807, 0.000002, 1.000000;;
            }
            Frame Armature_mixamorig_RightToeBase {
              FrameTransformMatrix {
                 0.878000, 0.233067,-0.418087, 0.000000,
                 0.086067, 0.782344, 0.616871, 0.000000,
                 0.470860,-0.577596, 0.666839, 0.000000,
                -0.000001,13.166504,-0.000001, 1.000000;;
              }
              Frame Armature_mixamorig_RightToe_End {
                FrameTransformMatrix {
                   1.000000,-0.000000, 0.000000, 0.000000,
                   0.000000, 1.000000, 0.000000, 0.000000,
                  -0.000000,-0.000000, 1.000000, 0.000000,
                  -0.000004, 6.107006, 0.000000, 1.000000;;
                }
              } // End of Armature_mixamorig_RightToe_End
            } // End of Armature_mixamorig_RightToeBase
          } // End of Armature_mixamorig_RightFoot
        } // End of Armature_mixamorig_RightLeg
      } // End of Armature_mixamorig_RightUpLeg
      Frame Armature_mixamorig_Spine {
        FrameTransformMatrix {
           0.946942,-0.158180,-0.279784, 0.000000,
           0.192324, 0.976330, 0.098949, 0.000000,
           0.257510,-0.147508, 0.954950, 0.000000,
          -0.000000, 8.576900, 0.088300, 1.000000;;
        }
        Frame Armature_mixamorig_Spine1 {
          FrameTransformMatrix {
             0.999087,-0.038163,-0.019211, 0.000000,
             0.040312, 0.990967, 0.127905, 0.000000,
             0.014156,-0.128563, 0.991600, 0.000000,
            -0.000000,10.006904, 0.000001, 1.000000;;
          }
          Frame Armature_mixamorig_Spine2 {
            FrameTransformMatrix {
               0.979356, 0.106979, 0.171513, 0.000000,
              -0.111069, 0.993708, 0.014404, 0.000000,
              -0.168893,-0.033157, 0.985077, 0.000000,
               0.000000,11.436504, 0.000001, 1.000000;;
            }
            Frame Armature_mixamorig_LeftShoulder {
              FrameTransformMatrix {
                 0.203105, 0.031833,-0.978639, 0.000000,
                 0.722879, 0.669277, 0.171795, 0.000000,
                 0.660450,-0.742331, 0.112922, 0.000000,
                 7.649899,15.424212,-0.027900, 1.000000;;
              }
              Frame Armature_mixamorig_LeftArm {
                FrameTransformMatrix {
                   0.913536, 0.174179, 0.367578, 0.000000,
                  -0.336262, 0.831853, 0.441530, 0.000000,
                  -0.228866,-0.526956, 0.818497, 0.000000,
                   0.000004,16.032503,-0.000004, 1.000000;;
                }
                Frame Armature_mixamorig_LeftForeArm {
                  FrameTransformMatrix {
                    -0.140995,-0.943727, 0.299166, 0.000000,
                    -0.974910, 0.079776,-0.207814, 0.000000,
                     0.172254,-0.320961,-0.931296, 0.000000,
                     0.000000,29.518997, 0.000002, 1.000000;;
                  }
                  Frame Armature_mixamorig_LeftHand {
                    FrameTransformMatrix {
                      -0.474690, 0.007050,-0.880125, 0.000000,
                       0.028165, 0.999577,-0.007184, 0.000000,
                       0.879702,-0.028199,-0.474688, 0.000000,
                      -0.000008,18.002504, 0.000005, 1.000000;;
                    }
                    Frame Armature_mixamorig_LeftHandIndex1 {
                      FrameTransformMatrix {
                         0.559767, 0.684298, 0.467330, 0.000000,
                        -0.686057, 0.066414, 0.724510, 0.000000,
                         0.464743,-0.726172, 0.506644, 0.000000,
                         0.000003, 9.685103, 0.103495, 1.000000;;
                      }
                      Frame Armature_mixamorig_LeftHandIndex2 {
                        FrameTransformMatrix {
                           0.848431, 0.478196, 0.226922, 0.000000,
                          -0.465183, 0.469109, 0.750694, 0.000000,
                           0.252527,-0.742473, 0.620455, 0.000000,
                           0.593799, 5.291204, 0.000007, 1.000000;;
                        }
                        Frame Armature_mixamorig_LeftHandIndex3 {
                          FrameTransformMatrix {
                             0.820216, 0.537364, 0.196178, 0.000000,
                            -0.443230, 0.380164, 0.811802, 0.000000,
                             0.361653,-0.752805, 0.549992, 0.000000,
                            -0.257698, 4.660695,-0.000001, 1.000000;;
                          }
                          Frame Armature_mixamorig_LeftHandIndex4 {
                            FrameTransformMatrix {
                               1.000000, 0.000000, 0.000000, 0.000000,
                              -0.000000, 1.000000, 0.000000, 0.000000,
                              -0.000000,-0.000000, 1.000000, 0.000000,
                              -0.336100, 3.119906,-0.000008, 1.000000;;
                            }
                          } // End of Armature_mixamorig_LeftHandIndex4
                        } // End of Armature_mixamorig_LeftHandIndex3
                      } // End of Armature_mixamorig_LeftHandIndex2
                    } // End of Armature_mixamorig_LeftHandIndex1
                    Frame Armature_mixamorig_LeftHandThumb1 {
                      FrameTransformMatrix {
                         0.578717, 0.806641, 0.120068, 0.000000,
                        -0.792393, 0.521353, 0.316707, 0.000000,
                         0.192871,-0.278425, 0.940893, 0.000000,
                        -3.734805, 4.019001,-0.000001, 1.000000;;
                      }
                      Frame Armature_mixamorig_LeftHandThumb2 {
                        FrameTransformMatrix {
                           0.734642,-0.629087,-0.254069, 0.000000,
                           0.659388, 0.750198, 0.049100, 0.000000,
                           0.159714,-0.203601, 0.965939, 0.000000,
                           0.608903, 4.346705, 0.000006, 1.000000;;
                        }
                        Frame Armature_mixamorig_LeftHandThumb3 {
                          FrameTransformMatrix {
                             0.498832, 0.619917,-0.605698, 0.000000,
                            -0.122472, 0.742262, 0.658823, 0.000000,
                             0.858002,-0.254461, 0.446186, 0.000000,
                            -1.309703, 4.552696,-0.000007, 1.000000;;
                          }
                          Frame Armature_mixamorig_LeftHandThumb4 {
                            FrameTransformMatrix {
                               1.000000, 0.000000,-0.000000, 0.000000,
                              -0.000000, 1.000000, 0.000000, 0.000000,
                               0.000000,-0.000000, 1.000000, 0.000000,
                               0.700806, 3.268999, 0.000004, 1.000000;;
                            }
                          } // End of Armature_mixamorig_LeftHandThumb4
                        } // End of Armature_mixamorig_LeftHandThumb3
                      } // End of Armature_mixamorig_LeftHandThumb2
                    } // End of Armature_mixamorig_LeftHandThumb1
                  } // End of Armature_mixamorig_LeftHand
                } // End of Armature_mixamorig_LeftForeArm
              } // End of Armature_mixamorig_LeftArm
            } // End of Armature_mixamorig_LeftShoulder
            Frame Armature_mixamorig_Neck {
              FrameTransformMatrix {
                 0.930865, 0.113228,-0.347376, 0.000000,
                -0.086828, 0.992086, 0.090700, 0.000000,
                 0.354896,-0.054267, 0.933329, 0.000000,
                -0.000000,12.866005,-0.000001, 1.000000;;
              }
              Frame Armature_mixamorig_Head {
                FrameTransformMatrix {
                   0.789907,-0.401235,-0.463743, 0.000000,
                   0.205096, 0.885543,-0.416833, 0.000000,
                   0.577913, 0.234147, 0.781788, 0.000000,
                  -0.000000, 9.790705, 0.891203, 1.000000;;
                }
                Frame Armature_mixamorig_HeadTop_End {
                  FrameTransformMatrix {
                     1.000000,-0.000000, 0.000000, 0.000000,
                     0.000000, 1.000000,-0.000000, 0.000000,
                    -0.000000,-0.000000, 1.000000, 0.000000,
                    -0.000001,38.809296, 3.532803, 1.000000;;
                  }
                } // End of Armature_mixamorig_HeadTop_End
              } // End of Armature_mixamorig_Head
            } // End of Armature_mixamorig_Neck
            Frame Armature_mixamorig_RightShoulder {
              FrameTransformMatrix {
                -0.022238,-0.045330, 0.998725, 0.000000,
                -0.935476, 0.353357,-0.004791, 0.000000,
                -0.352689,-0.934390,-0.050263, 0.000000,
                -7.649902,15.424306,-0.024698, 1.000000;;
              }
              Frame Armature_mixamorig_RightArm {
                FrameTransformMatrix {
                   0.892230, 0.420667,-0.164212, 0.000000,
                   0.060451, 0.249103, 0.966588, 0.000000,
                   0.447518,-0.872346, 0.196828, 0.000000,
                   0.000004,16.032501,-0.000002, 1.000000;;
                }
                Frame Armature_mixamorig_RightForeArm {
                  FrameTransformMatrix {
                     0.481663,-0.008687,-0.876314, 0.000000,
                     0.203142, 0.973822, 0.102002, 0.000000,
                     0.852487,-0.227147, 0.470818, 0.000000,
                     0.000003,29.514997, 0.000002, 1.000000;;
                  }
                  Frame Armature_mixamorig_RightHand {
                    FrameTransformMatrix {
                      -0.446627,-0.027759, 0.894289, 0.000000,
                       0.034406, 0.998246, 0.048169, 0.000000,
                      -0.894058, 0.052283,-0.444889, 0.000000,
                      -0.000002,17.998909, 0.000000, 1.000000;;
                    }
                    Frame Armature_mixamorig_RightHandIndex1 {
                      FrameTransformMatrix {
                         0.887749,-0.408443,-0.212311, 0.000000,
                         0.409449, 0.489857, 0.769669, 0.000000,
                        -0.210364,-0.770204, 0.602107, 0.000000,
                         0.000000,10.367395, 0.072199, 1.000000;;
                      }
                      Frame Armature_mixamorig_RightHandIndex2 {
                        FrameTransformMatrix {
                           0.771372,-0.588688,-0.241724, 0.000000,
                           0.528623, 0.381247, 0.758425, 0.000000,
                          -0.354319,-0.712809, 0.605278, 0.000000,
                           0.220797, 5.278701,-0.000004, 1.000000;;
                        }
                        Frame Armature_mixamorig_RightHandIndex3 {
                          FrameTransformMatrix {
                             0.812839,-0.514156,-0.273747, 0.000000,
                             0.528748, 0.454121, 0.717077, 0.000000,
                            -0.244375,-0.727611, 0.640986, 0.000000,
                             0.056102, 4.373296,-0.000003, 1.000000;;
                          }
                          Frame Armature_mixamorig_RightHandIndex4 {
                            FrameTransformMatrix {
                               1.000000,-0.000000,-0.000000, 0.000000,
                               0.000000, 1.000000, 0.000000, 0.000000,
                               0.000000,-0.000000, 1.000000, 0.000000,
                              -0.276899, 2.801297,-0.000008, 1.000000;;
                            }
                          } // End of Armature_mixamorig_RightHandIndex4
                        } // End of Armature_mixamorig_RightHandIndex3
                      } // End of Armature_mixamorig_RightHandIndex2
                    } // End of Armature_mixamorig_RightHandIndex1
                    Frame Armature_mixamorig_RightHandThumb1 {
                      FrameTransformMatrix {
                         0.805699,-0.559607,-0.194135, 0.000000,
                         0.504525, 0.476649, 0.719903, 0.000000,
                        -0.310329,-0.677971, 0.666372, 0.000000,
                         3.870503, 3.727997, 0.000000, 1.000000;;
                      }
                      Frame Armature_mixamorig_RightHandThumb2 {
                        FrameTransformMatrix {
                           0.833895, 0.497140, 0.239730, 0.000000,
                          -0.437939, 0.860348,-0.260788, 0.000000,
                          -0.335899, 0.112483, 0.935157, 0.000000,
                          -0.775101, 4.228700,-0.000002, 1.000000;;
                        }
                        Frame Armature_mixamorig_RightHandThumb3 {
                          FrameTransformMatrix {
                             0.960870,-0.043547,-0.273557, 0.000000,
                             0.018751, 0.995525,-0.092615, 0.000000,
                             0.276366, 0.083861, 0.957387, 0.000000,
                             1.262104, 4.811300,-0.000001, 1.000000;;
                          }
                          Frame Armature_mixamorig_RightHandThumb4 {
                            FrameTransformMatrix {
                               1.000000, 0.000000,-0.000000, 0.000000,
                              -0.000000, 1.000000,-0.000000, 0.000000,
                               0.000000, 0.000000, 1.000000, 0.000000,
                              -0.486900, 3.520806,-0.000004, 1.000000;;
                            }
                          } // End of Armature_mixamorig_RightHandThumb4
                        } // End of Armature_mixamorig_RightHandThumb3
                      } // End of Armature_mixamorig_RightHandThumb2
                    } // End of Armature_mixamorig_RightHandThumb1
                  } // End of Armature_mixamorig_RightHand
                } // End of Armature_mixamorig_RightForeArm
              } // End of Armature_mixamorig_RightArm
            } // End of Armature_mixamorig_RightShoulder
          } // End of Armature_mixamorig_Spine2
        } // End of Armature_mixamorig_Spine1
      } // End of Armature_mixamorig_Spine
    } // End of Armature_mixamorig_Hips
  } // End of Armature
} // End of Root
AnimationSet Global {
  Animation {
    {Armature}
    AnimationKey { // Rotation
      0;
      47;
      0;4;-0.707107, 0.707107, 0.000000, 0.000000;;,
      1;4;-0.707107, 0.707107, 0.000000, 0.000000;;,
      2;4;-0.707107, 0.707107, 0.000000, 0.000000;;,
      3;4;-0.707107, 0.707107, 0.000000, 0.000000;;,
      4;4;-0.707107, 0.707107, 0.000000, 0.000000;;,
      5;4;-0.707107, 0.707107, 0.000000, 0.000000;;,
      6;4;-0.707107, 0.707107, 0.000000, 0.000000;;,
      7;4;-0.707107, 0.707107, 0.000000, 0.000000;;,
      8;4;-0.707107, 0.707107, 0.000000, 0.000000;;,
      9;4;-0.707107, 0.707107, 0.000000, 0.000000;;,
      10;4;-0.707107, 0.707107, 0.000000, 0.000000;;,
      11;4;-0.707107, 0.707107, 0.000000, 0.000000;;,
      12;4;-0.707107, 0.707107, 0.000000, 0.000000;;,
      13;4;-0.707107, 0.707107, 0.000000, 0.000000;;,
      14;4;-0.707107, 0.707107, 0.000000, 0.000000;;,
      15;4;-0.707107, 0.707107, 0.000000, 0.000000;;,
      16;4;-0.707107, 0.707107, 0.000000, 0.000000;;,
      17;4;-0.707107, 0.707107, 0.000000, 0.000000;;,
      18;4;-0.707107, 0.707107, 0.000000, 0.000000;;,
      19;4;-0.707107, 0.707107, 0.000000, 0.000000;;,
      20;4;-0.707107, 0.707107, 0.000000, 0.000000;;,
      21;4;-0.707107, 0.707107, 0.000000, 0.000000;;,
      22;4;-0.707107, 0.707107, 0.000000, 0.000000;;,
      23;4;-0.707107, 0.707107, 0.000000, 0.000000;;,
      24;4;-0.707107, 0.707107, 0.000000, 0.000000;;,
      25;4;-0.707107, 0.707107, 0.000000, 0.000000;;,
      26;4;-0.707107, 0.707107, 0.000000, 0.000000;;,
      27;4;-0.707107, 0.707107, 0.000000, 0.000000;;,
      28;4;-0.707107, 0.707107, 0.000000, 0.000000;;,
      29;4;-0.707107, 0.707107, 0.000000, 0.000000;;,
      30;4;-0.707107, 0.707107, 0.000000, 0.000000;;,
      31;4;-0.707107, 0.707107, 0.000000, 0.000000;;,
      32;4;-0.707107, 0.707107, 0.000000, 0.000000;;,
      33;4;-0.707107, 0.707107, 0.000000, 0.000000;;,
      34;4;-0.707107, 0.707107, 0.000000, 0.000000;;,
      35;4;-0.707107, 0.707107, 0.000000, 0.000000;;,
      36;4;-0.707107, 0.707107, 0.000000, 0.000000;;,
      37;4;-0.707107, 0.707107, 0.000000, 0.000000;;,
      38;4;-0.707107, 0.707107, 0.000000, 0.000000;;,
      39;4;-0.707107, 0.707107, 0.000000, 0.000000;;,
      40;4;-0.707107, 0.707107, 0.000000, 0.000000;;,
      41;4;-0.707107, 0.707107, 0.000000, 0.000000;;,
      42;4;-0.707107, 0.707107, 0.000000, 0.000000;;,
      43;4;-0.707107, 0.707107, 0.000000, 0.000000;;,
      44;4;-0.707107, 0.707107, 0.000000, 0.000000;;,
      45;4;-0.707107, 0.707107, 0.000000, 0.000000;;,
      46;4;-0.707107, 0.707107, 0.000000, 0.000000;;;
    }
    AnimationKey { // Scale
      1;
      47;
      0;3; 0.010000, 0.010000, 0.010000;;,
      1;3; 0.010000, 0.010000, 0.010000;;,
      2;3; 0.010000, 0.010000, 0.010000;;,
      3;3; 0.010000, 0.010000, 0.010000;;,
      4;3; 0.010000, 0.010000, 0.010000;;,
      5;3; 0.010000, 0.010000, 0.010000;;,
      6;3; 0.010000, 0.010000, 0.010000;;,
      7;3; 0.010000, 0.010000, 0.010000;;,
      8;3; 0.010000, 0.010000, 0.010000;;,
      9;3; 0.010000, 0.010000, 0.010000;;,
      10;3; 0.010000, 0.010000, 0.010000;;,
      11;3; 0.010000, 0.010000, 0.010000;;,
      12;3; 0.010000, 0.010000, 0.010000;;,
      13;3; 0.010000, 0.010000, 0.010000;;,
      14;3; 0.010000, 0.010000, 0.010000;;,
      15;3; 0.010000, 0.010000, 0.010000;;,
      16;3; 0.010000, 0.010000, 0.010000;;,
      17;3; 0.010000, 0.010000, 0.010000;;,
      18;3; 0.010000, 0.010000, 0.010000;;,
      19;3; 0.010000, 0.010000, 0.010000;;,
      20;3; 0.010000, 0.010000, 0.010000;;,
      21;3; 0.010000, 0.010000, 0.010000;;,
      22;3; 0.010000, 0.010000, 0.010000;;,
      23;3; 0.010000, 0.010000, 0.010000;;,
      24;3; 0.010000, 0.010000, 0.010000;;,
      25;3; 0.010000, 0.010000, 0.010000;;,
      26;3; 0.010000, 0.010000, 0.010000;;,
      27;3; 0.010000, 0.010000, 0.010000;;,
      28;3; 0.010000, 0.010000, 0.010000;;,
      29;3; 0.010000, 0.010000, 0.010000;;,
      30;3; 0.010000, 0.010000, 0.010000;;,
      31;3; 0.010000, 0.010000, 0.010000;;,
      32;3; 0.010000, 0.010000, 0.010000;;,
      33;3; 0.010000, 0.010000, 0.010000;;,
      34;3; 0.010000, 0.010000, 0.010000;;,
      35;3; 0.010000, 0.010000, 0.010000;;,
      36;3; 0.010000, 0.010000, 0.010000;;,
      37;3; 0.010000, 0.010000, 0.010000;;,
      38;3; 0.010000, 0.010000, 0.010000;;,
      39;3; 0.010000, 0.010000, 0.010000;;,
      40;3; 0.010000, 0.010000, 0.010000;;,
      41;3; 0.010000, 0.010000, 0.010000;;,
      42;3; 0.010000, 0.010000, 0.010000;;,
      43;3; 0.010000, 0.010000, 0.010000;;,
      44;3; 0.010000, 0.010000, 0.010000;;,
      45;3; 0.010000, 0.010000, 0.010000;;,
      46;3; 0.010000, 0.010000, 0.010000;;;
    }
    AnimationKey { // Position
      2;
      47;
      0;3; 0.000000, 0.000000, 0.000000;;,
      1;3; 0.000000, 0.000000, 0.000000;;,
      2;3; 0.000000, 0.000000, 0.000000;;,
      3;3; 0.000000, 0.000000, 0.000000;;,
      4;3; 0.000000, 0.000000, 0.000000;;,
      5;3; 0.000000, 0.000000, 0.000000;;,
      6;3; 0.000000, 0.000000, 0.000000;;,
      7;3; 0.000000, 0.000000, 0.000000;;,
      8;3; 0.000000, 0.000000, 0.000000;;,
      9;3; 0.000000, 0.000000, 0.000000;;,
      10;3; 0.000000, 0.000000, 0.000000;;,
      11;3; 0.000000, 0.000000, 0.000000;;,
      12;3; 0.000000, 0.000000, 0.000000;;,
      13;3; 0.000000, 0.000000, 0.000000;;,
      14;3; 0.000000, 0.000000, 0.000000;;,
      15;3; 0.000000, 0.000000, 0.000000;;,
      16;3; 0.000000, 0.000000, 0.000000;;,
      17;3; 0.000000, 0.000000, 0.000000;;,
      18;3; 0.000000, 0.000000, 0.000000;;,
      19;3; 0.000000, 0.000000, 0.000000;;,
      20;3; 0.000000, 0.000000, 0.000000;;,
      21;3; 0.000000, 0.000000, 0.000000;;,
      22;3; 0.000000, 0.000000, 0.000000;;,
      23;3; 0.000000, 0.000000, 0.000000;;,
      24;3; 0.000000, 0.000000, 0.000000;;,
      25;3; 0.000000, 0.000000, 0.000000;;,
      26;3; 0.000000, 0.000000, 0.000000;;,
      27;3; 0.000000, 0.000000, 0.000000;;,
      28;3; 0.000000, 0.000000, 0.000000;;,
      29;3; 0.000000, 0.000000, 0.000000;;,
      30;3; 0.000000, 0.000000, 0.000000;;,
      31;3; 0.000000, 0.000000, 0.000000;;,
      32;3; 0.000000, 0.000000, 0.000000;;,
      33;3; 0.000000, 0.000000, 0.000000;;,
      34;3; 0.000000, 0.000000, 0.000000;;,
      35;3; 0.000000, 0.000000, 0.000000;;,
      36;3; 0.000000, 0.000000, 0.000000;;,
      37;3; 0.000000, 0.000000, 0.000000;;,
      38;3; 0.000000, 0.000000, 0.000000;;,
      39;3; 0.000000, 0.000000, 0.000000;;,
      40;3; 0.000000, 0.000000, 0.000000;;,
      41;3; 0.000000, 0.000000, 0.000000;;,
      42;3; 0.000000, 0.000000, 0.000000;;,
      43;3; 0.000000, 0.000000, 0.000000;;,
      44;3; 0.000000, 0.000000, 0.000000;;,
      45;3; 0.000000, 0.000000, 0.000000;;,
      46;3; 0.000000, 0.000000, 0.000000;;;
    }
  }
  Animation {
    {Armature_mixamorig_Hips}
    AnimationKey { // Rotation
      0;
      47;
      0;4;-0.827233, 0.086132,-0.553050, 0.049018;;,
      1;4;-0.830522, 0.086679,-0.547804, 0.051283;;,
      2;4;-0.833787, 0.087373,-0.542510, 0.053365;;,
      3;4;-0.837146, 0.087265,-0.537112, 0.055522;;,
      4;4;-0.840748, 0.085096,-0.531532, 0.058093;;,
      5;4;-0.844944, 0.080749,-0.525367, 0.059488;;,
      6;4;-0.850383, 0.073075,-0.517881, 0.057521;;,
      7;4;-0.856215, 0.063886,-0.509799, 0.054033;;,
      8;4;-0.861969, 0.054486,-0.501530, 0.050082;;,
      9;4;-0.867666, 0.045202,-0.492986, 0.045585;;,
      10;4;-0.872899, 0.035643,-0.484850, 0.041206;;,
      11;4;-0.877379, 0.025789,-0.477639, 0.037432;;,
      12;4;-0.880836, 0.015629,-0.471885, 0.034758;;,
      13;4;-0.883011, 0.005157,-0.468113, 0.033681;;,
      14;4;-0.881682,-0.002577,-0.470412, 0.036662;;,
      15;4;-0.878868,-0.008679,-0.475175, 0.041532;;,
      16;4;-0.876017,-0.010904,-0.479899, 0.046609;;,
      17;4;-0.873566,-0.004382,-0.483979, 0.051269;;,
      18;4;-0.871296, 0.002152,-0.487628, 0.055292;;,
      19;4;-0.869488, 0.007835,-0.490513, 0.057670;;,
      20;4;-0.867623, 0.013613,-0.493537, 0.058875;;,
      21;4;-0.865475, 0.020314,-0.497077, 0.058774;;,
      22;4;-0.863094, 0.027732,-0.500944, 0.057925;;,
      23;4;-0.860936, 0.035894,-0.504367, 0.055817;;,
      24;4;-0.858848, 0.044104,-0.507574, 0.052958;;,
      25;4;-0.857051, 0.051691,-0.510255, 0.049304;;,
      26;4;-0.855199, 0.057473,-0.513029, 0.046175;;,
      27;4;-0.853526, 0.062240,-0.515449, 0.043954;;,
      28;4;-0.852168, 0.066302,-0.517262, 0.043071;;,
      29;4;-0.851090, 0.069494,-0.518561, 0.043717;;,
      30;4;-0.850099, 0.071880,-0.519696, 0.045607;;,
      31;4;-0.849114, 0.073678,-0.520833, 0.048074;;,
      32;4;-0.847698, 0.076135,-0.522537, 0.050657;;,
      33;4;-0.846079, 0.078763,-0.524556, 0.052793;;,
      34;4;-0.844141, 0.081101,-0.527214, 0.053790;;,
      35;4;-0.842018, 0.082445,-0.530412, 0.053580;;,
      36;4;-0.839882, 0.083473,-0.533713, 0.052734;;,
      37;4;-0.837809, 0.084423,-0.536933, 0.051495;;,
      38;4;-0.835862, 0.085373,-0.539944, 0.050071;;,
      39;4;-0.834120, 0.086289,-0.542615, 0.048659;;,
      40;4;-0.832511, 0.087090,-0.545062, 0.047408;;,
      41;4;-0.831047, 0.087681,-0.547277, 0.046485;;,
      42;4;-0.829737, 0.087962,-0.549253, 0.046055;;,
      43;4;-0.828772, 0.087810,-0.550710, 0.046308;;,
      44;4;-0.828186, 0.087311,-0.551603, 0.047104;;,
      45;4;-0.827751, 0.086676,-0.552269, 0.048116;;,
      46;4;-0.827233, 0.086132,-0.553050, 0.049018;;;
    }
    AnimationKey { // Scale
      1;
      47;
      0;3; 1.000000, 1.000000, 1.000000;;,
      1;3; 1.000000, 1.000000, 1.000000;;,
      2;3; 1.000000, 1.000000, 1.000000;;,
      3;3; 1.000000, 1.000000, 1.000000;;,
      4;3; 1.000000, 1.000000, 1.000000;;,
      5;3; 1.000000, 1.000000, 1.000000;;,
      6;3; 1.000000, 1.000000, 1.000000;;,
      7;3; 1.000000, 1.000000, 1.000000;;,
      8;3; 1.000000, 1.000000, 1.000000;;,
      9;3; 1.000000, 1.000000, 1.000000;;,
      10;3; 1.000000, 1.000000, 1.000000;;,
      11;3; 1.000000, 1.000000, 1.000000;;,
      12;3; 1.000000, 1.000000, 1.000000;;,
      13;3; 1.000000, 1.000000, 1.000000;;,
      14;3; 1.000000, 1.000000, 1.000000;;,
      15;3; 1.000000, 1.000000, 1.000000;;,
      16;3; 1.000000, 1.000000, 1.000000;;,
      17;3; 1.000000, 1.000000, 1.000000;;,
      18;3; 1.000000, 1.000000, 1.000000;;,
      19;3; 1.000000, 1.000000, 1.000000;;,
      20;3; 1.000000, 1.000000, 1.000000;;,
      21;3; 1.000000, 1.000000, 1.000000;;,
      22;3; 1.000000, 1.000000, 1.000000;;,
      23;3; 1.000000, 1.000000, 1.000000;;,
      24;3; 1.000000, 1.000000, 1.000000;;,
      25;3; 1.000000, 1.000000, 1.000000;;,
      26;3; 1.000000, 1.000000, 1.000000;;,
      27;3; 1.000000, 1.000000, 1.000000;;,
      28;3; 1.000000, 1.000000, 1.000000;;,
      29;3; 1.000000, 1.000000, 1.000000;;,
      30;3; 1.000000, 1.000000, 1.000000;;,
      31;3; 1.000000, 1.000000, 1.000000;;,
      32;3; 1.000000, 1.000000, 1.000000;;,
      33;3; 1.000000, 1.000000, 1.000000;;,
      34;3; 1.000000, 1.000000, 1.000000;;,
      35;3; 1.000000, 1.000000, 1.000000;;,
      36;3; 1.000000, 1.000000, 1.000000;;,
      37;3; 1.000000, 1.000000, 1.000000;;,
      38;3; 1.000000, 1.000000, 1.000000;;,
      39;3; 1.000000, 1.000000, 1.000000;;,
      40;3; 1.000000, 1.000000, 1.000000;;,
      41;3; 1.000000, 1.000000, 1.000000;;,
      42;3; 1.000000, 1.000000, 1.000000;;,
      43;3; 1.000000, 1.000000, 1.000000;;,
      44;3; 1.000000, 1.000000, 1.000000;;,
      45;3; 1.000000, 1.000000, 1.000000;;,
      46;3; 1.000000, 1.000000, 1.000000;;;
    }
    AnimationKey { // Position
      2;
      47;
      0;3; 0.612329,20.544477,-6.518865;;,
      1;3; 0.530152,20.600817,-6.467127;;,
      2;3; 0.448938,20.659777,-6.406173;;,
      3;3; 0.368458,20.733965,-6.336723;;,
      4;3; 0.288278,20.840965,-6.257346;;,
      5;3; 0.222746,20.965132,-6.176487;;,
      6;3; 0.194872,21.097786,-6.105945;;,
      7;3; 0.177997,21.224533,-6.051822;;,
      8;3; 0.157937,21.333416,-6.018109;;,
      9;3; 0.136983,21.421991,-6.001390;;,
      10;3; 0.116875,21.502264,-5.996789;;,
      11;3; 0.098551,21.579025,-6.003076;;,
      12;3; 0.084243,21.653606,-6.021214;;,
      13;3; 0.076126,21.728115,-6.050786;;,
      14;3; 0.077521,21.737144,-6.201611;;,
      15;3; 0.084768,21.728039,-6.382266;;,
      16;3; 0.092075,21.711996,-6.536215;;,
      17;3; 0.091363,21.663837,-6.655256;;,
      18;3; 0.098980,21.611576,-6.742003;;,
      19;3; 0.122525,21.554008,-6.805420;;,
      20;3; 0.152122,21.499926,-6.856278;;,
      21;3; 0.183870,21.449825,-6.894267;;,
      22;3; 0.213363,21.401394,-6.917714;;,
      23;3; 0.244164,21.356312,-6.900064;;,
      24;3; 0.275066,21.303904,-6.860342;;,
      25;3; 0.307531,21.245195,-6.811309;;,
      26;3; 0.342551,21.162376,-6.799044;;,
      27;3; 0.376270,21.075264,-6.801238;;,
      28;3; 0.404621,20.986382,-6.816410;;,
      29;3; 0.427549,20.895103,-6.842579;;,
      30;3; 0.446895,20.800386,-6.871554;;,
      31;3; 0.464954,20.711720,-6.896668;;,
      32;3; 0.480145,20.630577,-6.904227;;,
      33;3; 0.495190,20.559872,-6.902572;;,
      34;3; 0.512351,20.505127,-6.890357;;,
      35;3; 0.530561,20.481083,-6.856430;;,
      36;3; 0.550755,20.473286,-6.814221;;,
      37;3; 0.572011,20.475351,-6.768978;;,
      38;3; 0.593034,20.483543,-6.723377;;,
      39;3; 0.612254,20.496342,-6.677882;;,
      40;3; 0.628717,20.509747,-6.635487;;,
      41;3; 0.640926,20.521832,-6.597219;;,
      42;3; 0.647702,20.530506,-6.564038;;,
      43;3; 0.645769,20.535835,-6.541799;;,
      44;3; 0.636021,20.539501,-6.531293;;,
      45;3; 0.623072,20.542488,-6.526369;;,
      46;3; 0.612270,20.544498,-6.518979;;;
    }
  }
  Animation {
    {Armature_mixamorig_Spine}
    AnimationKey { // Rotation
      0;
      47;
      0;4;-0.984660, 0.062574, 0.136416,-0.088991;;,
      1;4;-0.985214, 0.056865, 0.140676,-0.079555;;,
      2;4;-0.985620, 0.051078, 0.144990,-0.070159;;,
      3;4;-0.985905, 0.044612, 0.149613,-0.060136;;,
      4;4;-0.986051, 0.036643, 0.154910,-0.048619;;,
      5;4;-0.986111, 0.029559, 0.159181,-0.037046;;,
      6;4;-0.986365, 0.026144, 0.160260,-0.026766;;,
      7;4;-0.986673, 0.024374, 0.159970,-0.017096;;,
      8;4;-0.986862, 0.022785, 0.159759,-0.007891;;,
      9;4;-0.986871, 0.021017, 0.160137, 0.000447;;,
      10;4;-0.986783, 0.019839, 0.160626, 0.008015;;,
      11;4;-0.986614, 0.019612, 0.161235, 0.014540;;,
      12;4;-0.986379, 0.020689, 0.161982, 0.019743;;,
      13;4;-0.986090, 0.023427, 0.162886, 0.023350;;,
      14;4;-0.985923, 0.028959, 0.163161, 0.022267;;,
      15;4;-0.985813, 0.035318, 0.162956, 0.019239;;,
      16;4;-0.985935, 0.039158, 0.161646, 0.016394;;,
      17;4;-0.986641, 0.036852, 0.158016, 0.014570;;,
      18;4;-0.987189, 0.034940, 0.155139, 0.012981;;,
      19;4;-0.987359, 0.034782, 0.154197, 0.011618;;,
      20;4;-0.987538, 0.035134, 0.153114, 0.009551;;,
      21;4;-0.987939, 0.035306, 0.150639, 0.006129;;,
      22;4;-0.988532, 0.035224, 0.146837, 0.001633;;,
      23;4;-0.989319, 0.034753, 0.141512,-0.003806;;,
      24;4;-0.990169, 0.034208, 0.135264,-0.009984;;,
      25;4;-0.991022, 0.033952, 0.128202,-0.016939;;,
      26;4;-0.991609, 0.034064, 0.122220,-0.024790;;,
      27;4;-0.992015, 0.034238, 0.116826,-0.032943;;,
      28;4;-0.992223, 0.034282, 0.112289,-0.041353;;,
      29;4;-0.992264, 0.034255, 0.108535,-0.049591;;,
      30;4;-0.992133, 0.034179, 0.105765,-0.057600;;,
      31;4;-0.991911, 0.034252, 0.103545,-0.064945;;,
      32;4;-0.991609, 0.034652, 0.101791,-0.071763;;,
      33;4;-0.991213, 0.035400, 0.101140,-0.077554;;,
      34;4;-0.990708, 0.036562, 0.101913,-0.082314;;,
      35;4;-0.990235, 0.038173, 0.103109,-0.085706;;,
      36;4;-0.989767, 0.040063, 0.104868,-0.088080;;,
      37;4;-0.989293, 0.042152, 0.107173,-0.089644;;,
      38;4;-0.988815, 0.044369, 0.109918,-0.090526;;,
      39;4;-0.988354, 0.046640, 0.112884,-0.090763;;,
      40;4;-0.987876, 0.048966, 0.116154,-0.090618;;,
      41;4;-0.987379, 0.051317, 0.119624,-0.090214;;,
      42;4;-0.986865, 0.053663, 0.123189,-0.089675;;,
      43;4;-0.986332, 0.055978, 0.126769,-0.089136;;,
      44;4;-0.985782, 0.058242, 0.130257,-0.088742;;,
      45;4;-0.985222, 0.060444, 0.133514,-0.088641;;,
      46;4;-0.984660, 0.062574, 0.136416,-0.088991;;;
    }
    AnimationKey { // Scale
      1;
      47;
      0;3; 1.000000, 1.000000, 1.000000;;,
      1;3; 1.000000, 1.000000, 1.000000;;,
      2;3; 1.000000, 1.000000, 1.000000;;,
      3;3; 1.000000, 1.000000, 1.000000;;,
      4;3; 1.000000, 1.000000, 1.000000;;,
      5;3; 1.000000, 1.000000, 1.000000;;,
      6;3; 1.000000, 1.000000, 1.000000;;,
      7;3; 1.000000, 1.000000, 1.000000;;,
      8;3; 1.000000, 1.000000, 1.000000;;,
      9;3; 1.000000, 1.000000, 1.000000;;,
      10;3; 1.000000, 1.000000, 1.000000;;,
      11;3; 1.000000, 1.000000, 1.000000;;,
      12;3; 1.000000, 1.000000, 1.000000;;,
      13;3; 1.000000, 1.000000, 1.000000;;,
      14;3; 1.000000, 1.000000, 1.000000;;,
      15;3; 1.000000, 1.000000, 1.000000;;,
      16;3; 1.000000, 1.000000, 1.000000;;,
      17;3; 1.000000, 1.000000, 1.000000;;,
      18;3; 1.000000, 1.000000, 1.000000;;,
      19;3; 1.000000, 1.000000, 1.000000;;,
      20;3; 1.000000, 1.000000, 1.000000;;,
      21;3; 1.000000, 1.000000, 1.000000;;,
      22;3; 1.000000, 1.000000, 1.000000;;,
      23;3; 1.000000, 1.000000, 1.000000;;,
      24;3; 1.000000, 1.000000, 1.000000;;,
      25;3; 1.000000, 1.000000, 1.000000;;,
      26;3; 1.000000, 1.000000, 1.000000;;,
      27;3; 1.000000, 1.000000, 1.000000;;,
      28;3; 1.000000, 1.000000, 1.000000;;,
      29;3; 1.000000, 1.000000, 1.000000;;,
      30;3; 1.000000, 1.000000, 1.000000;;,
      31;3; 1.000000, 1.000000, 1.000000;;,
      32;3; 1.000000, 1.000000, 1.000000;;,
      33;3; 1.000000, 1.000000, 1.000000;;,
      34;3; 1.000000, 1.000000, 1.000000;;,
      35;3; 1.000000, 1.000000, 1.000000;;,
      36;3; 1.000000, 1.000000, 1.000000;;,
      37;3; 1.000000, 1.000000, 1.000000;;,
      38;3; 1.000000, 1.000000, 1.000000;;,
      39;3; 1.000000, 1.000000, 1.000000;;,
      40;3; 1.000000, 1.000000, 1.000000;;,
      41;3; 1.000000, 1.000000, 1.000000;;,
      42;3; 1.000000, 1.000000, 1.000000;;,
      43;3; 1.000000, 1.000000, 1.000000;;,
      44;3; 1.000000, 1.000000, 1.000000;;,
      45;3; 1.000000, 1.000000, 1.000000;;,
      46;3; 1.000000, 1.000000, 1.000000;;;
    }
    AnimationKey { // Position
      2;
      47;
      0;3;-0.000000, 8.576900, 0.088300;;,
      1;3;-0.000000, 8.576901, 0.088300;;,
      2;3;-0.000001, 8.576901, 0.088301;;,
      3;3;-0.000000, 8.576901, 0.088300;;,
      4;3;-0.000000, 8.576900, 0.088299;;,
      5;3;-0.000001, 8.576902, 0.088300;;,
      6;3; 0.000000, 8.576898, 0.088300;;,
      7;3; 0.000000, 8.576900, 0.088300;;,
      8;3;-0.000000, 8.576900, 0.088300;;,
      9;3; 0.000000, 8.576900, 0.088300;;,
      10;3; 0.000000, 8.576897, 0.088300;;,
      11;3; 0.000001, 8.576900, 0.088300;;,
      12;3;-0.000000, 8.576899, 0.088299;;,
      13;3; 0.000000, 8.576900, 0.088300;;,
      14;3; 0.000000, 8.576900, 0.088300;;,
      15;3;-0.000000, 8.576900, 0.088300;;,
      16;3; 0.000000, 8.576901, 0.088300;;,
      17;3; 0.000000, 8.576903, 0.088300;;,
      18;3; 0.000001, 8.576903, 0.088300;;,
      19;3; 0.000001, 8.576903, 0.088299;;,
      20;3; 0.000000, 8.576900, 0.088300;;,
      21;3; 0.000001, 8.576903, 0.088300;;,
      22;3;-0.000001, 8.576899, 0.088300;;,
      23;3; 0.000000, 8.576900, 0.088300;;,
      24;3;-0.000000, 8.576899, 0.088300;;,
      25;3; 0.000001, 8.576902, 0.088300;;,
      26;3; 0.000000, 8.576902, 0.088299;;,
      27;3;-0.000000, 8.576904, 0.088300;;,
      28;3; 0.000000, 8.576902, 0.088300;;,
      29;3;-0.000001, 8.576900, 0.088300;;,
      30;3;-0.000000, 8.576900, 0.088299;;,
      31;3; 0.000000, 8.576903, 0.088301;;,
      32;3; 0.000001, 8.576900, 0.088300;;,
      33;3;-0.000000, 8.576901, 0.088299;;,
      34;3;-0.000001, 8.576900, 0.088301;;,
      35;3;-0.000000, 8.576900, 0.088300;;,
      36;3;-0.000001, 8.576900, 0.088300;;,
      37;3;-0.000000, 8.576901, 0.088301;;,
      38;3; 0.000001, 8.576901, 0.088300;;,
      39;3;-0.000001, 8.576899, 0.088300;;,
      40;3;-0.000000, 8.576902, 0.088300;;,
      41;3; 0.000000, 8.576900, 0.088300;;,
      42;3;-0.000000, 8.576902, 0.088300;;,
      43;3;-0.000000, 8.576900, 0.088301;;,
      44;3;-0.000000, 8.576900, 0.088300;;,
      45;3; 0.000000, 8.576900, 0.088300;;,
      46;3;-0.000000, 8.576900, 0.088300;;;
    }
  }
  Animation {
    {Armature_mixamorig_Spine1}
    AnimationKey { // Rotation
      0;
      47;
      0;4;-0.997704, 0.064265, 0.008361,-0.019664;;,
      1;4;-0.997782, 0.063332, 0.009485,-0.018177;;,
      2;4;-0.997855, 0.062396, 0.010612,-0.016693;;,
      3;4;-0.997921, 0.061504, 0.011797,-0.015210;;,
      4;4;-0.997974, 0.060719, 0.013110,-0.013730;;,
      5;4;-0.998026, 0.059973, 0.014119,-0.012132;;,
      6;4;-0.998093, 0.059187, 0.014298,-0.010152;;,
      7;4;-0.998163, 0.058378, 0.014127,-0.007982;;,
      8;4;-0.998231, 0.057510, 0.013981,-0.005620;;,
      9;4;-0.998300, 0.056509, 0.014009,-0.002877;;,
      10;4;-0.998353, 0.055623, 0.014078,-0.000193;;,
      11;4;-0.998383, 0.054996, 0.014194, 0.002222;;,
      12;4;-0.998387, 0.054774, 0.014365, 0.004157;;,
      13;4;-0.998359, 0.055101, 0.014597, 0.005404;;,
      14;4;-0.998286, 0.056480, 0.014569, 0.004724;;,
      15;4;-0.998194, 0.058238, 0.014395, 0.003215;;,
      16;4;-0.998130, 0.059489, 0.013941, 0.001693;;,
      17;4;-0.998149, 0.059431, 0.012875, 0.000414;;,
      18;4;-0.998161, 0.059415, 0.012026,-0.000692;;,
      19;4;-0.998148, 0.059671, 0.011730,-0.001451;;,
      20;4;-0.998128, 0.060017, 0.011614,-0.002123;;,
      21;4;-0.998107, 0.060362, 0.011489,-0.002812;;,
      22;4;-0.998081, 0.060773, 0.011289,-0.003571;;,
      23;4;-0.998069, 0.061015, 0.010900,-0.004145;;,
      24;4;-0.998063, 0.061154, 0.010404,-0.004659;;,
      25;4;-0.998067, 0.061153, 0.009775,-0.005130;;,
      26;4;-0.998060, 0.061259, 0.009459,-0.005835;;,
      27;4;-0.998047, 0.061423, 0.009280,-0.006646;;,
      28;4;-0.998024, 0.061685, 0.009258,-0.007614;;,
