xof 0303txt 0032

Frame Root {
  FrameTransformMatrix {
     1.000000, 0.000000, 0.000000, 0.000000,
     0.000000,-0.000000,-1.000000, 0.000000,
     0.000000, 1.000000,-0.000000, 0.000000,
     0.000000, 0.000000, 0.000000, 1.000000;;
  }
  Frame Armature {
    FrameTransformMatrix {
       0.010000, 0.000000, 0.000000, 0.000000,
       0.000000,-0.000000, 0.010000, 0.000000,
       0.000000,-0.010000,-0.000000, 0.000000,
       0.000000, 0.000000, 0.000000, 1.000000;;
    }
    Frame Armature_mixamorig_Hips {
      FrameTransformMatrix {
         0.571936, 0.011669, 0.820215, 0.000000,
        -0.136505, 0.987311, 0.081140, 0.000000,
        -0.808860,-0.158370, 0.566272, 0.000000,
         0.551958,23.594084,-5.949056, 1.000000;;
      }
      Frame Armature_mixamorig_LeftUpLeg {
        FrameTransformMatrix {
          -0.434567,-0.201495, 0.877810, 0.000000,
           0.888512,-0.255318, 0.381259, 0.000000,
           0.147299, 0.945628, 0.289984, 0.000000,
          10.875099,-4.789500, 1.555900, 1.000000;;
        }
        Frame Armature_mixamorig_LeftLeg {
          FrameTransformMatrix {
             0.929121,-0.276533,-0.245486, 0.000000,
             0.010518, 0.683374,-0.729992, 0.000000,
             0.369626, 0.675669, 0.637846, 0.000000,
             0.000000,14.865999,-0.000003, 1.000000;;
          }
          Frame Armature_mixamorig_LeftFoot {
            FrameTransformMatrix {
               0.862666,-0.413533, 0.291202, 0.000000,
               0.196713, 0.804751, 0.560071, 0.000000,
              -0.465953,-0.425870, 0.775579, 0.000000,
               0.000000, 6.184702, 0.000002, 1.000000;;
            }
            Frame Armature_mixamorig_LeftToeBase {
              FrameTransformMatrix {
                 0.997839,-0.032833,-0.056909, 0.000000,
                 0.063297, 0.712571, 0.698739, 0.000000,
                 0.017611,-0.700831, 0.713110, 0.000000,
                 0.000001,13.216905,-0.000002, 1.000000;;
              }
              Frame Armature_mixamorig_LeftToe_End {
                FrameTransformMatrix {
                   1.000000, 0.000000,-0.000000, 0.000000,
                  -0.000000, 1.000000, 0.000000, 0.000000,
                   0.000000,-0.000000, 1.000000, 0.000000,
                  -0.000001, 5.788507, 0.000000, 1.000000;;
                }
              } // End of Armature_mixamorig_LeftToe_End
            } // End of Armature_mixamorig_LeftToeBase
          } // End of Armature_mixamorig_LeftFoot
        } // End of Armature_mixamorig_LeftLeg
      } // End of Armature_mixamorig_LeftUpLeg
      Frame Armature_mixamorig_RightUpLeg {
        FrameTransformMatrix {
          -0.541517, 0.623497,-0.563923, 0.000000,
          -0.833723,-0.484461, 0.264957, 0.000000,
          -0.107999, 0.613635, 0.782169, 0.000000,
          -10.875101,-4.789500, 0.850099, 1.000000;;
        }
        Frame Armature_mixamorig_RightLeg {
          FrameTransformMatrix {
             0.955468, 0.258290,-0.142715, 0.000000,
             0.061811,-0.648067,-0.759071, 0.000000,
            -0.288549, 0.716446,-0.635172, 0.000000,
             0.000001,18.547504, 0.000000, 1.000000;;
          }
          Frame Armature_mixamorig_RightFoot {
            FrameTransformMatrix {
               0.951787, 0.103992, 0.288594, 0.000000,
              -0.117743,-0.744879, 0.656728, 0.000000,
               0.283262,-0.659046,-0.696722, 0.000000,
              -0.000003,12.489807, 0.000001, 1.000000;;
            }
            Frame Armature_mixamorig_RightToeBase {
              FrameTransformMatrix {
                 0.966264, 0.001290,-0.257549, 0.000000,
                 0.172801, 0.738259, 0.652007, 0.000000,
                 0.190980,-0.674516, 0.713130, 0.000000,
                 0.000002,13.166504,-0.000001, 1.000000;;
              }
              Frame Armature_mixamorig_RightToe_End {
                FrameTransformMatrix {
                   1.000000,-0.000000, 0.000000, 0.000000,
                   0.000000, 1.000000, 0.000000, 0.000000,
                  -0.000000,-0.000000, 1.000000, 0.000000,
                  -0.000001, 6.107002,-0.000000, 1.000000;;
                }
              } // End of Armature_mixamorig_RightToe_End
            } // End of Armature_mixamorig_RightToeBase
          } // End of Armature_mixamorig_RightFoot
        } // End of Armature_mixamorig_RightLeg
      } // End of Armature_mixamorig_RightUpLeg
      Frame Armature_mixamorig_Spine {
        FrameTransformMatrix {
           0.994323,-0.073732,-0.076708, 0.000000,
           0.083687, 0.987180, 0.135910, 0.000000,
           0.065704,-0.141558, 0.987747, 0.000000,
          -0.000000, 8.576904, 0.088300, 1.000000;;
        }
        Frame Armature_mixamorig_Spine1 {
          FrameTransformMatrix {
             0.998869, 0.040834,-0.024333, 0.000000,
            -0.040299, 0.998943, 0.022096, 0.000000,
             0.025209,-0.021091, 0.999460, 0.000000,
             0.000001,10.006898, 0.000000, 1.000000;;
          }
          Frame Armature_mixamorig_Spine2 {
            FrameTransformMatrix {
               0.999575, 0.018169,-0.022784, 0.000000,
              -0.018081, 0.999828, 0.004066, 0.000000,
               0.022855,-0.003652, 0.999732, 0.000000,
              -0.000000,11.436506, 0.000001, 1.000000;;
            }
            Frame Armature_mixamorig_LeftShoulder {
              FrameTransformMatrix {
                 0.168325,-0.041307,-0.984866, 0.000000,
                 0.928475, 0.342202, 0.144335, 0.000000,
                 0.331061,-0.938718, 0.095954, 0.000000,
                 7.649900,15.424210,-0.027898, 1.000000;;
              }
              Frame Armature_mixamorig_LeftArm {
                FrameTransformMatrix {
                   0.954457, 0.244302, 0.171257, 0.000000,
                  -0.246053, 0.319922, 0.914936, 0.000000,
                   0.168732,-0.915405, 0.365463, 0.000000,
                   0.000001,16.032503,-0.000002, 1.000000;;
                }
                Frame Armature_mixamorig_LeftForeArm {
                  FrameTransformMatrix {
                    -0.060550,-0.424239, 0.903523, 0.000000,
                    -0.995216,-0.043868,-0.087293, 0.000000,
                     0.076669,-0.904487,-0.419554, 0.000000,
                    -0.000001,29.518993,-0.000007, 1.000000;;
                  }
                  Frame Armature_mixamorig_LeftHand {
                    FrameTransformMatrix {
                      -0.459366, 0.037262,-0.887465, 0.000000,
                       0.046296, 0.998766, 0.017972, 0.000000,
                       0.887040,-0.032830,-0.460524, 0.000000,
                      -0.000003,18.002506,-0.000002, 1.000000;;
                    }
                    Frame Armature_mixamorig_LeftHandIndex1 {
                      FrameTransformMatrix {
                         0.559707, 0.684319, 0.467370, 0.000000,
                        -0.686085, 0.066346, 0.724490, 0.000000,
                         0.464774,-0.726158, 0.506635, 0.000000,
                         0.000002, 9.685102, 0.103491, 1.000000;;
                      }
                      Frame Armature_mixamorig_LeftHandIndex2 {
                        FrameTransformMatrix {
                           0.848419, 0.478211, 0.226933, 0.000000,
                          -0.465207, 0.469120, 0.750672, 0.000000,
                           0.252521,-0.742456, 0.620477, 0.000000,
                           0.593805, 5.291203,-0.000004, 1.000000;;
                        }
                        Frame Armature_mixamorig_LeftHandIndex3 {
                          FrameTransformMatrix {
                             0.820259, 0.537205, 0.196431, 0.000000,
                            -0.443197, 0.379814, 0.811984, 0.000000,
                             0.361595,-0.753095, 0.549634, 0.000000,
                            -0.257696, 4.660700,-0.000002, 1.000000;;
                          }
                          Frame Armature_mixamorig_LeftHandIndex4 {
                            FrameTransformMatrix {
                               1.000000, 0.000000,-0.000000, 0.000000,
                              -0.000000, 1.000000, 0.000000, 0.000000,
                              -0.000000,-0.000000, 1.000000, 0.000000,
                              -0.336099, 3.119903, 0.000001, 1.000000;;
                            }
                          } // End of Armature_mixamorig_LeftHandIndex4
                        } // End of Armature_mixamorig_LeftHandIndex3
                      } // End of Armature_mixamorig_LeftHandIndex2
                    } // End of Armature_mixamorig_LeftHandIndex1
                    Frame Armature_mixamorig_LeftHandThumb1 {
                      FrameTransformMatrix {
                         0.578717, 0.806641, 0.120068, 0.000000,
                        -0.792393, 0.521354, 0.316707, 0.000000,
                         0.192871,-0.278425, 0.940893, 0.000000,
                        -3.734800, 4.018999,-0.000002, 1.000000;;
                      }
                      Frame Armature_mixamorig_LeftHandThumb2 {
                        FrameTransformMatrix {
                           0.734642,-0.629087,-0.254069, 0.000000,
                           0.659388, 0.750198, 0.049100, 0.000000,
                           0.159714,-0.203601, 0.965939, 0.000000,
                           0.608902, 4.346702,-0.000003, 1.000000;;
                        }
                        Frame Armature_mixamorig_LeftHandThumb3 {
                          FrameTransformMatrix {
                             0.499157, 0.619820,-0.605529, 0.000000,
                            -0.122541, 0.742282, 0.658787, 0.000000,
                             0.857803,-0.254636, 0.446469, 0.000000,
                            -1.309703, 4.552698,-0.000002, 1.000000;;
                          }
                          Frame Armature_mixamorig_LeftHandThumb4 {
                            FrameTransformMatrix {
                               1.000000, 0.000000,-0.000000, 0.000000,
                              -0.000000, 1.000000, 0.000000, 0.000000,
                               0.000000,-0.000000, 1.000000, 0.000000,
                               0.700793, 3.268998,-0.000003, 1.000000;;
                            }
                          } // End of Armature_mixamorig_LeftHandThumb4
                        } // End of Armature_mixamorig_LeftHandThumb3
                      } // End of Armature_mixamorig_LeftHandThumb2
                    } // End of Armature_mixamorig_LeftHandThumb1
                  } // End of Armature_mixamorig_LeftHand
                } // End of Armature_mixamorig_LeftForeArm
              } // End of Armature_mixamorig_LeftArm
            } // End of Armature_mixamorig_LeftShoulder
            Frame Armature_mixamorig_Neck {
              FrameTransformMatrix {
                 0.985070,-0.034616,-0.168641, 0.000000,
                 0.027001, 0.998518,-0.047243, 0.000000,
                 0.170026, 0.041984, 0.984545, 0.000000,
                 0.000000,12.866000, 0.000002, 1.000000;;
              }
              Frame Armature_mixamorig_Head {
                FrameTransformMatrix {
                   0.912383,-0.112643,-0.393533, 0.000000,
                   0.079625, 0.991866,-0.099302, 0.000000,
                   0.401518, 0.059267, 0.913932, 0.000000,
                   0.000001, 9.790698, 0.891199, 1.000000;;
                }
                Frame Armature_mixamorig_HeadTop_End {
                  FrameTransformMatrix {
                     1.000000, 0.000000, 0.000000, 0.000000,
                     0.000000, 1.000000, 0.000000, 0.000000,
                     0.000000, 0.000000, 1.000000, 0.000000,
                     0.000001,38.809319, 3.532801, 1.000000;;
                  }
                } // End of Armature_mixamorig_HeadTop_End
              } // End of Armature_mixamorig_Head
            } // End of Armature_mixamorig_Neck
            Frame Armature_mixamorig_RightShoulder {
              FrameTransformMatrix {
                -0.334286, 0.120569, 0.934728, 0.000000,
                -0.882130, 0.309145,-0.355352, 0.000000,
                -0.331811,-0.943341, 0.003015, 0.000000,
                -7.649900,15.424298,-0.024698, 1.000000;;
              }
              Frame Armature_mixamorig_RightArm {
                FrameTransformMatrix {
                   0.994778,-0.096820, 0.032297, 0.000000,
                  -0.006998, 0.250999, 0.967962, 0.000000,
                  -0.101824,-0.963133, 0.249011, 0.000000,
                  -0.000002,16.032497, 0.000006, 1.000000;;
                }
                Frame Armature_mixamorig_RightForeArm {
                  FrameTransformMatrix {
                    -0.015576,-0.014809,-0.999769, 0.000000,
                     0.963816, 0.265893,-0.018955, 0.000000,
                     0.266112,-0.963889, 0.010132, 0.000000,
                     0.000000,29.515001, 0.000000, 1.000000;;
                  }
                  Frame Armature_mixamorig_RightHand {
                    FrameTransformMatrix {
                      -0.414630,-0.479142, 0.773631, 0.000000,
                      -0.108117, 0.870070, 0.480925, 0.000000,
                      -0.903545, 0.115763,-0.412561, 0.000000,
                      -0.000008,17.998909, 0.000000, 1.000000;;
                    }
                    Frame Armature_mixamorig_RightHandIndex1 {
                      FrameTransformMatrix {
                         0.887716,-0.408512,-0.212315, 0.000000,
                         0.409459, 0.489710, 0.769758, 0.000000,
                        -0.210483,-0.770261, 0.601992, 0.000000,
                         0.000002,10.367392, 0.072208, 1.000000;;
                      }
                      Frame Armature_mixamorig_RightHandIndex2 {
                        FrameTransformMatrix {
                           0.771319,-0.588727,-0.241803, 0.000000,
                           0.528726, 0.381234, 0.758360, 0.000000,
                          -0.354283,-0.712784, 0.605328, 0.000000,
                           0.220803, 5.278707,-0.000005, 1.000000;;
                        }
                        Frame Armature_mixamorig_RightHandIndex3 {
                          FrameTransformMatrix {
                             0.812839,-0.514156,-0.273747, 0.000000,
                             0.528748, 0.454121, 0.717077, 0.000000,
                            -0.244375,-0.727611, 0.640986, 0.000000,
                             0.056101, 4.373298,-0.000003, 1.000000;;
                          }
                          Frame Armature_mixamorig_RightHandIndex4 {
                            FrameTransformMatrix {
                               1.000000,-0.000000,-0.000000, 0.000000,
                               0.000000, 1.000000, 0.000000, 0.000000,
                               0.000000,-0.000000, 1.000000, 0.000000,
                              -0.276906, 2.801301, 0.000004, 1.000000;;
                            }
                          } // End of Armature_mixamorig_RightHandIndex4
                        } // End of Armature_mixamorig_RightHandIndex3
                      } // End of Armature_mixamorig_RightHandIndex2
                    } // End of Armature_mixamorig_RightHandIndex1
                    Frame Armature_mixamorig_RightHandThumb1 {
                      FrameTransformMatrix {
                         0.805699,-0.559607,-0.194135, 0.000000,
                         0.504525, 0.476649, 0.719903, 0.000000,
                        -0.310329,-0.677971, 0.666371, 0.000000,
                         3.870502, 3.727995, 0.000011, 1.000000;;
                      }
                      Frame Armature_mixamorig_RightHandThumb2 {
                        FrameTransformMatrix {
                           0.833895, 0.497141, 0.239730, 0.000000,
                          -0.437939, 0.860348,-0.260788, 0.000000,
                          -0.335899, 0.112483, 0.935157, 0.000000,
                          -0.775105, 4.228703, 0.000003, 1.000000;;
                        }
                        Frame Armature_mixamorig_RightHandThumb3 {
                          FrameTransformMatrix {
                             0.960808,-0.043470,-0.273787, 0.000000,
                             0.018661, 0.995531,-0.092573, 0.000000,
                             0.276587, 0.083835, 0.957325, 0.000000,
                             1.262101, 4.811298,-0.000000, 1.000000;;
                          }
                          Frame Armature_mixamorig_RightHandThumb4 {
                            FrameTransformMatrix {
                               1.000000, 0.000000,-0.000000, 0.000000,
                              -0.000000, 1.000000,-0.000000, 0.000000,
                               0.000000, 0.000000, 1.000000, 0.000000,
                              -0.486903, 3.520806,-0.000006, 1.000000;;
                            }
                          } // End of Armature_mixamorig_RightHandThumb4
                        } // End of Armature_mixamorig_RightHandThumb3
                      } // End of Armature_mixamorig_RightHandThumb2
                    } // End of Armature_mixamorig_RightHandThumb1
                  } // End of Armature_mixamorig_RightHand
                } // End of Armature_mixamorig_RightForeArm
              } // End of Armature_mixamorig_RightArm
            } // End of Armature_mixamorig_RightShoulder
          } // End of Armature_mixamorig_Spine2
        } // End of Armature_mixamorig_Spine1
      } // End of Armature_mixamorig_Spine
    } // End of Armature_mixamorig_Hips
  } // End of Armature
} // End of Root
AnimationSet Global {
  Animation {
    {Armature}
    AnimationKey { // Rotation
      0;
      43;
      0;4;-0.707107, 0.707107, 0.000000, 0.000000;;,
      1;4;-0.707107, 0.707107, 0.000000, 0.000000;;,
      2;4;-0.707107, 0.707107, 0.000000, 0.000000;;,
      3;4;-0.707107, 0.707107, 0.000000, 0.000000;;,
      4;4;-0.707107, 0.707107, 0.000000, 0.000000;;,
      5;4;-0.707107, 0.707107, 0.000000, 0.000000;;,
      6;4;-0.707107, 0.707107, 0.000000, 0.000000;;,
      7;4;-0.707107, 0.707107, 0.000000, 0.000000;;,
      8;4;-0.707107, 0.707107, 0.000000, 0.000000;;,
      9;4;-0.707107, 0.707107, 0.000000, 0.000000;;,
      10;4;-0.707107, 0.707107, 0.000000, 0.000000;;,
      11;4;-0.707107, 0.707107, 0.000000, 0.000000;;,
      12;4;-0.707107, 0.707107, 0.000000, 0.000000;;,
      13;4;-0.707107, 0.707107, 0.000000, 0.000000;;,
      14;4;-0.707107, 0.707107, 0.000000, 0.000000;;,
      15;4;-0.707107, 0.707107, 0.000000, 0.000000;;,
      16;4;-0.707107, 0.707107, 0.000000, 0.000000;;,
      17;4;-0.707107, 0.707107, 0.000000, 0.000000;;,
      18;4;-0.707107, 0.707107, 0.000000, 0.000000;;,
      19;4;-0.707107, 0.707107, 0.000000, 0.000000;;,
      20;4;-0.707107, 0.707107, 0.000000, 0.000000;;,
      21;4;-0.707107, 0.707107, 0.000000, 0.000000;;,
      22;4;-0.707107, 0.707107, 0.000000, 0.000000;;,
      23;4;-0.707107, 0.707107, 0.000000, 0.000000;;,
      24;4;-0.707107, 0.707107, 0.000000, 0.000000;;,
      25;4;-0.707107, 0.707107, 0.000000, 0.000000;;,
      26;4;-0.707107, 0.707107, 0.000000, 0.000000;;,
      27;4;-0.707107, 0.707107, 0.000000, 0.000000;;,
      28;4;-0.707107, 0.707107, 0.000000, 0.000000;;,
      29;4;-0.707107, 0.707107, 0.000000, 0.000000;;,
      30;4;-0.707107, 0.707107, 0.000000, 0.000000;;,
      31;4;-0.707107, 0.707107, 0.000000, 0.000000;;,
      32;4;-0.707107, 0.707107, 0.000000, 0.000000;;,
      33;4;-0.707107, 0.707107, 0.000000, 0.000000;;,
      34;4;-0.707107, 0.707107, 0.000000, 0.000000;;,
      35;4;-0.707107, 0.707107, 0.000000, 0.000000;;,
      36;4;-0.707107, 0.707107, 0.000000, 0.000000;;,
      37;4;-0.707107, 0.707107, 0.000000, 0.000000;;,
      38;4;-0.707107, 0.707107, 0.000000, 0.000000;;,
      39;4;-0.707107, 0.707107, 0.000000, 0.000000;;,
      40;4;-0.707107, 0.707107, 0.000000, 0.000000;;,
      41;4;-0.707107, 0.707107, 0.000000, 0.000000;;,
      42;4;-0.707107, 0.707107, 0.000000, 0.000000;;;
    }
    AnimationKey { // Scale
      1;
      43;
      0;3; 0.010000, 0.010000, 0.010000;;,
      1;3; 0.010000, 0.010000, 0.010000;;,
      2;3; 0.010000, 0.010000, 0.010000;;,
      3;3; 0.010000, 0.010000, 0.010000;;,
      4;3; 0.010000, 0.010000, 0.010000;;,
      5;3; 0.010000, 0.010000, 0.010000;;,
      6;3; 0.010000, 0.010000, 0.010000;;,
      7;3; 0.010000, 0.010000, 0.010000;;,
      8;3; 0.010000, 0.010000, 0.010000;;,
      9;3; 0.010000, 0.010000, 0.010000;;,
      10;3; 0.010000, 0.010000, 0.010000;;,
      11;3; 0.010000, 0.010000, 0.010000;;,
      12;3; 0.010000, 0.010000, 0.010000;;,
      13;3; 0.010000, 0.010000, 0.010000;;,
      14;3; 0.010000, 0.010000, 0.010000;;,
      15;3; 0.010000, 0.010000, 0.010000;;,
      16;3; 0.010000, 0.010000, 0.010000;;,
      17;3; 0.010000, 0.010000, 0.010000;;,
      18;3; 0.010000, 0.010000, 0.010000;;,
      19;3; 0.010000, 0.010000, 0.010000;;,
      20;3; 0.010000, 0.010000, 0.010000;;,
      21;3; 0.010000, 0.010000, 0.010000;;,
      22;3; 0.010000, 0.010000, 0.010000;;,
      23;3; 0.010000, 0.010000, 0.010000;;,
      24;3; 0.010000, 0.010000, 0.010000;;,
      25;3; 0.010000, 0.010000, 0.010000;;,
      26;3; 0.010000, 0.010000, 0.010000;;,
      27;3; 0.010000, 0.010000, 0.010000;;,
      28;3; 0.010000, 0.010000, 0.010000;;,
      29;3; 0.010000, 0.010000, 0.010000;;,
      30;3; 0.010000, 0.010000, 0.010000;;,
      31;3; 0.010000, 0.010000, 0.010000;;,
      32;3; 0.010000, 0.010000, 0.010000;;,
      33;3; 0.010000, 0.010000, 0.010000;;,
      34;3; 0.010000, 0.010000, 0.010000;;,
      35;3; 0.010000, 0.010000, 0.010000;;,
      36;3; 0.010000, 0.010000, 0.010000;;,
      37;3; 0.010000, 0.010000, 0.010000;;,
      38;3; 0.010000, 0.010000, 0.010000;;,
      39;3; 0.010000, 0.010000, 0.010000;;,
      40;3; 0.010000, 0.010000, 0.010000;;,
      41;3; 0.010000, 0.010000, 0.010000;;,
      42;3; 0.010000, 0.010000, 0.010000;;;
    }
    AnimationKey { // Position
      2;
      43;
      0;3; 0.000000, 0.000000, 0.000000;;,
      1;3; 0.000000, 0.000000, 0.000000;;,
      2;3; 0.000000, 0.000000, 0.000000;;,
      3;3; 0.000000, 0.000000, 0.000000;;,
      4;3; 0.000000, 0.000000, 0.000000;;,
      5;3; 0.000000, 0.000000, 0.000000;;,
      6;3; 0.000000, 0.000000, 0.000000;;,
      7;3; 0.000000, 0.000000, 0.000000;;,
      8;3; 0.000000, 0.000000, 0.000000;;,
      9;3; 0.000000, 0.000000, 0.000000;;,
      10;3; 0.000000, 0.000000, 0.000000;;,
      11;3; 0.000000, 0.000000, 0.000000;;,
      12;3; 0.000000, 0.000000, 0.000000;;,
      13;3; 0.000000, 0.000000, 0.000000;;,
      14;3; 0.000000, 0.000000, 0.000000;;,
      15;3; 0.000000, 0.000000, 0.000000;;,
      16;3; 0.000000, 0.000000, 0.000000;;,
      17;3; 0.000000, 0.000000, 0.000000;;,
      18;3; 0.000000, 0.000000, 0.000000;;,
      19;3; 0.000000, 0.000000, 0.000000;;,
      20;3; 0.000000, 0.000000, 0.000000;;,
      21;3; 0.000000, 0.000000, 0.000000;;,
      22;3; 0.000000, 0.000000, 0.000000;;,
      23;3; 0.000000, 0.000000, 0.000000;;,
      24;3; 0.000000, 0.000000, 0.000000;;,
      25;3; 0.000000, 0.000000, 0.000000;;,
      26;3; 0.000000, 0.000000, 0.000000;;,
      27;3; 0.000000, 0.000000, 0.000000;;,
      28;3; 0.000000, 0.000000, 0.000000;;,
      29;3; 0.000000, 0.000000, 0.000000;;,
      30;3; 0.000000, 0.000000, 0.000000;;,
      31;3; 0.000000, 0.000000, 0.000000;;,
      32;3; 0.000000, 0.000000, 0.000000;;,
      33;3; 0.000000, 0.000000, 0.000000;;,
      34;3; 0.000000, 0.000000, 0.000000;;,
      35;3; 0.000000, 0.000000, 0.000000;;,
      36;3; 0.000000, 0.000000, 0.000000;;,
      37;3; 0.000000, 0.000000, 0.000000;;,
      38;3; 0.000000, 0.000000, 0.000000;;,
      39;3; 0.000000, 0.000000, 0.000000;;,
      40;3; 0.000000, 0.000000, 0.000000;;,
      41;3; 0.000000, 0.000000, 0.000000;;,
      42;3; 0.000000, 0.000000, 0.000000;;;
    }
  }
  Animation {
    {Armature_mixamorig_Hips}
    AnimationKey { // Rotation
      0;
      43;
      0;4;-0.883957, 0.067738,-0.460734, 0.041906;;,
      1;4;-0.884702, 0.062110,-0.459603, 0.047014;;,
      2;4;-0.886426, 0.050980,-0.457134, 0.051753;;,
      3;4;-0.888532, 0.032063,-0.454656, 0.052638;;,
      4;4;-0.890433, 0.008340,-0.452206, 0.050693;;,
      5;4;-0.891705,-0.021987,-0.449927, 0.044084;;,
      6;4;-0.891883,-0.053476,-0.447660, 0.035845;;,
      7;4;-0.890231,-0.080933,-0.447373, 0.028222;;,
      8;4;-0.887002,-0.104048,-0.449332, 0.022400;;,
      9;4;-0.882829,-0.124085,-0.452650, 0.018016;;,
      10;4;-0.877750,-0.139283,-0.458141, 0.016164;;,
      11;4;-0.872256,-0.147974,-0.465792, 0.017653;;,
      12;4;-0.868069,-0.150280,-0.472639, 0.022007;;,
      13;4;-0.864324,-0.150944,-0.478993, 0.026946;;,
      14;4;-0.860948,-0.150748,-0.484813, 0.031617;;,
      15;4;-0.858231,-0.149950,-0.489589, 0.035464;;,
      16;4;-0.856852,-0.148260,-0.492374, 0.037291;;,
      17;4;-0.857864,-0.145488,-0.491493, 0.036574;;,
      18;4;-0.862403,-0.141393,-0.484906, 0.033701;;,
      19;4;-0.869788,-0.134655,-0.473649, 0.031530;;,
      20;4;-0.877109,-0.126709,-0.462272, 0.030474;;,
      21;4;-0.881993,-0.118435,-0.454939, 0.033050;;,
      22;4;-0.883871,-0.108858,-0.453279, 0.038217;;,
      23;4;-0.882619,-0.096669,-0.457873, 0.044611;;,
      24;4;-0.879489,-0.082627,-0.465875, 0.051306;;,
      25;4;-0.875321,-0.067375,-0.475341, 0.057662;;,
      26;4;-0.870224,-0.050371,-0.486042, 0.062741;;,
      27;4;-0.866367,-0.033997,-0.493983, 0.065063;;,
      28;4;-0.864378,-0.019531,-0.498166, 0.065576;;,
      29;4;-0.866428,-0.009398,-0.495177, 0.063355;;,
      30;4;-0.871155,-0.001278,-0.487506, 0.058525;;,
      31;4;-0.876847, 0.006233,-0.477690, 0.053962;;,
      32;4;-0.882871, 0.013802,-0.466408, 0.053032;;,
      33;4;-0.887297, 0.023917,-0.457232, 0.055415;;,
      34;4;-0.888741, 0.034895,-0.453172, 0.059639;;,
      35;4;-0.888666, 0.043839,-0.452259, 0.061748;;,
      36;4;-0.887943, 0.047693,-0.453714, 0.058528;;,
      37;4;-0.887073, 0.048744,-0.455983, 0.052964;;,
      38;4;-0.886304, 0.047729,-0.458220, 0.047135;;,
      39;4;-0.885323, 0.049676,-0.460194, 0.044230;;,
      40;4;-0.884401, 0.053961,-0.461611, 0.042877;;,
      41;4;-0.883841, 0.062287,-0.461599, 0.043268;;,
      42;4;-0.883957, 0.067738,-0.460734, 0.041906;;;
    }
    AnimationKey { // Scale
      1;
      43;
      0;3; 1.000000, 1.000000, 1.000000;;,
      1;3; 1.000000, 1.000000, 1.000000;;,
      2;3; 1.000000, 1.000000, 1.000000;;,
      3;3; 1.000000, 1.000000, 1.000000;;,
      4;3; 1.000000, 1.000000, 1.000000;;,
      5;3; 1.000000, 1.000000, 1.000000;;,
      6;3; 1.000000, 1.000000, 1.000000;;,
      7;3; 1.000000, 1.000000, 1.000000;;,
      8;3; 1.000000, 1.000000, 1.000000;;,
      9;3; 1.000000, 1.000000, 1.000000;;,
      10;3; 1.000000, 1.000000, 1.000000;;,
      11;3; 1.000000, 1.000000, 1.000000;;,
      12;3; 1.000000, 1.000000, 1.000000;;,
      13;3; 1.000000, 1.000000, 1.000000;;,
      14;3; 1.000000, 1.000000, 1.000000;;,
      15;3; 1.000000, 1.000000, 1.000000;;,
      16;3; 1.000000, 1.000000, 1.000000;;,
      17;3; 1.000000, 1.000000, 1.000000;;,
      18;3; 1.000000, 1.000000, 1.000000;;,
      19;3; 1.000000, 1.000000, 1.000000;;,
      20;3; 1.000000, 1.000000, 1.000000;;,
      21;3; 1.000000, 1.000000, 1.000000;;,
      22;3; 1.000000, 1.000000, 1.000000;;,
      23;3; 1.000000, 1.000000, 1.000000;;,
      24;3; 1.000000, 1.000000, 1.000000;;,
      25;3; 1.000000, 1.000000, 1.000000;;,
      26;3; 1.000000, 1.000000, 1.000000;;,
      27;3; 1.000000, 1.000000, 1.000000;;,
      28;3; 1.000000, 1.000000, 1.000000;;,
      29;3; 1.000000, 1.000000, 1.000000;;,
      30;3; 1.000000, 1.000000, 1.000000;;,
      31;3; 1.000000, 1.000000, 1.000000;;,
      32;3; 1.000000, 1.000000, 1.000000;;,
      33;3; 1.000000, 1.000000, 1.000000;;,
      34;3; 1.000000, 1.000000, 1.000000;;,
      35;3; 1.000000, 1.000000, 1.000000;;,
      36;3; 1.000000, 1.000000, 1.000000;;,
      37;3; 1.000000, 1.000000, 1.000000;;,
      38;3; 1.000000, 1.000000, 1.000000;;,
      39;3; 1.000000, 1.000000, 1.000000;;,
      40;3; 1.000000, 1.000000, 1.000000;;,
      41;3; 1.000000, 1.000000, 1.000000;;,
      42;3; 1.000000, 1.000000, 1.000000;;;
    }
    AnimationKey { // Position
      2;
      43;
      0;3; 0.551958,23.594084,-5.949056;;,
      1;3; 0.572079,23.464357,-6.038372;;,
      2;3; 0.583517,23.390896,-6.065646;;,
      3;3; 0.597075,23.338224,-6.070459;;,
      4;3; 0.607976,23.269125,-6.094124;;,
      5;3; 0.614377,23.192385,-6.104369;;,
      6;3; 0.637990,23.053577,-6.212357;;,
      7;3; 0.672706,22.881496,-6.426815;;,
      8;3; 0.702539,22.737476,-6.665384;;,
      9;3; 0.702343,22.654716,-6.854503;;,
      10;3; 0.623845,22.643694,-6.954377;;,
      11;3; 0.477665,22.696842,-6.982009;;,
      12;3; 0.312478,22.762945,-7.057974;;,
      13;3; 0.156051,22.930136,-7.105012;;,
      14;3; 0.027802,23.125559,-7.094465;;,
      15;3;-0.054812,23.339563,-7.026718;;,
      16;3;-0.044387,23.443052,-6.881943;;,
      17;3; 0.019720,23.435507,-6.798343;;,
      18;3; 0.088620,23.363291,-6.770641;;,
      19;3; 0.113995,23.319511,-6.750626;;,
      20;3; 0.148894,23.242432,-6.687164;;,
      21;3; 0.174427,23.153595,-6.641213;;,
      22;3; 0.174165,23.062298,-6.636691;;,
      23;3; 0.148589,22.991844,-6.658144;;,
      24;3; 0.109507,22.945099,-6.687032;;,
      25;3; 0.063814,22.918127,-6.720765;;,
      26;3; 0.011857,22.932747,-6.775016;;,
      27;3;-0.057385,22.946754,-6.899481;;,
      28;3;-0.092647,22.967791,-7.093782;;,
      29;3;-0.031035,22.997932,-7.402983;;,
      30;3; 0.086510,22.924520,-7.531591;;,
      31;3; 0.210396,22.826530,-7.581162;;,
      32;3; 0.276266,22.760063,-7.606605;;,
      33;3; 0.295918,22.696587,-7.594583;;,
      34;3; 0.281292,22.677040,-7.520607;;,
      35;3; 0.280707,22.702253,-7.403534;;,
      36;3; 0.343503,22.790880,-7.239963;;,
      37;3; 0.432180,22.901337,-7.063518;;,
      38;3; 0.516410,23.011173,-6.899454;;,
      39;3; 0.559517,23.140062,-6.704511;;,
      40;3; 0.576522,23.283163,-6.480897;;,
      41;3; 0.555524,23.441330,-6.209426;;,
      42;3; 0.551816,23.594076,-5.949441;;;
    }
  }
  Animation {
    {Armature_mixamorig_Spine}
    AnimationKey { // Rotation
      0;
      43;
      0;4;-0.996149, 0.069635, 0.035740,-0.039507;;,
      1;4;-0.996207, 0.070027, 0.037317,-0.035723;;,
      2;4;-0.996196, 0.071609, 0.038610,-0.031235;;,
      3;4;-0.996049, 0.074716, 0.040035,-0.026473;;,
      4;4;-0.995713, 0.079739, 0.041635,-0.021531;;,
      5;4;-0.995181, 0.086531, 0.043257,-0.016006;;,
      6;4;-0.994503, 0.094479, 0.044169,-0.009291;;,
      7;4;-0.993779, 0.102482, 0.043581,-0.001107;;,
      8;4;-0.993167, 0.108750, 0.041576, 0.008018;;,
      9;4;-0.992907, 0.110987, 0.039275, 0.016580;;,
      10;4;-0.993235, 0.107366, 0.037841, 0.022896;;,
      11;4;-0.994146, 0.097907, 0.037594, 0.025973;;,
      12;4;-0.995314, 0.085026, 0.038071, 0.025889;;,
      13;4;-0.996353, 0.072594, 0.038196, 0.023486;;,
      14;4;-0.997033, 0.064164, 0.037489, 0.020081;;,
      15;4;-0.997319, 0.061650, 0.035801, 0.016522;;,
      16;4;-0.997242, 0.064958, 0.033033, 0.014092;;,
      17;4;-0.996844, 0.072651, 0.029296, 0.012842;;,
      18;4;-0.996166, 0.082823, 0.025194, 0.012633;;,
      19;4;-0.995264, 0.093880, 0.021774, 0.012765;;,
      20;4;-0.994218, 0.104662, 0.020512, 0.012521;;,
      21;4;-0.993165, 0.114119, 0.022223, 0.010332;;,
      22;4;-0.992271, 0.121063, 0.026723, 0.005285;;,
      23;4;-0.991682, 0.124503, 0.032562,-0.002323;;,
      24;4;-0.991473, 0.124061, 0.038253,-0.011249;;,
      25;4;-0.991663, 0.120019, 0.042316,-0.020234;;,
      26;4;-0.992190, 0.113492, 0.043242,-0.028448;;,
      27;4;-0.992849, 0.106587, 0.040940,-0.034852;;,
      28;4;-0.993423, 0.101699, 0.035851,-0.038515;;,
      29;4;-0.993775, 0.099873, 0.029429,-0.039620;;,
      30;4;-0.993975, 0.099729, 0.024047,-0.038607;;,
      31;4;-0.994203, 0.098306, 0.020889,-0.038218;;,
      32;4;-0.994628, 0.092923, 0.021056,-0.040456;;,
      33;4;-0.995197, 0.083412, 0.024146,-0.045195;;,
      34;4;-0.995670, 0.072830, 0.028462,-0.050261;;,
      35;4;-0.995903, 0.065717, 0.032137,-0.053158;;,
      36;4;-0.995918, 0.064982, 0.033853,-0.052711;;,
      37;4;-0.995739, 0.069873, 0.033646,-0.049893;;,
      38;4;-0.995430, 0.076569, 0.032749,-0.046732;;,
      39;4;-0.995204, 0.080836, 0.032343,-0.044588;;,
      40;4;-0.995258, 0.080568, 0.033019,-0.043353;;,
      41;4;-0.995594, 0.076407, 0.034354,-0.042124;;,
      42;4;-0.996149, 0.069635, 0.035740,-0.039507;;;
    }
    AnimationKey { // Scale
      1;
      43;
      0;3; 1.000000, 1.000000, 1.000000;;,
      1;3; 1.000000, 1.000000, 1.000000;;,
      2;3; 1.000000, 1.000000, 1.000000;;,
      3;3; 1.000000, 1.000000, 1.000000;;,
      4;3; 1.000000, 1.000000, 1.000000;;,
      5;3; 1.000000, 1.000000, 1.000000;;,
      6;3; 1.000000, 1.000000, 1.000000;;,
      7;3; 1.000000, 1.000000, 1.000000;;,
      8;3; 1.000000, 1.000000, 1.000000;;,
      9;3; 1.000000, 1.000000, 1.000000;;,
      10;3; 1.000000, 1.000000, 1.000000;;,
      11;3; 1.000000, 1.000000, 1.000000;;,
      12;3; 1.000000, 1.000000, 1.000000;;,
      13;3; 1.000000, 1.000000, 1.000000;;,
      14;3; 1.000000, 1.000000, 1.000000;;,
      15;3; 1.000000, 1.000000, 1.000000;;,
      16;3; 1.000000, 1.000000, 1.000000;;,
      17;3; 1.000000, 1.000000, 1.000000;;,
      18;3; 1.000000, 1.000000, 1.000000;;,
      19;3; 1.000000, 1.000000, 1.000000;;,
      20;3; 1.000000, 1.000000, 1.000000;;,
      21;3; 1.000000, 1.000000, 1.000000;;,
      22;3; 1.000000, 1.000000, 1.000000;;,
      23;3; 1.000000, 1.000000, 1.000000;;,
      24;3; 1.000000, 1.000000, 1.000000;;,
      25;3; 1.000000, 1.000000, 1.000000;;,
      26;3; 1.000000, 1.000000, 1.000000;;,
      27;3; 1.000000, 1.000000, 1.000000;;,
      28;3; 1.000000, 1.000000, 1.000000;;,
      29;3; 1.000000, 1.000000, 1.000000;;,
      30;3; 1.000000, 1.000000, 1.000000;;,
      31;3; 1.000000, 1.000000, 1.000000;;,
      32;3; 1.000000, 1.000000, 1.000000;;,
      33;3; 1.000000, 1.000000, 1.000000;;,
      34;3; 1.000000, 1.000000, 1.000000;;,
      35;3; 1.000000, 1.000000, 1.000000;;,
      36;3; 1.000000, 1.000000, 1.000000;;,
      37;3; 1.000000, 1.000000, 1.000000;;,
      38;3; 1.000000, 1.000000, 1.000000;;,
      39;3; 1.000000, 1.000000, 1.000000;;,
      40;3; 1.000000, 1.000000, 1.000000;;,
      41;3; 1.000000, 1.000000, 1.000000;;,
      42;3; 1.000000, 1.000000, 1.000000;;;
    }
    AnimationKey { // Position
      2;
      43;
      0;3;-0.000000, 8.576904, 0.088300;;,
      1;3;-0.000000, 8.576903, 0.088300;;,
      2;3; 0.000001, 8.576903, 0.088301;;,
      3;3;-0.000000, 8.576906, 0.088300;;,
      4;3;-0.000000, 8.576901, 0.088300;;,
      5;3;-0.000000, 8.576900, 0.088300;;,
      6;3; 0.000000, 8.576902, 0.088300;;,
      7;3; 0.000000, 8.576901, 0.088300;;,
      8;3;-0.000000, 8.576897, 0.088299;;,
      9;3; 0.000001, 8.576900, 0.088300;;,
      10;3;-0.000001, 8.576901, 0.088300;;,
      11;3;-0.000001, 8.576900, 0.088300;;,
      12;3;-0.000000, 8.576901, 0.088300;;,
      13;3; 0.000000, 8.576902, 0.088301;;,
      14;3;-0.000000, 8.576899, 0.088300;;,
      15;3;-0.000000, 8.576903, 0.088300;;,
      16;3;-0.000001, 8.576901, 0.088299;;,
      17;3;-0.000000, 8.576899, 0.088300;;,
      18;3; 0.000001, 8.576901, 0.088300;;,
      19;3;-0.000001, 8.576900, 0.088300;;,
      20;3; 0.000000, 8.576902, 0.088300;;,
      21;3; 0.000000, 8.576900, 0.088300;;,
      22;3;-0.000001, 8.576902, 0.088300;;,
      23;3; 0.000000, 8.576902, 0.088300;;,
      24;3;-0.000000, 8.576895, 0.088299;;,
      25;3;-0.000000, 8.576902, 0.088299;;,
      26;3; 0.000001, 8.576901, 0.088300;;,
      27;3; 0.000001, 8.576900, 0.088300;;,
      28;3;-0.000001, 8.576900, 0.088300;;,
      29;3; 0.000000, 8.576899, 0.088300;;,
      30;3; 0.000000, 8.576900, 0.088299;;,
      31;3;-0.000000, 8.576903, 0.088300;;,
      32;3; 0.000001, 8.576899, 0.088301;;,
      33;3; 0.000000, 8.576900, 0.088300;;,
      34;3; 0.000000, 8.576900, 0.088300;;,
      35;3;-0.000001, 8.576898, 0.088300;;,
      36;3; 0.000000, 8.576897, 0.088300;;,
      37;3; 0.000000, 8.576900, 0.088299;;,
      38;3;-0.000001, 8.576902, 0.088301;;,
      39;3; 0.000000, 8.576903, 0.088299;;,
      40;3; 0.000000, 8.576902, 0.088300;;,
      41;3;-0.000000, 8.576902, 0.088300;;,
      42;3;-0.000000, 8.576902, 0.088300;;;
    }
  }
  Animation {
    {Armature_mixamorig_Spine1}
    AnimationKey { // Rotation
      0;
      43;
      0;4;-0.999659, 0.010800, 0.012390, 0.020290;;,
      1;4;-0.999602, 0.013595, 0.013050, 0.020992;;,
      2;4;-0.999530, 0.016576, 0.013484, 0.021980;;,
      3;4;-0.999409, 0.020137, 0.013872, 0.024148;;,
      4;4;-0.999202, 0.023671, 0.014374, 0.028778;;,
      5;4;-0.998873, 0.026518, 0.015002, 0.036388;;,
      6;4;-0.998176, 0.038098, 0.005796, 0.046466;;,
      7;4;-0.996617, 0.057947,-0.012886, 0.056843;;,
      8;4;-0.994922, 0.071713,-0.025925, 0.065689;;,
      9;4;-0.994196, 0.073758,-0.028927, 0.072779;;,
      10;4;-0.994191, 0.068568,-0.027959, 0.078115;;,
      11;4;-0.994655, 0.057854,-0.023856, 0.082134;;,
      12;4;-0.995275, 0.043944,-0.017513, 0.084798;;,
      13;4;-0.995829, 0.029651,-0.009850, 0.085722;;,
      14;4;-0.996225, 0.018728,-0.001976, 0.084741;;,
      15;4;-0.996495, 0.014288, 0.004772, 0.082285;;,
      16;4;-0.996718, 0.014077, 0.009261, 0.079173;;,
      17;4;-0.996890, 0.016945, 0.010290, 0.076275;;,
      18;4;-0.997015, 0.021438, 0.009000, 0.073630;;,
      19;4;-0.997111, 0.025839, 0.007726, 0.071016;;,
      20;4;-0.997192, 0.029574, 0.006850, 0.068465;;,
      21;4;-0.997294, 0.031414, 0.007116, 0.066086;;,
      22;4;-0.997461, 0.031050, 0.008407, 0.063542;;,
      23;4;-0.997723, 0.028661, 0.010218, 0.060193;;,
      24;4;-0.998011, 0.025393, 0.012060, 0.056421;;,
      25;4;-0.998290, 0.021739, 0.013685, 0.052506;;,
      26;4;-0.998552, 0.017785, 0.014662, 0.048604;;,
      27;4;-0.998769, 0.013782, 0.014579, 0.045373;;,
      28;4;-0.998924, 0.010469, 0.013651, 0.043076;;,
      29;4;-0.999034, 0.008362, 0.012184, 0.041374;;,
      30;4;-0.999126, 0.007485, 0.010688, 0.039699;;,
      31;4;-0.999215, 0.007568, 0.009713, 0.037649;;,
      32;4;-0.999301, 0.008163, 0.009611, 0.035182;;,
      33;4;-0.999376, 0.009002, 0.010356, 0.032549;;,
      34;4;-0.999429, 0.010082, 0.011535, 0.030113;;,
      35;4;-0.999459, 0.011417, 0.012564, 0.028177;;,
      36;4;-0.999473, 0.012781, 0.013040, 0.026839;;,
      37;4;-0.999484, 0.013757, 0.012986, 0.025943;;,
      38;4;-0.999503, 0.014043, 0.012744, 0.025176;;,
      39;4;-0.999533, 0.013657, 0.012629, 0.024256;;,
      40;4;-0.999571, 0.012857, 0.012674, 0.023078;;,
      41;4;-0.999613, 0.011854, 0.012698, 0.021713;;,
      42;4;-0.999659, 0.010800, 0.012390, 0.020290;;;
    }
    AnimationKey { // Scale
      1;
      43;
      0;3; 1.000000, 1.000000, 1.000000;;,
      1;3; 1.000000, 1.000000, 1.000000;;,
      2;3; 1.000000, 1.000000, 1.000000;;,
      3;3; 1.000000, 1.000000, 1.000000;;,
      4;3; 1.000000, 1.000000, 1.000000;;,
      5;3; 1.000000, 1.000000, 1.000000;;,
      6;3; 1.000000, 1.000000, 1.000000;;,
      7;3; 1.000000, 1.000000, 1.000000;;,
      8;3; 1.000000, 1.000000, 1.000000;;,
      9;3; 1.000000, 1.000000, 1.000000;;,
      10;3; 1.000000, 1.000000, 1.000000;;,
      11;3; 1.000000, 1.000000, 1.000000;;,
      12;3; 1.000000, 1.000000, 1.000000;;,
      13;3; 1.000000, 1.000000, 1.000000;;,
      14;3; 1.000000, 1.000000, 1.000000;;,
      15;3; 1.000000, 1.000000, 1.000000;;,
      16;3; 1.000000, 1.000000, 1.000000;;,
      17;3; 1.000000, 1.000000, 1.000000;;,
      18;3; 1.000000, 1.000000, 1.000000;;,
      19;3; 1.000000, 1.000000, 1.000000;;,
