xof 0303txt 0032

Frame Root {
  FrameTransformMatrix {
     1.000000, 0.000000, 0.000000, 0.000000,
     0.000000,-0.000000,-1.000000, 0.000000,
     0.000000, 1.000000,-0.000000, 0.000000,
     0.000000, 0.000000, 0.000000, 1.000000;;
  }
  Frame Armature {
    FrameTransformMatrix {
       0.010000, 0.000000, 0.000000, 0.000000,
       0.000000,-0.000000, 0.010000, 0.000000,
       0.000000,-0.010000,-0.000000, 0.000000,
       0.000000, 0.000000, 0.000000, 1.000000;;
    }
    Frame Armature_mixamorig_Hips {
      FrameTransformMatrix {
         0.980475,-0.029431,-0.194430, 0.000000,
         0.093073, 0.940432, 0.326995, 0.000000,
         0.173224,-0.338707, 0.924809, 0.000000,
        -0.517352,31.115746,-2.936346, 1.000000;;
      }
      Frame Armature_mixamorig_LeftUpLeg {
        FrameTransformMatrix {
          -0.973296,-0.229326, 0.010209, 0.000000,
           0.227252,-0.956305, 0.183950, 0.000000,
          -0.032422, 0.181358, 0.982882, 0.000000,
          10.875102,-4.789504, 1.555900, 1.000000;;
        }
        Frame Armature_mixamorig_LeftLeg {
          FrameTransformMatrix {
             0.980821,-0.164125,-0.105138, 0.000000,
            -0.025255, 0.427849,-0.903497, 0.000000,
             0.193269, 0.888824, 0.415498, 0.000000,
            -0.000001,14.866001,-0.000001, 1.000000;;
          }
          Frame Armature_mixamorig_LeftFoot {
            FrameTransformMatrix {
               0.964091,-0.260937, 0.049399, 0.000000,
              -0.171717,-0.470601, 0.865475, 0.000000,
              -0.202587,-0.842880,-0.498510, 0.000000,
              -0.000001, 6.184701, 0.000001, 1.000000;;
            }
            Frame Armature_mixamorig_LeftToeBase {
              FrameTransformMatrix {
                 0.995931, 0.022071, 0.087379, 0.000000,
                -0.080660, 0.650789, 0.754962, 0.000000,
                -0.040203,-0.758938, 0.649921, 0.000000,
                 0.000000,13.216908,-0.000001, 1.000000;;
              }
              Frame Armature_mixamorig_LeftToe_End {
                FrameTransformMatrix {
                   1.000000,-0.000000,-0.000000, 0.000000,
                   0.000000, 1.000000, 0.000000, 0.000000,
                   0.000000,-0.000000, 1.000000, 0.000000,
                   0.000002, 5.788505, 0.000000, 1.000000;;
                }
              } // End of Armature_mixamorig_LeftToe_End
            } // End of Armature_mixamorig_LeftToeBase
          } // End of Armature_mixamorig_LeftFoot
        } // End of Armature_mixamorig_LeftLeg
      } // End of Armature_mixamorig_LeftUpLeg
      Frame Armature_mixamorig_RightUpLeg {
        FrameTransformMatrix {
          -0.989172,-0.139540,-0.045470, 0.000000,
          -0.014061,-0.218292, 0.975782, 0.000000,
          -0.146087, 0.965855, 0.213966, 0.000000,
          -10.875101,-4.789503, 0.850099, 1.000000;;
        }
        Frame Armature_mixamorig_RightLeg {
          FrameTransformMatrix {
             0.998703,-0.017892, 0.047663, 0.000000,
             0.007790,-0.871479,-0.490370, 0.000000,
             0.050311, 0.490106,-0.870210, 0.000000,
            -0.000000,18.547506, 0.000002, 1.000000;;
          }
          Frame Armature_mixamorig_RightFoot {
            FrameTransformMatrix {
               0.875228,-0.406363,-0.262384, 0.000000,
               0.449782, 0.484124, 0.750546, 0.000000,
              -0.177968,-0.774915, 0.606494, 0.000000,
              -0.000001,12.489806,-0.000000, 1.000000;;
            }
            Frame Armature_mixamorig_RightToeBase {
              FrameTransformMatrix {
                 0.910079,-0.000921,-0.414434, 0.000000,
                 0.260125, 0.779753, 0.569492, 0.000000,
                 0.322632,-0.626087, 0.709876, 0.000000,
                 0.000000,13.166507,-0.000000, 1.000000;;
              }
              Frame Armature_mixamorig_RightToe_End {
                FrameTransformMatrix {
                   1.000000,-0.000000, 0.000000, 0.000000,
                   0.000000, 1.000000, 0.000000, 0.000000,
                  -0.000000,-0.000000, 1.000000, 0.000000,
                   0.000002, 6.107004, 0.000001, 1.000000;;
                }
              } // End of Armature_mixamorig_RightToe_End
            } // End of Armature_mixamorig_RightToeBase
          } // End of Armature_mixamorig_RightFoot
        } // End of Armature_mixamorig_RightLeg
      } // End of Armature_mixamorig_RightUpLeg
      Frame Armature_mixamorig_Spine {
        FrameTransformMatrix {
           0.991887, 0.036771, 0.121686, 0.000000,
          -0.090717, 0.875328, 0.474943, 0.000000,
          -0.089051,-0.482129, 0.871563, 0.000000,
          -0.000000, 8.576899, 0.088299, 1.000000;;
        }
        Frame Armature_mixamorig_Spine1 {
          FrameTransformMatrix {
             0.999427, 0.010541, 0.032156, 0.000000,
            -0.011704, 0.999277, 0.036182, 0.000000,
            -0.031751,-0.036537, 0.998828, 0.000000,
             0.000000,10.006897,-0.000001, 1.000000;;
          }
          Frame Armature_mixamorig_Spine2 {
            FrameTransformMatrix {
               0.999388, 0.012120, 0.032820, 0.000000,
              -0.013296, 0.999269, 0.035839, 0.000000,
              -0.032362,-0.036253, 0.998819, 0.000000,
              -0.000000,11.436503,-0.000002, 1.000000;;
            }
            Frame Armature_mixamorig_LeftShoulder {
              FrameTransformMatrix {
                 0.206680,-0.002256,-0.978406, 0.000000,
                 0.868581, 0.460751, 0.182418, 0.000000,
                 0.450390,-0.887526, 0.097188, 0.000000,
                 7.649901,15.424208,-0.027896, 1.000000;;
              }
              Frame Armature_mixamorig_LeftArm {
                FrameTransformMatrix {
                   0.869556,-0.123175, 0.478226, 0.000000,
                  -0.449865, 0.201872, 0.869982, 0.000000,
                  -0.203700,-0.971635, 0.120127, 0.000000,
                  -0.000003,16.032501,-0.000001, 1.000000;;
                }
                Frame Armature_mixamorig_LeftForeArm {
                  FrameTransformMatrix {
                    -0.102055,-0.071625, 0.992197, 0.000000,
                    -0.987775, 0.125441,-0.092544, 0.000000,
                    -0.117834,-0.989512,-0.083551, 0.000000,
                     0.000000,29.518991,-0.000004, 1.000000;;
                  }
                  Frame Armature_mixamorig_LeftHand {
                    FrameTransformMatrix {
                      -0.437294, 0.308661,-0.844691, 0.000000,
                       0.135317, 0.951146, 0.277508, 0.000000,
                       0.889080, 0.007052,-0.457698, 0.000000,
                      -0.000002,18.002506,-0.000002, 1.000000;;
                    }
                    Frame Armature_mixamorig_LeftHandIndex1 {
                      FrameTransformMatrix {
                         0.794459, 0.510424, 0.329093, 0.000000,
                        -0.562890, 0.415417, 0.714552, 0.000000,
                         0.228014,-0.752925, 0.617344, 0.000000,
                         0.000001, 9.685106, 0.103498, 1.000000;;
                      }
                      Frame Armature_mixamorig_LeftHandIndex2 {
                        FrameTransformMatrix {
                           0.852490, 0.473768, 0.220916, 0.000000,
                          -0.461009, 0.482148, 0.744986, 0.000000,
                           0.246437,-0.736938, 0.629438, 0.000000,
                           0.593804, 5.291202,-0.000001, 1.000000;;
                        }
                        Frame Armature_mixamorig_LeftHandIndex3 {
                          FrameTransformMatrix {
                             0.866928, 0.482716, 0.124186, 0.000000,
                            -0.404732, 0.536333, 0.740635, 0.000000,
                             0.290911,-0.692339, 0.660332, 0.000000,
                            -0.257696, 4.660697,-0.000004, 1.000000;;
                          }
                          Frame Armature_mixamorig_LeftHandIndex4 {
                            FrameTransformMatrix {
                               1.000000, 0.000000, 0.000000, 0.000000,
                              -0.000000, 1.000000, 0.000000, 0.000000,
                              -0.000000,-0.000000, 1.000000, 0.000000,
                              -0.336098, 3.119907,-0.000002, 1.000000;;
                            }
                          } // End of Armature_mixamorig_LeftHandIndex4
                        } // End of Armature_mixamorig_LeftHandIndex3
                      } // End of Armature_mixamorig_LeftHandIndex2
                    } // End of Armature_mixamorig_LeftHandIndex1
                    Frame Armature_mixamorig_LeftHandThumb1 {
                      FrameTransformMatrix {
                         0.813723, 0.553606, 0.177129, 0.000000,
                        -0.492610, 0.495074, 0.715707, 0.000000,
                         0.308528,-0.669643, 0.675566, 0.000000,
                        -3.734804, 4.019003, 0.000002, 1.000000;;
                      }
                      Frame Armature_mixamorig_LeftHandThumb2 {
                        FrameTransformMatrix {
                           0.842860,-0.485521,-0.232072, 0.000000,
                           0.425469, 0.865293,-0.265037, 0.000000,
                           0.329491, 0.124650, 0.935894, 0.000000,
                           0.608907, 4.346704,-0.000011, 1.000000;;
                        }
                        Frame Armature_mixamorig_LeftHandThumb3 {
                          FrameTransformMatrix {
                             0.954585, 0.135969, 0.265102, 0.000000,
                            -0.111808, 0.988245,-0.104263, 0.000000,
                            -0.276162, 0.069887, 0.958567, 0.000000,
                            -1.309705, 4.552699, 0.000005, 1.000000;;
                          }
                          Frame Armature_mixamorig_LeftHandThumb4 {
                            FrameTransformMatrix {
                               1.000000, 0.000000,-0.000000, 0.000000,
                              -0.000000, 1.000000, 0.000000, 0.000000,
                               0.000000,-0.000000, 1.000000, 0.000000,
                               0.700801, 3.269002,-0.000006, 1.000000;;
                            }
                          } // End of Armature_mixamorig_LeftHandThumb4
                        } // End of Armature_mixamorig_LeftHandThumb3
                      } // End of Armature_mixamorig_LeftHandThumb2
                    } // End of Armature_mixamorig_LeftHandThumb1
                  } // End of Armature_mixamorig_LeftHand
                } // End of Armature_mixamorig_LeftForeArm
              } // End of Armature_mixamorig_LeftArm
            } // End of Armature_mixamorig_LeftShoulder
            Frame Armature_mixamorig_Neck {
              FrameTransformMatrix {
                 0.999574, 0.018265, 0.022770, 0.000000,
                -0.013516, 0.980995,-0.193564, 0.000000,
                -0.025873, 0.193174, 0.980823, 0.000000,
                 0.000000,12.866002, 0.000004, 1.000000;;
              }
              Frame Armature_mixamorig_Head {
                FrameTransformMatrix {
                   0.993772, 0.061389,-0.093002, 0.000000,
                  -0.096051, 0.895015,-0.435572, 0.000000,
                   0.056498, 0.441792, 0.895337, 0.000000,
                   0.000001, 9.790701, 0.891201, 1.000000;;
                }
                Frame Armature_mixamorig_HeadTop_End {
                  FrameTransformMatrix {
                     1.000000, 0.000000, 0.000000, 0.000000,
                     0.000000, 1.000000,-0.000000, 0.000000,
                    -0.000000, 0.000000, 1.000000, 0.000000,
                    -0.000001,38.809296, 3.532798, 1.000000;;
                  }
                } // End of Armature_mixamorig_HeadTop_End
              } // End of Armature_mixamorig_Head
            } // End of Armature_mixamorig_Neck
            Frame Armature_mixamorig_RightShoulder {
              FrameTransformMatrix {
                -0.161611,-0.081584, 0.983476, 0.000000,
                -0.978792, 0.140379,-0.149196, 0.000000,
                -0.125887,-0.986731,-0.102541, 0.000000,
                -7.649900,15.424303,-0.024694, 1.000000;;
              }
              Frame Armature_mixamorig_RightArm {
                FrameTransformMatrix {
                   0.904410,-0.272850,-0.328018, 0.000000,
                   0.346050, 0.019368, 0.938016, 0.000000,
                  -0.249584,-0.961862, 0.111937, 0.000000,
                  -0.000003,16.032499,-0.000004, 1.000000;;
                }
                Frame Armature_mixamorig_RightForeArm {
                  FrameTransformMatrix {
                    -0.251100,-0.072135,-0.965269, 0.000000,
                     0.710763, 0.663208,-0.234456, 0.000000,
                     0.657087,-0.744950,-0.115261, 0.000000,
                     0.000002,29.514997, 0.000002, 1.000000;;
                  }
                  Frame Armature_mixamorig_RightHand {
                    FrameTransformMatrix {
                      -0.432411,-0.437041, 0.788680, 0.000000,
                       0.001514, 0.874328, 0.485332, 0.000000,
                      -0.901675, 0.211057,-0.377408, 0.000000,
                       0.000000,17.998905,-0.000002, 1.000000;;
                    }
                    Frame Armature_mixamorig_RightHandIndex1 {
                      FrameTransformMatrix {
                         0.910645,-0.395750,-0.118778, 0.000000,
                         0.403061, 0.787563, 0.466139, 0.000000,
                        -0.090929,-0.472362, 0.876702, 0.000000,
                         0.000001,10.367396, 0.072197, 1.000000;;
                      }
                      Frame Armature_mixamorig_RightHandIndex2 {
                        FrameTransformMatrix {
                           0.885325,-0.455549,-0.093141, 0.000000,
                           0.430427, 0.727165, 0.534755, 0.000000,
                          -0.175879,-0.513522, 0.839858, 0.000000,
                           0.220799, 5.278704,-0.000008, 1.000000;;
                        }
                        Frame Armature_mixamorig_RightHandIndex3 {
                          FrameTransformMatrix {
                             0.989902,-0.140653,-0.017642, 0.000000,
                             0.141741, 0.983850, 0.109313, 0.000000,
                             0.001982,-0.110710, 0.993851, 0.000000,
                             0.056099, 4.373299,-0.000001, 1.000000;;
                          }
                          Frame Armature_mixamorig_RightHandIndex4 {
                            FrameTransformMatrix {
                               1.000000,-0.000000,-0.000000, 0.000000,
                               0.000000, 1.000000, 0.000000, 0.000000,
                               0.000000,-0.000000, 1.000000, 0.000000,
                              -0.276896, 2.801298, 0.000002, 1.000000;;
                            }
                          } // End of Armature_mixamorig_RightHandIndex4
                        } // End of Armature_mixamorig_RightHandIndex3
                      } // End of Armature_mixamorig_RightHandIndex2
                    } // End of Armature_mixamorig_RightHandIndex1
                    Frame Armature_mixamorig_RightHandThumb1 {
                      FrameTransformMatrix {
                         0.744415,-0.662855, 0.080433, 0.000000,
                         0.665611, 0.746223,-0.010618, 0.000000,
                        -0.052983, 0.061441, 0.996704, 0.000000,
                         3.870503, 3.727999,-0.000003, 1.000000;;
                      }
                      Frame Armature_mixamorig_RightHandThumb2 {
                        FrameTransformMatrix {
                           0.822570, 0.539888, 0.178605, 0.000000,
                          -0.568659, 0.779665, 0.262201, 0.000000,
                           0.002307,-0.317244, 0.948341, 0.000000,
                          -0.775100, 4.228702,-0.000001, 1.000000;;
                        }
                        Frame Armature_mixamorig_RightHandThumb3 {
                          FrameTransformMatrix {
                             0.503697,-0.475121, 0.721491, 0.000000,
                             0.312379, 0.878833, 0.360653, 0.000000,
                            -0.805424, 0.043719, 0.591084, 0.000000,
                             1.262100, 4.811302,-0.000001, 1.000000;;
                          }
                          Frame Armature_mixamorig_RightHandThumb4 {
                            FrameTransformMatrix {
                               1.000000, 0.000000,-0.000000, 0.000000,
                              -0.000000, 1.000000,-0.000000, 0.000000,
                               0.000000, 0.000000, 1.000000, 0.000000,
                              -0.486901, 3.520803, 0.000002, 1.000000;;
                            }
                          } // End of Armature_mixamorig_RightHandThumb4
                        } // End of Armature_mixamorig_RightHandThumb3
                      } // End of Armature_mixamorig_RightHandThumb2
                    } // End of Armature_mixamorig_RightHandThumb1
                  } // End of Armature_mixamorig_RightHand
                } // End of Armature_mixamorig_RightForeArm
              } // End of Armature_mixamorig_RightArm
            } // End of Armature_mixamorig_RightShoulder
          } // End of Armature_mixamorig_Spine2
        } // End of Armature_mixamorig_Spine1
      } // End of Armature_mixamorig_Spine
    } // End of Armature_mixamorig_Hips
  } // End of Armature
} // End of Root
AnimationSet Global {
  Animation {
    {Armature}
    AnimationKey { // Rotation
      0;
      140;
      0;4;-0.707107, 0.707107, 0.000000, 0.000000;;,
      1;4;-0.707107, 0.707107, 0.000000, 0.000000;;,
      2;4;-0.707107, 0.707107, 0.000000, 0.000000;;,
      3;4;-0.707107, 0.707107, 0.000000, 0.000000;;,
      4;4;-0.707107, 0.707107, 0.000000, 0.000000;;,
      5;4;-0.707107, 0.707107, 0.000000, 0.000000;;,
      6;4;-0.707107, 0.707107, 0.000000, 0.000000;;,
      7;4;-0.707107, 0.707107, 0.000000, 0.000000;;,
      8;4;-0.707107, 0.707107, 0.000000, 0.000000;;,
      9;4;-0.707107, 0.707107, 0.000000, 0.000000;;,
      10;4;-0.707107, 0.707107, 0.000000, 0.000000;;,
      11;4;-0.707107, 0.707107, 0.000000, 0.000000;;,
      12;4;-0.707107, 0.707107, 0.000000, 0.000000;;,
      13;4;-0.707107, 0.707107, 0.000000, 0.000000;;,
      14;4;-0.707107, 0.707107, 0.000000, 0.000000;;,
      15;4;-0.707107, 0.707107, 0.000000, 0.000000;;,
      16;4;-0.707107, 0.707107, 0.000000, 0.000000;;,
      17;4;-0.707107, 0.707107, 0.000000, 0.000000;;,
      18;4;-0.707107, 0.707107, 0.000000, 0.000000;;,
      19;4;-0.707107, 0.707107, 0.000000, 0.000000;;,
      20;4;-0.707107, 0.707107, 0.000000, 0.000000;;,
      21;4;-0.707107, 0.707107, 0.000000, 0.000000;;,
      22;4;-0.707107, 0.707107, 0.000000, 0.000000;;,
      23;4;-0.707107, 0.707107, 0.000000, 0.000000;;,
      24;4;-0.707107, 0.707107, 0.000000, 0.000000;;,
      25;4;-0.707107, 0.707107, 0.000000, 0.000000;;,
      26;4;-0.707107, 0.707107, 0.000000, 0.000000;;,
      27;4;-0.707107, 0.707107, 0.000000, 0.000000;;,
      28;4;-0.707107, 0.707107, 0.000000, 0.000000;;,
      29;4;-0.707107, 0.707107, 0.000000, 0.000000;;,
      30;4;-0.707107, 0.707107, 0.000000, 0.000000;;,
      31;4;-0.707107, 0.707107, 0.000000, 0.000000;;,
      32;4;-0.707107, 0.707107, 0.000000, 0.000000;;,
      33;4;-0.707107, 0.707107, 0.000000, 0.000000;;,
      34;4;-0.707107, 0.707107, 0.000000, 0.000000;;,
      35;4;-0.707107, 0.707107, 0.000000, 0.000000;;,
      36;4;-0.707107, 0.707107, 0.000000, 0.000000;;,
      37;4;-0.707107, 0.707107, 0.000000, 0.000000;;,
      38;4;-0.707107, 0.707107, 0.000000, 0.000000;;,
      39;4;-0.707107, 0.707107, 0.000000, 0.000000;;,
      40;4;-0.707107, 0.707107, 0.000000, 0.000000;;,
      41;4;-0.707107, 0.707107, 0.000000, 0.000000;;,
      42;4;-0.707107, 0.707107, 0.000000, 0.000000;;,
      43;4;-0.707107, 0.707107, 0.000000, 0.000000;;,
      44;4;-0.707107, 0.707107, 0.000000, 0.000000;;,
      45;4;-0.707107, 0.707107, 0.000000, 0.000000;;,
      46;4;-0.707107, 0.707107, 0.000000, 0.000000;;,
      47;4;-0.707107, 0.707107, 0.000000, 0.000000;;,
      48;4;-0.707107, 0.707107, 0.000000, 0.000000;;,
      49;4;-0.707107, 0.707107, 0.000000, 0.000000;;,
      50;4;-0.707107, 0.707107, 0.000000, 0.000000;;,
      51;4;-0.707107, 0.707107, 0.000000, 0.000000;;,
      52;4;-0.707107, 0.707107, 0.000000, 0.000000;;,
      53;4;-0.707107, 0.707107, 0.000000, 0.000000;;,
      54;4;-0.707107, 0.707107, 0.000000, 0.000000;;,
      55;4;-0.707107, 0.707107, 0.000000, 0.000000;;,
      56;4;-0.707107, 0.707107, 0.000000, 0.000000;;,
      57;4;-0.707107, 0.707107, 0.000000, 0.000000;;,
      58;4;-0.707107, 0.707107, 0.000000, 0.000000;;,
      59;4;-0.707107, 0.707107, 0.000000, 0.000000;;,
      60;4;-0.707107, 0.707107, 0.000000, 0.000000;;,
      61;4;-0.707107, 0.707107, 0.000000, 0.000000;;,
      62;4;-0.707107, 0.707107, 0.000000, 0.000000;;,
      63;4;-0.707107, 0.707107, 0.000000, 0.000000;;,
      64;4;-0.707107, 0.707107, 0.000000, 0.000000;;,
      65;4;-0.707107, 0.707107, 0.000000, 0.000000;;,
      66;4;-0.707107, 0.707107, 0.000000, 0.000000;;,
      67;4;-0.707107, 0.707107, 0.000000, 0.000000;;,
      68;4;-0.707107, 0.707107, 0.000000, 0.000000;;,
      69;4;-0.707107, 0.707107, 0.000000, 0.000000;;,
      70;4;-0.707107, 0.707107, 0.000000, 0.000000;;,
      71;4;-0.707107, 0.707107, 0.000000, 0.000000;;,
      72;4;-0.707107, 0.707107, 0.000000, 0.000000;;,
      73;4;-0.707107, 0.707107, 0.000000, 0.000000;;,
      74;4;-0.707107, 0.707107, 0.000000, 0.000000;;,
      75;4;-0.707107, 0.707107, 0.000000, 0.000000;;,
      76;4;-0.707107, 0.707107, 0.000000, 0.000000;;,
      77;4;-0.707107, 0.707107, 0.000000, 0.000000;;,
      78;4;-0.707107, 0.707107, 0.000000, 0.000000;;,
      79;4;-0.707107, 0.707107, 0.000000, 0.000000;;,
      80;4;-0.707107, 0.707107, 0.000000, 0.000000;;,
      81;4;-0.707107, 0.707107, 0.000000, 0.000000;;,
      82;4;-0.707107, 0.707107, 0.000000, 0.000000;;,
      83;4;-0.707107, 0.707107, 0.000000, 0.000000;;,
      84;4;-0.707107, 0.707107, 0.000000, 0.000000;;,
      85;4;-0.707107, 0.707107, 0.000000, 0.000000;;,
      86;4;-0.707107, 0.707107, 0.000000, 0.000000;;,
      87;4;-0.707107, 0.707107, 0.000000, 0.000000;;,
      88;4;-0.707107, 0.707107, 0.000000, 0.000000;;,
      89;4;-0.707107, 0.707107, 0.000000, 0.000000;;,
      90;4;-0.707107, 0.707107, 0.000000, 0.000000;;,
      91;4;-0.707107, 0.707107, 0.000000, 0.000000;;,
      92;4;-0.707107, 0.707107, 0.000000, 0.000000;;,
      93;4;-0.707107, 0.707107, 0.000000, 0.000000;;,
      94;4;-0.707107, 0.707107, 0.000000, 0.000000;;,
      95;4;-0.707107, 0.707107, 0.000000, 0.000000;;,
      96;4;-0.707107, 0.707107, 0.000000, 0.000000;;,
      97;4;-0.707107, 0.707107, 0.000000, 0.000000;;,
      98;4;-0.707107, 0.707107, 0.000000, 0.000000;;,
      99;4;-0.707107, 0.707107, 0.000000, 0.000000;;,
      100;4;-0.707107, 0.707107, 0.000000, 0.000000;;,
      101;4;-0.707107, 0.707107, 0.000000, 0.000000;;,
      102;4;-0.707107, 0.707107, 0.000000, 0.000000;;,
      103;4;-0.707107, 0.707107, 0.000000, 0.000000;;,
      104;4;-0.707107, 0.707107, 0.000000, 0.000000;;,
      105;4;-0.707107, 0.707107, 0.000000, 0.000000;;,
      106;4;-0.707107, 0.707107, 0.000000, 0.000000;;,
      107;4;-0.707107, 0.707107, 0.000000, 0.000000;;,
      108;4;-0.707107, 0.707107, 0.000000, 0.000000;;,
      109;4;-0.707107, 0.707107, 0.000000, 0.000000;;,
      110;4;-0.707107, 0.707107, 0.000000, 0.000000;;,
      111;4;-0.707107, 0.707107, 0.000000, 0.000000;;,
      112;4;-0.707107, 0.707107, 0.000000, 0.000000;;,
      113;4;-0.707107, 0.707107, 0.000000, 0.000000;;,
      114;4;-0.707107, 0.707107, 0.000000, 0.000000;;,
      115;4;-0.707107, 0.707107, 0.000000, 0.000000;;,
      116;4;-0.707107, 0.707107, 0.000000, 0.000000;;,
      117;4;-0.707107, 0.707107, 0.000000, 0.000000;;,
      118;4;-0.707107, 0.707107, 0.000000, 0.000000;;,
      119;4;-0.707107, 0.707107, 0.000000, 0.000000;;,
      120;4;-0.707107, 0.707107, 0.000000, 0.000000;;,
      121;4;-0.707107, 0.707107, 0.000000, 0.000000;;,
      122;4;-0.707107, 0.707107, 0.000000, 0.000000;;,
      123;4;-0.707107, 0.707107, 0.000000, 0.000000;;,
      124;4;-0.707107, 0.707107, 0.000000, 0.000000;;,
      125;4;-0.707107, 0.707107, 0.000000, 0.000000;;,
      126;4;-0.707107, 0.707107, 0.000000, 0.000000;;,
      127;4;-0.707107, 0.707107, 0.000000, 0.000000;;,
      128;4;-0.707107, 0.707107, 0.000000, 0.000000;;,
      129;4;-0.707107, 0.707107, 0.000000, 0.000000;;,
      130;4;-0.707107, 0.707107, 0.000000, 0.000000;;,
      131;4;-0.707107, 0.707107, 0.000000, 0.000000;;,
      132;4;-0.707107, 0.707107, 0.000000, 0.000000;;,
      133;4;-0.707107, 0.707107, 0.000000, 0.000000;;,
      134;4;-0.707107, 0.707107, 0.000000, 0.000000;;,
      135;4;-0.707107, 0.707107, 0.000000, 0.000000;;,
      136;4;-0.707107, 0.707107, 0.000000, 0.000000;;,
      137;4;-0.707107, 0.707107, 0.000000, 0.000000;;,
      138;4;-0.707107, 0.707107, 0.000000, 0.000000;;,
      139;4;-0.707107, 0.707107, 0.000000, 0.000000;;;
    }
    AnimationKey { // Scale
      1;
      140;
      0;3; 0.010000, 0.010000, 0.010000;;,
      1;3; 0.010000, 0.010000, 0.010000;;,
      2;3; 0.010000, 0.010000, 0.010000;;,
      3;3; 0.010000, 0.010000, 0.010000;;,
      4;3; 0.010000, 0.010000, 0.010000;;,
      5;3; 0.010000, 0.010000, 0.010000;;,
      6;3; 0.010000, 0.010000, 0.010000;;,
      7;3; 0.010000, 0.010000, 0.010000;;,
      8;3; 0.010000, 0.010000, 0.010000;;,
      9;3; 0.010000, 0.010000, 0.010000;;,
      10;3; 0.010000, 0.010000, 0.010000;;,
      11;3; 0.010000, 0.010000, 0.010000;;,
      12;3; 0.010000, 0.010000, 0.010000;;,
      13;3; 0.010000, 0.010000, 0.010000;;,
      14;3; 0.010000, 0.010000, 0.010000;;,
      15;3; 0.010000, 0.010000, 0.010000;;,
      16;3; 0.010000, 0.010000, 0.010000;;,
      17;3; 0.010000, 0.010000, 0.010000;;,
      18;3; 0.010000, 0.010000, 0.010000;;,
      19;3; 0.010000, 0.010000, 0.010000;;,
      20;3; 0.010000, 0.010000, 0.010000;;,
      21;3; 0.010000, 0.010000, 0.010000;;,
      22;3; 0.010000, 0.010000, 0.010000;;,
      23;3; 0.010000, 0.010000, 0.010000;;,
      24;3; 0.010000, 0.010000, 0.010000;;,
      25;3; 0.010000, 0.010000, 0.010000;;,
      26;3; 0.010000, 0.010000, 0.010000;;,
      27;3; 0.010000, 0.010000, 0.010000;;,
      28;3; 0.010000, 0.010000, 0.010000;;,
      29;3; 0.010000, 0.010000, 0.010000;;,
      30;3; 0.010000, 0.010000, 0.010000;;,
      31;3; 0.010000, 0.010000, 0.010000;;,
      32;3; 0.010000, 0.010000, 0.010000;;,
      33;3; 0.010000, 0.010000, 0.010000;;,
      34;3; 0.010000, 0.010000, 0.010000;;,
      35;3; 0.010000, 0.010000, 0.010000;;,
      36;3; 0.010000, 0.010000, 0.010000;;,
      37;3; 0.010000, 0.010000, 0.010000;;,
      38;3; 0.010000, 0.010000, 0.010000;;,
      39;3; 0.010000, 0.010000, 0.010000;;,
      40;3; 0.010000, 0.010000, 0.010000;;,
      41;3; 0.010000, 0.010000, 0.010000;;,
      42;3; 0.010000, 0.010000, 0.010000;;,
      43;3; 0.010000, 0.010000, 0.010000;;,
      44;3; 0.010000, 0.010000, 0.010000;;,
      45;3; 0.010000, 0.010000, 0.010000;;,
      46;3; 0.010000, 0.010000, 0.010000;;,
      47;3; 0.010000, 0.010000, 0.010000;;,
      48;3; 0.010000, 0.010000, 0.010000;;,
      49;3; 0.010000, 0.010000, 0.010000;;,
      50;3; 0.010000, 0.010000, 0.010000;;,
      51;3; 0.010000, 0.010000, 0.010000;;,
      52;3; 0.010000, 0.010000, 0.010000;;,
      53;3; 0.010000, 0.010000, 0.010000;;,
      54;3; 0.010000, 0.010000, 0.010000;;,
      55;3; 0.010000, 0.010000, 0.010000;;,
      56;3; 0.010000, 0.010000, 0.010000;;,
      57;3; 0.010000, 0.010000, 0.010000;;,
      58;3; 0.010000, 0.010000, 0.010000;;,
      59;3; 0.010000, 0.010000, 0.010000;;,
      60;3; 0.010000, 0.010000, 0.010000;;,
      61;3; 0.010000, 0.010000, 0.010000;;,
      62;3; 0.010000, 0.010000, 0.010000;;,
      63;3; 0.010000, 0.010000, 0.010000;;,
      64;3; 0.010000, 0.010000, 0.010000;;,
      65;3; 0.010000, 0.010000, 0.010000;;,
      66;3; 0.010000, 0.010000, 0.010000;;,
      67;3; 0.010000, 0.010000, 0.010000;;,
      68;3; 0.010000, 0.010000, 0.010000;;,
      69;3; 0.010000, 0.010000, 0.010000;;,
      70;3; 0.010000, 0.010000, 0.010000;;,
      71;3; 0.010000, 0.010000, 0.010000;;,
      72;3; 0.010000, 0.010000, 0.010000;;,
      73;3; 0.010000, 0.010000, 0.010000;;,
      74;3; 0.010000, 0.010000, 0.010000;;,
      75;3; 0.010000, 0.010000, 0.010000;;,
      76;3; 0.010000, 0.010000, 0.010000;;,
      77;3; 0.010000, 0.010000, 0.010000;;,
      78;3; 0.010000, 0.010000, 0.010000;;,
      79;3; 0.010000, 0.010000, 0.010000;;,
      80;3; 0.010000, 0.010000, 0.010000;;,
      81;3; 0.010000, 0.010000, 0.010000;;,
      82;3; 0.010000, 0.010000, 0.010000;;,
      83;3; 0.010000, 0.010000, 0.010000;;,
      84;3; 0.010000, 0.010000, 0.010000;;,
      85;3; 0.010000, 0.010000, 0.010000;;,
      86;3; 0.010000, 0.010000, 0.010000;;,
      87;3; 0.010000, 0.010000, 0.010000;;,
      88;3; 0.010000, 0.010000, 0.010000;;,
      89;3; 0.010000, 0.010000, 0.010000;;,
      90;3; 0.010000, 0.010000, 0.010000;;,
      91;3; 0.010000, 0.010000, 0.010000;;,
      92;3; 0.010000, 0.010000, 0.010000;;,
      93;3; 0.010000, 0.010000, 0.010000;;,
      94;3; 0.010000, 0.010000, 0.010000;;,
      95;3; 0.010000, 0.010000, 0.010000;;,
      96;3; 0.010000, 0.010000, 0.010000;;,
      97;3; 0.010000, 0.010000, 0.010000;;,
      98;3; 0.010000, 0.010000, 0.010000;;,
      99;3; 0.010000, 0.010000, 0.010000;;,
      100;3; 0.010000, 0.010000, 0.010000;;,
      101;3; 0.010000, 0.010000, 0.010000;;,
      102;3; 0.010000, 0.010000, 0.010000;;,
      103;3; 0.010000, 0.010000, 0.010000;;,
      104;3; 0.010000, 0.010000, 0.010000;;,
      105;3; 0.010000, 0.010000, 0.010000;;,
      106;3; 0.010000, 0.010000, 0.010000;;,
      107;3; 0.010000, 0.010000, 0.010000;;,
      108;3; 0.010000, 0.010000, 0.010000;;,
      109;3; 0.010000, 0.010000, 0.010000;;,
      110;3; 0.010000, 0.010000, 0.010000;;,
      111;3; 0.010000, 0.010000, 0.010000;;,
      112;3; 0.010000, 0.010000, 0.010000;;,
      113;3; 0.010000, 0.010000, 0.010000;;,
      114;3; 0.010000, 0.010000, 0.010000;;,
      115;3; 0.010000, 0.010000, 0.010000;;,
      116;3; 0.010000, 0.010000, 0.010000;;,
      117;3; 0.010000, 0.010000, 0.010000;;,
      118;3; 0.010000, 0.010000, 0.010000;;,
      119;3; 0.010000, 0.010000, 0.010000;;,
      120;3; 0.010000, 0.010000, 0.010000;;,
      121;3; 0.010000, 0.010000, 0.010000;;,
      122;3; 0.010000, 0.010000, 0.010000;;,
      123;3; 0.010000, 0.010000, 0.010000;;,
      124;3; 0.010000, 0.010000, 0.010000;;,
      125;3; 0.010000, 0.010000, 0.010000;;,
      126;3; 0.010000, 0.010000, 0.010000;;,
      127;3; 0.010000, 0.010000, 0.010000;;,
      128;3; 0.010000, 0.010000, 0.010000;;,
      129;3; 0.010000, 0.010000, 0.010000;;,
      130;3; 0.010000, 0.010000, 0.010000;;,
      131;3; 0.010000, 0.010000, 0.010000;;,
      132;3; 0.010000, 0.010000, 0.010000;;,
      133;3; 0.010000, 0.010000, 0.010000;;,
      134;3; 0.010000, 0.010000, 0.010000;;,
      135;3; 0.010000, 0.010000, 0.010000;;,
      136;3; 0.010000, 0.010000, 0.010000;;,
      137;3; 0.010000, 0.010000, 0.010000;;,
      138;3; 0.010000, 0.010000, 0.010000;;,
      139;3; 0.010000, 0.010000, 0.010000;;;
    }
    AnimationKey { // Position
      2;
      140;
      0;3; 0.000000, 0.000000, 0.000000;;,
      1;3; 0.000000, 0.000000, 0.000000;;,
      2;3; 0.000000, 0.000000, 0.000000;;,
      3;3; 0.000000, 0.000000, 0.000000;;,
      4;3; 0.000000, 0.000000, 0.000000;;,
      5;3; 0.000000, 0.000000, 0.000000;;,
      6;3; 0.000000, 0.000000, 0.000000;;,
      7;3; 0.000000, 0.000000, 0.000000;;,
      8;3; 0.000000, 0.000000, 0.000000;;,
      9;3; 0.000000, 0.000000, 0.000000;;,
      10;3; 0.000000, 0.000000, 0.000000;;,
      11;3; 0.000000, 0.000000, 0.000000;;,
      12;3; 0.000000, 0.000000, 0.000000;;,
      13;3; 0.000000, 0.000000, 0.000000;;,
      14;3; 0.000000, 0.000000, 0.000000;;,
      15;3; 0.000000, 0.000000, 0.000000;;,
      16;3; 0.000000, 0.000000, 0.000000;;,
      17;3; 0.000000, 0.000000, 0.000000;;,
      18;3; 0.000000, 0.000000, 0.000000;;,
      19;3; 0.000000, 0.000000, 0.000000;;,
      20;3; 0.000000, 0.000000, 0.000000;;,
      21;3; 0.000000, 0.000000, 0.000000;;,
      22;3; 0.000000, 0.000000, 0.000000;;,
      23;3; 0.000000, 0.000000, 0.000000;;,
      24;3; 0.000000, 0.000000, 0.000000;;,
      25;3; 0.000000, 0.000000, 0.000000;;,
      26;3; 0.000000, 0.000000, 0.000000;;,
      27;3; 0.000000, 0.000000, 0.000000;;,
      28;3; 0.000000, 0.000000, 0.000000;;,
      29;3; 0.000000, 0.000000, 0.000000;;,
      30;3; 0.000000, 0.000000, 0.000000;;,
      31;3; 0.000000, 0.000000, 0.000000;;,
      32;3; 0.000000, 0.000000, 0.000000;;,
      33;3; 0.000000, 0.000000, 0.000000;;,
      34;3; 0.000000, 0.000000, 0.000000;;,
      35;3; 0.000000, 0.000000, 0.000000;;,
      36;3; 0.000000, 0.000000, 0.000000;;,
      37;3; 0.000000, 0.000000, 0.000000;;,
      38;3; 0.000000, 0.000000, 0.000000;;,
      39;3; 0.000000, 0.000000, 0.000000;;,
      40;3; 0.000000, 0.000000, 0.000000;;,
      41;3; 0.000000, 0.000000, 0.000000;;,
      42;3; 0.000000, 0.000000, 0.000000;;,
      43;3; 0.000000, 0.000000, 0.000000;;,
      44;3; 0.000000, 0.000000, 0.000000;;,
      45;3; 0.000000, 0.000000, 0.000000;;,
      46;3; 0.000000, 0.000000, 0.000000;;,
      47;3; 0.000000, 0.000000, 0.000000;;,
      48;3; 0.000000, 0.000000, 0.000000;;,
      49;3; 0.000000, 0.000000, 0.000000;;,
      50;3; 0.000000, 0.000000, 0.000000;;,
      51;3; 0.000000, 0.000000, 0.000000;;,
      52;3; 0.000000, 0.000000, 0.000000;;,
      53;3; 0.000000, 0.000000, 0.000000;;,
      54;3; 0.000000, 0.000000, 0.000000;;,
      55;3; 0.000000, 0.000000, 0.000000;;,
      56;3; 0.000000, 0.000000, 0.000000;;,
      57;3; 0.000000, 0.000000, 0.000000;;,
      58;3; 0.000000, 0.000000, 0.000000;;,
      59;3; 0.000000, 0.000000, 0.000000;;,
      60;3; 0.000000, 0.000000, 0.000000;;,
      61;3; 0.000000, 0.000000, 0.000000;;,
      62;3; 0.000000, 0.000000, 0.000000;;,
      63;3; 0.000000, 0.000000, 0.000000;;,
      64;3; 0.000000, 0.000000, 0.000000;;,
      65;3; 0.000000, 0.000000, 0.000000;;,
      66;3; 0.000000, 0.000000, 0.000000;;,
      67;3; 0.000000, 0.000000, 0.000000;;,
      68;3; 0.000000, 0.000000, 0.000000;;,
      69;3; 0.000000, 0.000000, 0.000000;;,
      70;3; 0.000000, 0.000000, 0.000000;;,
      71;3; 0.000000, 0.000000, 0.000000;;,
      72;3; 0.000000, 0.000000, 0.000000;;,
      73;3; 0.000000, 0.000000, 0.000000;;,
      74;3; 0.000000, 0.000000, 0.000000;;,
      75;3; 0.000000, 0.000000, 0.000000;;,
      76;3; 0.000000, 0.000000, 0.000000;;,
      77;3; 0.000000, 0.000000, 0.000000;;,
      78;3; 0.000000, 0.000000, 0.000000;;,
      79;3; 0.000000, 0.000000, 0.000000;;,
      80;3; 0.000000, 0.000000, 0.000000;;,
      81;3; 0.000000, 0.000000, 0.000000;;,
      82;3; 0.000000, 0.000000, 0.000000;;,
      83;3; 0.000000, 0.000000, 0.000000;;,
      84;3; 0.000000, 0.000000, 0.000000;;,
      85;3; 0.000000, 0.000000, 0.000000;;,
      86;3; 0.000000, 0.000000, 0.000000;;,
      87;3; 0.000000, 0.000000, 0.000000;;,
      88;3; 0.000000, 0.000000, 0.000000;;,
      89;3; 0.000000, 0.000000, 0.000000;;,
      90;3; 0.000000, 0.000000, 0.000000;;,
      91;3; 0.000000, 0.000000, 0.000000;;,
      92;3; 0.000000, 0.000000, 0.000000;;,
      93;3; 0.000000, 0.000000, 0.000000;;,
      94;3; 0.000000, 0.000000, 0.000000;;,
      95;3; 0.000000, 0.000000, 0.000000;;,
      96;3; 0.000000, 0.000000, 0.000000;;,
      97;3; 0.000000, 0.000000, 0.000000;;,
      98;3; 0.000000, 0.000000, 0.000000;;,
      99;3; 0.000000, 0.000000, 0.000000;;,
      100;3; 0.000000, 0.000000, 0.000000;;,
      101;3; 0.000000, 0.000000, 0.000000;;,
      102;3; 0.000000, 0.000000, 0.000000;;,
      103;3; 0.000000, 0.000000, 0.000000;;,
      104;3; 0.000000, 0.000000, 0.000000;;,
      105;3; 0.000000, 0.000000, 0.000000;;,
      106;3; 0.000000, 0.000000, 0.000000;;,
      107;3; 0.000000, 0.000000, 0.000000;;,
      108;3; 0.000000, 0.000000, 0.000000;;,
      109;3; 0.000000, 0.000000, 0.000000;;,
      110;3; 0.000000, 0.000000, 0.000000;;,
      111;3; 0.000000, 0.000000, 0.000000;;,
      112;3; 0.000000, 0.000000, 0.000000;;,
      113;3; 0.000000, 0.000000, 0.000000;;,
      114;3; 0.000000, 0.000000, 0.000000;;,
      115;3; 0.000000, 0.000000, 0.000000;;,
      116;3; 0.000000, 0.000000, 0.000000;;,
      117;3; 0.000000, 0.000000, 0.000000;;,
      118;3; 0.000000, 0.000000, 0.000000;;,
      119;3; 0.000000, 0.000000, 0.000000;;,
      120;3; 0.000000, 0.000000, 0.000000;;,
      121;3; 0.000000, 0.000000, 0.000000;;,
      122;3; 0.000000, 0.000000, 0.000000;;,
      123;3; 0.000000, 0.000000, 0.000000;;,
      124;3; 0.000000, 0.000000, 0.000000;;,
      125;3; 0.000000, 0.000000, 0.000000;;,
      126;3; 0.000000, 0.000000, 0.000000;;,
      127;3; 0.000000, 0.000000, 0.000000;;,
      128;3; 0.000000, 0.000000, 0.000000;;,
      129;3; 0.000000, 0.000000, 0.000000;;,
      130;3; 0.000000, 0.000000, 0.000000;;,
      131;3; 0.000000, 0.000000, 0.000000;;,
      132;3; 0.000000, 0.000000, 0.000000;;,
      133;3; 0.000000, 0.000000, 0.000000;;,
      134;3; 0.000000, 0.000000, 0.000000;;,
      135;3; 0.000000, 0.000000, 0.000000;;,
      136;3; 0.000000, 0.000000, 0.000000;;,
      137;3; 0.000000, 0.000000, 0.000000;;,
      138;3; 0.000000, 0.000000, 0.000000;;,
      139;3; 0.000000, 0.000000, 0.000000;;;
    }
  }
  Animation {
    {Armature_mixamorig_Hips}
    AnimationKey { // Rotation
      0;
      140;
      0;4;-0.980525, 0.169731, 0.093739,-0.031234;;,
      1;4;-0.981888, 0.164447, 0.088981,-0.030600;;,
      2;4;-0.983214, 0.159246, 0.084461,-0.028248;;,
      3;4;-0.984461, 0.153997, 0.080156,-0.026404;;,
      4;4;-0.985628, 0.148714, 0.075853,-0.025857;;,
      5;4;-0.986743, 0.143610, 0.070951,-0.026100;;,
      6;4;-0.987780, 0.139276, 0.065231,-0.025242;;,
      7;4;-0.988733, 0.135599, 0.059071,-0.023021;;,
      8;4;-0.989585, 0.133390, 0.051029,-0.018014;;,
      9;4;-0.990277, 0.132231, 0.041528,-0.011871;;,
      10;4;-0.990645, 0.132903, 0.030639,-0.004650;;,
      11;4;-0.990427, 0.136533, 0.020123, 0.002868;;,
      12;4;-0.989236, 0.145423, 0.014190, 0.007971;;,
      13;4;-0.987148, 0.158971, 0.011167, 0.011934;;,
      14;4;-0.984115, 0.176614, 0.009475, 0.015342;;,
      15;4;-0.981165, 0.192270, 0.007021, 0.017270;;,
      16;4;-0.978806, 0.203703, 0.003190, 0.020816;;,
      17;4;-0.978105, 0.206533,-0.001355, 0.025552;;,
      18;4;-0.979373, 0.199495,-0.004567, 0.031774;;,
      19;4;-0.981923, 0.185054,-0.007066, 0.039141;;,
      20;4;-0.986235, 0.158423,-0.010560, 0.046154;;,
      21;4;-0.990412, 0.127676,-0.013272, 0.051066;;,
      22;4;-0.994028, 0.093567,-0.014193, 0.054331;;,
      23;4;-0.996417, 0.061211,-0.012828, 0.056941;;,
      24;4;-0.997590, 0.033330,-0.010080, 0.060022;;,
      25;4;-0.997976, 0.014553,-0.008861, 0.061273;;,
      26;4;-0.998093, 0.001267,-0.006220, 0.061400;;,
      27;4;-0.998223,-0.009844,-0.001416, 0.058746;;,
      28;4;-0.998391,-0.018524, 0.003637, 0.053474;;,
      29;4;-0.998535,-0.024588, 0.008141, 0.047506;;,
      30;4;-0.998701,-0.028569, 0.011851, 0.040503;;,
      31;4;-0.998806,-0.031282, 0.014882, 0.034444;;,
      32;4;-0.998845,-0.032871, 0.017268, 0.030493;;,
      33;4;-0.998825,-0.033467, 0.018959, 0.029492;;,
      34;4;-0.998784,-0.033184, 0.019941, 0.030540;;,
      35;4;-0.998723,-0.032142, 0.020038, 0.033424;;,
