xof 0303txt 0032

Frame Root {
  FrameTransformMatrix {
     1.000000, 0.000000, 0.000000, 0.000000,
     0.000000,-0.000000,-1.000000, 0.000000,
     0.000000, 1.000000,-0.000000, 0.000000,
     0.000000, 0.000000, 0.000000, 1.000000;;
  }
  Frame Armature {
    FrameTransformMatrix {
       0.010000, 0.000000, 0.000000, 0.000000,
       0.000000,-0.000000, 0.010000, 0.000000,
       0.000000,-0.010000,-0.000000, 0.000000,
       0.000000, 0.000000, 0.000000, 1.000000;;
    }
    Frame Armature_mixamorig_Hips {
      FrameTransformMatrix {
         0.555154, 0.011669, 0.831665, 0.000000,
        -0.138126, 0.987311, 0.078350, 0.000000,
        -0.820198,-0.158370, 0.549722, 0.000000,
         0.672714,23.594078,-5.936620, 1.000000;;
      }
      Frame Armature_mixamorig_LeftUpLeg {
        FrameTransformMatrix {
          -0.434567,-0.201495, 0.877810, 0.000000,
           0.888512,-0.255318, 0.381259, 0.000000,
           0.147299, 0.945628, 0.289984, 0.000000,
          10.875100,-4.789500, 1.555900, 1.000000;;
        }
        Frame Armature_mixamorig_LeftLeg {
          FrameTransformMatrix {
             0.929121,-0.276532,-0.245486, 0.000000,
             0.010518, 0.683376,-0.729991, 0.000000,
             0.369625, 0.675668, 0.637848, 0.000000,
             0.000001,14.866001, 0.000001, 1.000000;;
          }
          Frame Armature_mixamorig_LeftFoot {
            FrameTransformMatrix {
               0.862665,-0.413533, 0.291202, 0.000000,
               0.196714, 0.804752, 0.560069, 0.000000,
              -0.465952,-0.425868, 0.775580, 0.000000,
              -0.000000, 6.184702, 0.000001, 1.000000;;
            }
            Frame Armature_mixamorig_LeftToeBase {
              FrameTransformMatrix {
                 0.997841,-0.032848,-0.056882, 0.000000,
                 0.063288, 0.712626, 0.698684, 0.000000,
                 0.017585,-0.700775, 0.713166, 0.000000,
                 0.000000,13.216908,-0.000000, 1.000000;;
              }
              Frame Armature_mixamorig_LeftToe_End {
                FrameTransformMatrix {
                   1.000000,-0.000000,-0.000000, 0.000000,
                   0.000000, 1.000000, 0.000000, 0.000000,
                   0.000000,-0.000000, 1.000000, 0.000000,
                   0.000001, 5.788505, 0.000000, 1.000000;;
                }
              } // End of Armature_mixamorig_LeftToe_End
            } // End of Armature_mixamorig_LeftToeBase
          } // End of Armature_mixamorig_LeftFoot
        } // End of Armature_mixamorig_LeftLeg
      } // End of Armature_mixamorig_LeftUpLeg
      Frame Armature_mixamorig_RightUpLeg {
        FrameTransformMatrix {
          -0.541517, 0.623498,-0.563923, 0.000000,
          -0.833723,-0.484461, 0.264957, 0.000000,
          -0.107998, 0.613634, 0.782169, 0.000000,
          -10.875099,-4.789499, 0.850101, 1.000000;;
        }
        Frame Armature_mixamorig_RightLeg {
          FrameTransformMatrix {
             0.955467, 0.258292,-0.142716, 0.000000,
             0.061811,-0.648067,-0.759071, 0.000000,
            -0.288552, 0.716446,-0.635171, 0.000000,
            -0.000000,18.547503,-0.000000, 1.000000;;
          }
          Frame Armature_mixamorig_RightFoot {
            FrameTransformMatrix {
               0.951787, 0.103991, 0.288596, 0.000000,
              -0.117743,-0.744884, 0.656722, 0.000000,
               0.283263,-0.659040,-0.696727, 0.000000,
              -0.000002,12.489807,-0.000001, 1.000000;;
            }
            Frame Armature_mixamorig_RightToeBase {
              FrameTransformMatrix {
                 0.966264, 0.001290,-0.257550, 0.000000,
                 0.172808, 0.738236, 0.652031, 0.000000,
                 0.190973,-0.674541, 0.713108, 0.000000,
                -0.000002,13.166505, 0.000001, 1.000000;;
              }
              Frame Armature_mixamorig_RightToe_End {
                FrameTransformMatrix {
                   1.000000,-0.000000, 0.000000, 0.000000,
                   0.000000, 1.000000, 0.000000, 0.000000,
                  -0.000000,-0.000000, 1.000000, 0.000000,
                  -0.000001, 6.107000, 0.000000, 1.000000;;
                }
              } // End of Armature_mixamorig_RightToe_End
            } // End of Armature_mixamorig_RightToeBase
          } // End of Armature_mixamorig_RightFoot
        } // End of Armature_mixamorig_RightLeg
      } // End of Armature_mixamorig_RightUpLeg
      Frame Armature_mixamorig_Spine {
        FrameTransformMatrix {
           0.994324,-0.073732,-0.076708, 0.000000,
           0.083687, 0.987180, 0.135910, 0.000000,
           0.065703,-0.141558, 0.987747, 0.000000,
          -0.000000, 8.576902, 0.088300, 1.000000;;
        }
        Frame Armature_mixamorig_Spine1 {
          FrameTransformMatrix {
             0.998874, 0.040746,-0.024310, 0.000000,
            -0.040211, 0.998947, 0.022096, 0.000000,
             0.025184,-0.021093, 0.999460, 0.000000,
             0.000000,10.006903, 0.000000, 1.000000;;
          }
          Frame Armature_mixamorig_Spine2 {
            FrameTransformMatrix {
               0.999578, 0.018065,-0.022768, 0.000000,
              -0.017977, 0.999830, 0.004066, 0.000000,
               0.022837,-0.003655, 0.999733, 0.000000,
              -0.000001,11.436502,-0.000003, 1.000000;;
            }
            Frame Armature_mixamorig_LeftShoulder {
              FrameTransformMatrix {
                 0.168296,-0.041394,-0.984867, 0.000000,
                 0.928485, 0.342197, 0.144279, 0.000000,
                 0.331046,-0.938716, 0.096024, 0.000000,
                 7.649899,15.424208,-0.027902, 1.000000;;
              }
              Frame Armature_mixamorig_LeftArm {
                FrameTransformMatrix {
                   0.954457, 0.244302, 0.171257, 0.000000,
                  -0.246052, 0.319922, 0.914936, 0.000000,
                   0.168732,-0.915405, 0.365463, 0.000000,
                  -0.000000,16.032501, 0.000003, 1.000000;;
                }
                Frame Armature_mixamorig_LeftForeArm {
                  FrameTransformMatrix {
                    -0.060549,-0.424240, 0.903523, 0.000000,
                    -0.995216,-0.043869,-0.087292, 0.000000,
                     0.076670,-0.904487,-0.419554, 0.000000,
                     0.000002,29.518991, 0.000001, 1.000000;;
                  }
                  Frame Armature_mixamorig_LeftHand {
                    FrameTransformMatrix {
                      -0.459366, 0.037262,-0.887465, 0.000000,
                       0.046295, 0.998766, 0.017972, 0.000000,
                       0.887040,-0.032830,-0.460524, 0.000000,
                      -0.000002,18.002508, 0.000003, 1.000000;;
                    }
                    Frame Armature_mixamorig_LeftHandIndex1 {
                      FrameTransformMatrix {
                         0.559731, 0.684321, 0.467339, 0.000000,
                        -0.686070, 0.066383, 0.724501, 0.000000,
                         0.464768,-0.726153, 0.506648, 0.000000,
                        -0.000003, 9.685099, 0.103500, 1.000000;;
                      }
                      Frame Armature_mixamorig_LeftHandIndex2 {
                        FrameTransformMatrix {
                           0.848393, 0.478245, 0.226959, 0.000000,
                          -0.465253, 0.469112, 0.750649, 0.000000,
                           0.252525,-0.742439, 0.620496, 0.000000,
                           0.593804, 5.291197,-0.000001, 1.000000;;
                        }
                        Frame Armature_mixamorig_LeftHandIndex3 {
                          FrameTransformMatrix {
                             0.820085, 0.537438, 0.196524, 0.000000,
                            -0.443456, 0.379810, 0.811844, 0.000000,
                             0.361674,-0.752931, 0.549807, 0.000000,
                            -0.257705, 4.660701,-0.000001, 1.000000;;
                          }
                          Frame Armature_mixamorig_LeftHandIndex4 {
                            FrameTransformMatrix {
                               1.000000, 0.000000,-0.000000, 0.000000,
                              -0.000000, 1.000000, 0.000000, 0.000000,
                              -0.000000,-0.000000, 1.000000, 0.000000,
                              -0.336094, 3.119904, 0.000003, 1.000000;;
                            }
                          } // End of Armature_mixamorig_LeftHandIndex4
                        } // End of Armature_mixamorig_LeftHandIndex3
                      } // End of Armature_mixamorig_LeftHandIndex2
                    } // End of Armature_mixamorig_LeftHandIndex1
                    Frame Armature_mixamorig_LeftHandThumb1 {
                      FrameTransformMatrix {
                         0.578717, 0.806641, 0.120068, 0.000000,
                        -0.792393, 0.521353, 0.316707, 0.000000,
                         0.192871,-0.278425, 0.940893, 0.000000,
                        -3.734803, 4.018997, 0.000005, 1.000000;;
                      }
                      Frame Armature_mixamorig_LeftHandThumb2 {
                        FrameTransformMatrix {
                           0.734642,-0.629087,-0.254069, 0.000000,
                           0.659388, 0.750198, 0.049100, 0.000000,
                           0.159714,-0.203601, 0.965939, 0.000000,
                           0.608902, 4.346704,-0.000003, 1.000000;;
                        }
                        Frame Armature_mixamorig_LeftHandThumb3 {
                          FrameTransformMatrix {
                             0.498832, 0.619917,-0.605698, 0.000000,
                            -0.122471, 0.742262, 0.658824, 0.000000,
                             0.858002,-0.254461, 0.446186, 0.000000,
                            -1.309706, 4.552699, 0.000003, 1.000000;;
                          }
                          Frame Armature_mixamorig_LeftHandThumb4 {
                            FrameTransformMatrix {
                               1.000000, 0.000000,-0.000000, 0.000000,
                              -0.000000, 1.000000, 0.000000, 0.000000,
                               0.000000,-0.000000, 1.000000, 0.000000,
                               0.700800, 3.269007,-0.000003, 1.000000;;
                            }
                          } // End of Armature_mixamorig_LeftHandThumb4
                        } // End of Armature_mixamorig_LeftHandThumb3
                      } // End of Armature_mixamorig_LeftHandThumb2
                    } // End of Armature_mixamorig_LeftHandThumb1
                  } // End of Armature_mixamorig_LeftHand
                } // End of Armature_mixamorig_LeftForeArm
              } // End of Armature_mixamorig_LeftArm
            } // End of Armature_mixamorig_LeftShoulder
            Frame Armature_mixamorig_Neck {
              FrameTransformMatrix {
                 0.985070,-0.034616,-0.168641, 0.000000,
                 0.027001, 0.998518,-0.047243, 0.000000,
                 0.170026, 0.041984, 0.984545, 0.000000,
                -0.000001,12.865998,-0.000001, 1.000000;;
              }
              Frame Armature_mixamorig_Head {
                FrameTransformMatrix {
                   0.912383,-0.112643,-0.393533, 0.000000,
                   0.079625, 0.991866,-0.099303, 0.000000,
                   0.401518, 0.059267, 0.913932, 0.000000,
                  -0.000001, 9.790705, 0.891201, 1.000000;;
                }
                Frame Armature_mixamorig_HeadTop_End {
                  FrameTransformMatrix {
                     1.000000,-0.000000, 0.000000, 0.000000,
                    -0.000000, 1.000000,-0.000000, 0.000000,
                    -0.000000, 0.000000, 1.000000, 0.000000,
                     0.000001,38.809307, 3.532802, 1.000000;;
                  }
                } // End of Armature_mixamorig_HeadTop_End
              } // End of Armature_mixamorig_Head
            } // End of Armature_mixamorig_Neck
            Frame Armature_mixamorig_RightShoulder {
              FrameTransformMatrix {
                -0.334286, 0.120569, 0.934728, 0.000000,
                -0.882131, 0.309145,-0.355352, 0.000000,
                -0.331811,-0.943341, 0.003015, 0.000000,
                -7.649902,15.424297,-0.024702, 1.000000;;
              }
              Frame Armature_mixamorig_RightArm {
                FrameTransformMatrix {
                   0.994778,-0.096820, 0.032298, 0.000000,
                  -0.006998, 0.250998, 0.967962, 0.000000,
                  -0.101825,-0.963133, 0.249010, 0.000000,
                   0.000000,16.032501, 0.000002, 1.000000;;
                }
                Frame Armature_mixamorig_RightForeArm {
                  FrameTransformMatrix {
                    -0.015576,-0.014810,-0.999769, 0.000000,
                     0.963815, 0.265897,-0.018955, 0.000000,
                     0.266117,-0.963888, 0.010133, 0.000000,
                     0.000003,29.514999, 0.000002, 1.000000;;
                  }
                  Frame Armature_mixamorig_RightHand {
                    FrameTransformMatrix {
                      -0.414630,-0.479142, 0.773632, 0.000000,
                      -0.108117, 0.870070, 0.480925, 0.000000,
                      -0.903545, 0.115763,-0.412560, 0.000000,
                       0.000000,17.998909,-0.000002, 1.000000;;
                    }
                    Frame Armature_mixamorig_RightHandIndex1 {
                      FrameTransformMatrix {
                         0.887604,-0.408820,-0.212193, 0.000000,
                         0.409611, 0.489887, 0.769565, 0.000000,
                        -0.210663,-0.769985, 0.602283, 0.000000,
                         0.000004,10.367397, 0.072205, 1.000000;;
                      }
                      Frame Armature_mixamorig_RightHandIndex2 {
                        FrameTransformMatrix {
                           0.771318,-0.588727,-0.241803, 0.000000,
                           0.528726, 0.381234, 0.758360, 0.000000,
                          -0.354283,-0.712784, 0.605328, 0.000000,
                           0.220798, 5.278701,-0.000001, 1.000000;;
                        }
                        Frame Armature_mixamorig_RightHandIndex3 {
                          FrameTransformMatrix {
                             0.812838,-0.514156,-0.273747, 0.000000,
                             0.528748, 0.454121, 0.717077, 0.000000,
                            -0.244375,-0.727611, 0.640986, 0.000000,
                             0.056094, 4.373296,-0.000003, 1.000000;;
                          }
                          Frame Armature_mixamorig_RightHandIndex4 {
                            FrameTransformMatrix {
                               1.000000,-0.000000,-0.000000, 0.000000,
                               0.000000, 1.000000, 0.000000, 0.000000,
                               0.000000,-0.000000, 1.000000, 0.000000,
                              -0.276900, 2.801294, 0.000006, 1.000000;;
                            }
                          } // End of Armature_mixamorig_RightHandIndex4
                        } // End of Armature_mixamorig_RightHandIndex3
                      } // End of Armature_mixamorig_RightHandIndex2
                    } // End of Armature_mixamorig_RightHandIndex1
                    Frame Armature_mixamorig_RightHandThumb1 {
                      FrameTransformMatrix {
                         0.805699,-0.559608,-0.194135, 0.000000,
                         0.504524, 0.476649, 0.719903, 0.000000,
                        -0.310329,-0.677971, 0.666371, 0.000000,
                         3.870504, 3.728002, 0.000005, 1.000000;;
                      }
                      Frame Armature_mixamorig_RightHandThumb2 {
                        FrameTransformMatrix {
                           0.833895, 0.497140, 0.239730, 0.000000,
                          -0.437939, 0.860348,-0.260788, 0.000000,
                          -0.335899, 0.112483, 0.935157, 0.000000,
                          -0.775105, 4.228702,-0.000005, 1.000000;;
                        }
                        Frame Armature_mixamorig_RightHandThumb3 {
                          FrameTransformMatrix {
                             0.960847,-0.043466,-0.273649, 0.000000,
                             0.018677, 0.995533,-0.092549, 0.000000,
                             0.276450, 0.083815, 0.957366, 0.000000,
                             1.262105, 4.811299, 0.000003, 1.000000;;
                          }
                          Frame Armature_mixamorig_RightHandThumb4 {
                            FrameTransformMatrix {
                               1.000000, 0.000000,-0.000000, 0.000000,
                              -0.000000, 1.000000,-0.000000, 0.000000,
                               0.000000, 0.000000, 1.000000, 0.000000,
                              -0.486898, 3.520804, 0.000001, 1.000000;;
                            }
                          } // End of Armature_mixamorig_RightHandThumb4
                        } // End of Armature_mixamorig_RightHandThumb3
                      } // End of Armature_mixamorig_RightHandThumb2
                    } // End of Armature_mixamorig_RightHandThumb1
                  } // End of Armature_mixamorig_RightHand
                } // End of Armature_mixamorig_RightForeArm
              } // End of Armature_mixamorig_RightArm
            } // End of Armature_mixamorig_RightShoulder
          } // End of Armature_mixamorig_Spine2
        } // End of Armature_mixamorig_Spine1
      } // End of Armature_mixamorig_Spine
    } // End of Armature_mixamorig_Hips
  } // End of Armature
} // End of Root
AnimationSet Global {
  Animation {
    {Armature}
    AnimationKey { // Rotation
      0;
      59;
      0;4;-0.707107, 0.707107, 0.000000, 0.000000;;,
      1;4;-0.707107, 0.707107, 0.000000, 0.000000;;,
      2;4;-0.707107, 0.707107, 0.000000, 0.000000;;,
      3;4;-0.707107, 0.707107, 0.000000, 0.000000;;,
      4;4;-0.707107, 0.707107, 0.000000, 0.000000;;,
      5;4;-0.707107, 0.707107, 0.000000, 0.000000;;,
      6;4;-0.707107, 0.707107, 0.000000, 0.000000;;,
      7;4;-0.707107, 0.707107, 0.000000, 0.000000;;,
      8;4;-0.707107, 0.707107, 0.000000, 0.000000;;,
      9;4;-0.707107, 0.707107, 0.000000, 0.000000;;,
      10;4;-0.707107, 0.707107, 0.000000, 0.000000;;,
      11;4;-0.707107, 0.707107, 0.000000, 0.000000;;,
      12;4;-0.707107, 0.707107, 0.000000, 0.000000;;,
      13;4;-0.707107, 0.707107, 0.000000, 0.000000;;,
      14;4;-0.707107, 0.707107, 0.000000, 0.000000;;,
      15;4;-0.707107, 0.707107, 0.000000, 0.000000;;,
      16;4;-0.707107, 0.707107, 0.000000, 0.000000;;,
      17;4;-0.707107, 0.707107, 0.000000, 0.000000;;,
      18;4;-0.707107, 0.707107, 0.000000, 0.000000;;,
      19;4;-0.707107, 0.707107, 0.000000, 0.000000;;,
      20;4;-0.707107, 0.707107, 0.000000, 0.000000;;,
      21;4;-0.707107, 0.707107, 0.000000, 0.000000;;,
      22;4;-0.707107, 0.707107, 0.000000, 0.000000;;,
      23;4;-0.707107, 0.707107, 0.000000, 0.000000;;,
      24;4;-0.707107, 0.707107, 0.000000, 0.000000;;,
      25;4;-0.707107, 0.707107, 0.000000, 0.000000;;,
      26;4;-0.707107, 0.707107, 0.000000, 0.000000;;,
      27;4;-0.707107, 0.707107, 0.000000, 0.000000;;,
      28;4;-0.707107, 0.707107, 0.000000, 0.000000;;,
      29;4;-0.707107, 0.707107, 0.000000, 0.000000;;,
      30;4;-0.707107, 0.707107, 0.000000, 0.000000;;,
      31;4;-0.707107, 0.707107, 0.000000, 0.000000;;,
      32;4;-0.707107, 0.707107, 0.000000, 0.000000;;,
      33;4;-0.707107, 0.707107, 0.000000, 0.000000;;,
      34;4;-0.707107, 0.707107, 0.000000, 0.000000;;,
      35;4;-0.707107, 0.707107, 0.000000, 0.000000;;,
      36;4;-0.707107, 0.707107, 0.000000, 0.000000;;,
      37;4;-0.707107, 0.707107, 0.000000, 0.000000;;,
      38;4;-0.707107, 0.707107, 0.000000, 0.000000;;,
      39;4;-0.707107, 0.707107, 0.000000, 0.000000;;,
      40;4;-0.707107, 0.707107, 0.000000, 0.000000;;,
      41;4;-0.707107, 0.707107, 0.000000, 0.000000;;,
      42;4;-0.707107, 0.707107, 0.000000, 0.000000;;,
      43;4;-0.707107, 0.707107, 0.000000, 0.000000;;,
      44;4;-0.707107, 0.707107, 0.000000, 0.000000;;,
      45;4;-0.707107, 0.707107, 0.000000, 0.000000;;,
      46;4;-0.707107, 0.707107, 0.000000, 0.000000;;,
      47;4;-0.707107, 0.707107, 0.000000, 0.000000;;,
      48;4;-0.707107, 0.707107, 0.000000, 0.000000;;,
      49;4;-0.707107, 0.707107, 0.000000, 0.000000;;,
      50;4;-0.707107, 0.707107, 0.000000, 0.000000;;,
      51;4;-0.707107, 0.707107, 0.000000, 0.000000;;,
      52;4;-0.707107, 0.707107, 0.000000, 0.000000;;,
      53;4;-0.707107, 0.707107, 0.000000, 0.000000;;,
      54;4;-0.707107, 0.707107, 0.000000, 0.000000;;,
      55;4;-0.707107, 0.707107, 0.000000, 0.000000;;,
      56;4;-0.707107, 0.707107, 0.000000, 0.000000;;,
      57;4;-0.707107, 0.707107, 0.000000, 0.000000;;,
      58;4;-0.707107, 0.707107, 0.000000, 0.000000;;;
    }
    AnimationKey { // Scale
      1;
      59;
      0;3; 0.010000, 0.010000, 0.010000;;,
      1;3; 0.010000, 0.010000, 0.010000;;,
      2;3; 0.010000, 0.010000, 0.010000;;,
      3;3; 0.010000, 0.010000, 0.010000;;,
      4;3; 0.010000, 0.010000, 0.010000;;,
      5;3; 0.010000, 0.010000, 0.010000;;,
      6;3; 0.010000, 0.010000, 0.010000;;,
      7;3; 0.010000, 0.010000, 0.010000;;,
      8;3; 0.010000, 0.010000, 0.010000;;,
      9;3; 0.010000, 0.010000, 0.010000;;,
      10;3; 0.010000, 0.010000, 0.010000;;,
      11;3; 0.010000, 0.010000, 0.010000;;,
      12;3; 0.010000, 0.010000, 0.010000;;,
      13;3; 0.010000, 0.010000, 0.010000;;,
      14;3; 0.010000, 0.010000, 0.010000;;,
      15;3; 0.010000, 0.010000, 0.010000;;,
      16;3; 0.010000, 0.010000, 0.010000;;,
      17;3; 0.010000, 0.010000, 0.010000;;,
      18;3; 0.010000, 0.010000, 0.010000;;,
      19;3; 0.010000, 0.010000, 0.010000;;,
      20;3; 0.010000, 0.010000, 0.010000;;,
      21;3; 0.010000, 0.010000, 0.010000;;,
      22;3; 0.010000, 0.010000, 0.010000;;,
      23;3; 0.010000, 0.010000, 0.010000;;,
      24;3; 0.010000, 0.010000, 0.010000;;,
      25;3; 0.010000, 0.010000, 0.010000;;,
      26;3; 0.010000, 0.010000, 0.010000;;,
      27;3; 0.010000, 0.010000, 0.010000;;,
      28;3; 0.010000, 0.010000, 0.010000;;,
      29;3; 0.010000, 0.010000, 0.010000;;,
      30;3; 0.010000, 0.010000, 0.010000;;,
      31;3; 0.010000, 0.010000, 0.010000;;,
      32;3; 0.010000, 0.010000, 0.010000;;,
      33;3; 0.010000, 0.010000, 0.010000;;,
      34;3; 0.010000, 0.010000, 0.010000;;,
      35;3; 0.010000, 0.010000, 0.010000;;,
      36;3; 0.010000, 0.010000, 0.010000;;,
      37;3; 0.010000, 0.010000, 0.010000;;,
      38;3; 0.010000, 0.010000, 0.010000;;,
      39;3; 0.010000, 0.010000, 0.010000;;,
      40;3; 0.010000, 0.010000, 0.010000;;,
      41;3; 0.010000, 0.010000, 0.010000;;,
      42;3; 0.010000, 0.010000, 0.010000;;,
      43;3; 0.010000, 0.010000, 0.010000;;,
      44;3; 0.010000, 0.010000, 0.010000;;,
      45;3; 0.010000, 0.010000, 0.010000;;,
      46;3; 0.010000, 0.010000, 0.010000;;,
      47;3; 0.010000, 0.010000, 0.010000;;,
      48;3; 0.010000, 0.010000, 0.010000;;,
      49;3; 0.010000, 0.010000, 0.010000;;,
      50;3; 0.010000, 0.010000, 0.010000;;,
      51;3; 0.010000, 0.010000, 0.010000;;,
      52;3; 0.010000, 0.010000, 0.010000;;,
      53;3; 0.010000, 0.010000, 0.010000;;,
      54;3; 0.010000, 0.010000, 0.010000;;,
      55;3; 0.010000, 0.010000, 0.010000;;,
      56;3; 0.010000, 0.010000, 0.010000;;,
      57;3; 0.010000, 0.010000, 0.010000;;,
      58;3; 0.010000, 0.010000, 0.010000;;;
    }
    AnimationKey { // Position
      2;
      59;
      0;3; 0.000000, 0.000000, 0.000000;;,
      1;3; 0.000000, 0.000000, 0.000000;;,
      2;3; 0.000000, 0.000000, 0.000000;;,
      3;3; 0.000000, 0.000000, 0.000000;;,
      4;3; 0.000000, 0.000000, 0.000000;;,
      5;3; 0.000000, 0.000000, 0.000000;;,
      6;3; 0.000000, 0.000000, 0.000000;;,
      7;3; 0.000000, 0.000000, 0.000000;;,
      8;3; 0.000000, 0.000000, 0.000000;;,
      9;3; 0.000000, 0.000000, 0.000000;;,
      10;3; 0.000000, 0.000000, 0.000000;;,
      11;3; 0.000000, 0.000000, 0.000000;;,
      12;3; 0.000000, 0.000000, 0.000000;;,
      13;3; 0.000000, 0.000000, 0.000000;;,
      14;3; 0.000000, 0.000000, 0.000000;;,
      15;3; 0.000000, 0.000000, 0.000000;;,
      16;3; 0.000000, 0.000000, 0.000000;;,
      17;3; 0.000000, 0.000000, 0.000000;;,
      18;3; 0.000000, 0.000000, 0.000000;;,
      19;3; 0.000000, 0.000000, 0.000000;;,
      20;3; 0.000000, 0.000000, 0.000000;;,
      21;3; 0.000000, 0.000000, 0.000000;;,
      22;3; 0.000000, 0.000000, 0.000000;;,
      23;3; 0.000000, 0.000000, 0.000000;;,
      24;3; 0.000000, 0.000000, 0.000000;;,
      25;3; 0.000000, 0.000000, 0.000000;;,
      26;3; 0.000000, 0.000000, 0.000000;;,
      27;3; 0.000000, 0.000000, 0.000000;;,
      28;3; 0.000000, 0.000000, 0.000000;;,
      29;3; 0.000000, 0.000000, 0.000000;;,
      30;3; 0.000000, 0.000000, 0.000000;;,
      31;3; 0.000000, 0.000000, 0.000000;;,
      32;3; 0.000000, 0.000000, 0.000000;;,
      33;3; 0.000000, 0.000000, 0.000000;;,
      34;3; 0.000000, 0.000000, 0.000000;;,
      35;3; 0.000000, 0.000000, 0.000000;;,
      36;3; 0.000000, 0.000000, 0.000000;;,
      37;3; 0.000000, 0.000000, 0.000000;;,
      38;3; 0.000000, 0.000000, 0.000000;;,
      39;3; 0.000000, 0.000000, 0.000000;;,
      40;3; 0.000000, 0.000000, 0.000000;;,
      41;3; 0.000000, 0.000000, 0.000000;;,
      42;3; 0.000000, 0.000000, 0.000000;;,
      43;3; 0.000000, 0.000000, 0.000000;;,
      44;3; 0.000000, 0.000000, 0.000000;;,
      45;3; 0.000000, 0.000000, 0.000000;;,
      46;3; 0.000000, 0.000000, 0.000000;;,
      47;3; 0.000000, 0.000000, 0.000000;;,
      48;3; 0.000000, 0.000000, 0.000000;;,
      49;3; 0.000000, 0.000000, 0.000000;;,
      50;3; 0.000000, 0.000000, 0.000000;;,
      51;3; 0.000000, 0.000000, 0.000000;;,
      52;3; 0.000000, 0.000000, 0.000000;;,
      53;3; 0.000000, 0.000000, 0.000000;;,
      54;3; 0.000000, 0.000000, 0.000000;;,
      55;3; 0.000000, 0.000000, 0.000000;;,
      56;3; 0.000000, 0.000000, 0.000000;;,
      57;3; 0.000000, 0.000000, 0.000000;;,
      58;3; 0.000000, 0.000000, 0.000000;;;
    }
  }
  Animation {
    {Armature_mixamorig_Hips}
    AnimationKey { // Rotation
      0;
      59;
      0;4;-0.879231, 0.067309,-0.469690, 0.042592;;,
      1;4;-0.880856, 0.065602,-0.466231, 0.049162;;,
      2;4;-0.882317, 0.064625,-0.462763, 0.056480;;,
      3;4;-0.883945, 0.062473,-0.459259, 0.061795;;,
      4;4;-0.886090, 0.057179,-0.455712, 0.062472;;,
      5;4;-0.888727, 0.047011,-0.452527, 0.056331;;,
      6;4;-0.891711, 0.033426,-0.449091, 0.045293;;,
      7;4;-0.895300, 0.019271,-0.443835, 0.032824;;,
      8;4;-0.899910, 0.004908,-0.435641, 0.018842;;,
      9;4;-0.904667,-0.009299,-0.426012, 0.001949;;,
      10;4;-0.908725,-0.022120,-0.416600,-0.013191;;,
      11;4;-0.912696,-0.031155,-0.406718,-0.024423;;,
      12;4;-0.916633,-0.028431,-0.397838,-0.026469;;,
      13;4;-0.922627,-0.019804,-0.384679,-0.019722;;,
      14;4;-0.929772,-0.007626,-0.368020,-0.005161;;,
      15;4;-0.935806, 0.001587,-0.352494, 0.003461;;,
      16;4;-0.938737, 0.008567,-0.344386, 0.009893;;,
      17;4;-0.935906, 0.010747,-0.351717, 0.016142;;,
      18;4;-0.931062, 0.013216,-0.363740, 0.025345;;,
      19;4;-0.926846, 0.017509,-0.373444, 0.034486;;,
      20;4;-0.925559, 0.031130,-0.375232, 0.039654;;,
      21;4;-0.925059, 0.054436,-0.373407, 0.043244;;,
      22;4;-0.924302, 0.075670,-0.371374, 0.044966;;,
      23;4;-0.923872, 0.078537,-0.372134, 0.042521;;,
      24;4;-0.921866, 0.074067,-0.378647, 0.036123;;,
      25;4;-0.921034, 0.062097,-0.382828, 0.035831;;,
      26;4;-0.922633, 0.049890,-0.380806, 0.035310;;,
      27;4;-0.921545, 0.043402,-0.384586, 0.031043;;,
      28;4;-0.918991, 0.045647,-0.390746, 0.026278;;,
      29;4;-0.916289, 0.061485,-0.394542, 0.031146;;,
      30;4;-0.914379, 0.074852,-0.395793, 0.040704;;,
      31;4;-0.910423, 0.088464,-0.400818, 0.051460;;,
      32;4;-0.907301, 0.094829,-0.405806, 0.055974;;,
      33;4;-0.905010, 0.096784,-0.410170, 0.057879;;,
      34;4;-0.902864, 0.092831,-0.415643, 0.058814;;,
      35;4;-0.900464, 0.088483,-0.421652, 0.059535;;,
      36;4;-0.897786, 0.081648,-0.428701, 0.059411;;,
      37;4;-0.896159, 0.075168,-0.433567, 0.057165;;,
      38;4;-0.894363, 0.067049,-0.439357, 0.050851;;,
      39;4;-0.891833, 0.059369,-0.446396, 0.042905;;,
      40;4;-0.889918, 0.054485,-0.451468, 0.035410;;,
      41;4;-0.888305, 0.050577,-0.455597, 0.028067;;,
      42;4;-0.886969, 0.047403,-0.458904, 0.021115;;,
      43;4;-0.885919, 0.044715,-0.461442, 0.014823;;,
      44;4;-0.885147, 0.042299,-0.463289, 0.009402;;,
      45;4;-0.884907, 0.040938,-0.463921, 0.006388;;,
      46;4;-0.886408, 0.042062,-0.460957, 0.005456;;,
      47;4;-0.885837, 0.041645,-0.462058, 0.007777;;,
      48;4;-0.885121, 0.042877,-0.463249, 0.011114;;,
      49;4;-0.884353, 0.045016,-0.464410, 0.014709;;,
      50;4;-0.883634, 0.047782,-0.465363, 0.018574;;,
      51;4;-0.882896, 0.050914,-0.466250, 0.022649;;,
      52;4;-0.882153, 0.054211,-0.467066, 0.026784;;,
      53;4;-0.881426, 0.057486,-0.467798, 0.030807;;,
      54;4;-0.880745, 0.060557,-0.468432, 0.034531;;,
      55;4;-0.880146, 0.063249,-0.468952, 0.037765;;,
      56;4;-0.879667, 0.065388,-0.469345, 0.040315;;,
      57;4;-0.879349, 0.066799,-0.469596, 0.041988;;,
      58;4;-0.879231, 0.067309,-0.469690, 0.042592;;;
    }
    AnimationKey { // Scale
      1;
      59;
      0;3; 1.000000, 1.000000, 1.000000;;,
      1;3; 1.000000, 1.000000, 1.000000;;,
      2;3; 1.000000, 1.000000, 1.000000;;,
      3;3; 1.000000, 1.000000, 1.000000;;,
      4;3; 1.000000, 1.000000, 1.000000;;,
      5;3; 1.000000, 1.000000, 1.000000;;,
      6;3; 1.000000, 1.000000, 1.000000;;,
      7;3; 1.000000, 1.000000, 1.000000;;,
      8;3; 1.000000, 1.000000, 1.000000;;,
      9;3; 1.000000, 1.000000, 1.000000;;,
      10;3; 1.000000, 1.000000, 1.000000;;,
      11;3; 1.000000, 1.000000, 1.000000;;,
      12;3; 1.000000, 1.000000, 1.000000;;,
      13;3; 1.000000, 1.000000, 1.000000;;,
      14;3; 1.000000, 1.000000, 1.000000;;,
      15;3; 1.000000, 1.000000, 1.000000;;,
      16;3; 1.000000, 1.000000, 1.000000;;,
      17;3; 1.000000, 1.000000, 1.000000;;,
      18;3; 1.000000, 1.000000, 1.000000;;,
      19;3; 1.000000, 1.000000, 1.000000;;,
      20;3; 1.000000, 1.000000, 1.000000;;,
      21;3; 1.000000, 1.000000, 1.000000;;,
      22;3; 1.000000, 1.000000, 1.000000;;,
      23;3; 1.000000, 1.000000, 1.000000;;,
      24;3; 1.000000, 1.000000, 1.000000;;,
      25;3; 1.000000, 1.000000, 1.000000;;,
      26;3; 1.000000, 1.000000, 1.000000;;,
      27;3; 1.000000, 1.000000, 1.000000;;,
      28;3; 1.000000, 1.000000, 1.000000;;,
      29;3; 1.000000, 1.000000, 1.000000;;,
      30;3; 1.000000, 1.000000, 1.000000;;,
      31;3; 1.000000, 1.000000, 1.000000;;,
      32;3; 1.000000, 1.000000, 1.000000;;,
      33;3; 1.000000, 1.000000, 1.000000;;,
      34;3; 1.000000, 1.000000, 1.000000;;,
      35;3; 1.000000, 1.000000, 1.000000;;,
      36;3; 1.000000, 1.000000, 1.000000;;,
      37;3; 1.000000, 1.000000, 1.000000;;,
      38;3; 1.000000, 1.000000, 1.000000;;,
      39;3; 1.000000, 1.000000, 1.000000;;,
      40;3; 1.000000, 1.000000, 1.000000;;,
      41;3; 1.000000, 1.000000, 1.000000;;,
      42;3; 1.000000, 1.000000, 1.000000;;,
      43;3; 1.000000, 1.000000, 1.000000;;,
      44;3; 1.000000, 1.000000, 1.000000;;,
      45;3; 1.000000, 1.000000, 1.000000;;,
      46;3; 1.000000, 1.000000, 1.000000;;,
      47;3; 1.000000, 1.000000, 1.000000;;,
      48;3; 1.000000, 1.000000, 1.000000;;,
      49;3; 1.000000, 1.000000, 1.000000;;,
      50;3; 1.000000, 1.000000, 1.000000;;,
      51;3; 1.000000, 1.000000, 1.000000;;,
      52;3; 1.000000, 1.000000, 1.000000;;,
      53;3; 1.000000, 1.000000, 1.000000;;,
      54;3; 1.000000, 1.000000, 1.000000;;,
      55;3; 1.000000, 1.000000, 1.000000;;,
      56;3; 1.000000, 1.000000, 1.000000;;,
      57;3; 1.000000, 1.000000, 1.000000;;,
      58;3; 1.000000, 1.000000, 1.000000;;;
    }
    AnimationKey { // Position
      2;
      59;
      0;3; 0.672714,23.594078,-5.936620;;,
      1;3; 0.698668,23.017712,-6.353555;;,
      2;3; 0.724607,22.431978,-6.763561;;,
      3;3; 0.758718,21.978493,-7.070971;;,
      4;3; 0.811196,21.768400,-7.210327;;,
      5;3; 0.896012,21.820162,-7.169154;;,
      6;3; 0.993999,22.117352,-6.953716;;,
      7;3; 1.062728,22.741652,-6.501167;;,
      8;3; 1.079621,23.850491,-5.655015;;,
      9;3; 0.898186,25.091053,-4.230755;;,
      10;3; 0.425605,26.258234,-2.865877;;,
      11;3;-0.329008,27.827660,-1.901191;;,
      12;3;-1.086605,29.434864,-0.649176;;,
      13;3;-1.632271,31.022778, 0.044089;;,
      14;3;-2.417289,32.144165,-0.709508;;,
      15;3;-3.180262,33.018089,-1.609350;;,
      16;3;-3.687840,34.177559,-2.045883;;,
      17;3;-3.904776,35.641457,-2.124378;;,
      18;3;-4.188684,37.289505,-2.264499;;,
      19;3;-4.642183,39.289612,-2.124881;;,
      20;3;-4.813876,41.756920,-1.597280;;,
      21;3;-4.160773,45.002792,-0.876166;;,
      22;3;-2.598187,48.506447,-0.082776;;,
      23;3;-0.334633,50.781776, 0.625344;;,
      24;3; 1.003643,51.202621, 0.529618;;,
      25;3; 1.831283,49.986412, 0.546600;;,
      26;3; 1.863204,48.789257, 1.120372;;,
      27;3; 1.907833,49.286903, 1.138764;;,
      28;3; 2.044980,51.241512, 1.171743;;,
      29;3; 1.299500,52.576252, 1.348032;;,
      30;3; 0.346742,52.644592, 1.429144;;,
      31;3;-0.898854,51.720501, 0.900350;;,
      32;3;-1.915983,50.170994, 0.246998;;,
      33;3;-2.580342,48.379490,-0.349797;;,
      34;3;-3.093735,46.211357,-0.968410;;,
      35;3;-3.363107,44.244286,-1.460166;;,
      36;3;-3.439754,42.502338,-1.927209;;,
      37;3;-3.439375,40.780537,-2.325227;;,
      38;3;-3.335807,39.199734,-2.605114;;,
      39;3;-3.019379,37.616631,-2.936062;;,
      40;3;-2.579687,35.855206,-3.176939;;,
      41;3;-2.090297,34.053101,-3.400089;;,
      42;3;-1.553939,32.285156,-3.542375;;,
      43;3;-1.022270,30.672434,-3.598067;;,
      44;3;-0.559473,29.337727,-3.544349;;,
      45;3;-0.064946,28.374229,-3.347377;;,
      46;3; 0.360335,27.245804,-3.366142;;,
      47;3; 0.777315,26.019583,-4.226711;;,
      48;3; 1.037548,25.089565,-4.844317;;,
      49;3; 1.137457,24.408764,-5.288108;;,
      50;3; 1.111991,24.048004,-5.557110;;,
      51;3; 1.068378,23.805229,-5.738266;;,
      52;3; 1.010544,23.653244,-5.854488;;,
      53;3; 0.943992,23.570431,-5.922245;;,
      54;3; 0.874238,23.538387,-5.954225;;,
      55;3; 0.806785,23.540443,-5.961366;;,
      56;3; 0.747137,23.560747,-5.953887;;,
      57;3; 0.700797,23.583801,-5.941869;;,
      58;3; 0.673292,23.594078,-5.935592;;;
    }
  }
  Animation {
    {Armature_mixamorig_Spine}
    AnimationKey { // Rotation
      0;
      59;
      0;4;-0.996149, 0.069635, 0.035740,-0.039507;;,
      1;4;-0.995613, 0.074164, 0.036556,-0.043796;;,
      2;4;-0.994705, 0.082070, 0.037387,-0.049286;;,
      3;4;-0.993262, 0.095872, 0.034842,-0.054994;;,
      4;4;-0.991717, 0.108094, 0.034848,-0.059993;;,
      5;4;-0.990407, 0.117547, 0.035539,-0.063349;;,
      6;4;-0.989454, 0.126709, 0.038103,-0.058932;;,
      7;4;-0.989314, 0.131317, 0.032117,-0.054603;;,
      8;4;-0.988806, 0.136527, 0.029007,-0.052735;;,
      9;4;-0.989353, 0.136132, 0.022437,-0.046325;;,
      10;4;-0.988724, 0.143448, 0.014800,-0.040362;;,
      11;4;-0.989361, 0.140787, 0.010880,-0.035018;;,
      12;4;-0.991232, 0.127792, 0.006957,-0.032858;;,
      13;4;-0.992750, 0.115319, 0.002897,-0.033781;;,
      14;4;-0.993346, 0.109726,-0.000534,-0.034980;;,
      15;4;-0.992528, 0.117407,-0.002300,-0.033148;;,
      16;4;-0.990918, 0.130972,-0.001517,-0.030438;;,
      17;4;-0.987754, 0.150838,-0.000622,-0.039861;;,
      18;4;-0.984442, 0.168896, 0.006381,-0.048025;;,
      19;4;-0.979299, 0.194283, 0.004771,-0.056607;;,
      20;4;-0.974984, 0.216348,-0.001442,-0.050962;;,
      21;4;-0.970415, 0.238264,-0.004286,-0.038820;;,
      22;4;-0.965183, 0.260192,-0.005694,-0.026250;;,
      23;4;-0.959049, 0.282482,-0.008613,-0.018833;;,
      24;4;-0.952190, 0.304982,-0.005453,-0.017038;;,
      25;4;-0.945217, 0.325357,-0.005026,-0.026113;;,
      26;4;-0.939178, 0.341855,-0.009842,-0.031348;;,
      27;4;-0.936724, 0.348724,-0.005629,-0.030133;;,
      28;4;-0.940225, 0.339831, 0.001091,-0.022161;;,
      29;4;-0.949190, 0.314151, 0.006224,-0.017569;;,
      30;4;-0.958293, 0.285167, 0.007465,-0.017286;;,
      31;4;-0.966857, 0.254280, 0.010106,-0.020678;;,
      32;4;-0.972645, 0.230923, 0.012078,-0.022125;;,
      33;4;-0.976995, 0.211613, 0.013106,-0.023016;;,
      34;4;-0.979842, 0.197492, 0.012921,-0.027191;;,
      35;4;-0.982723, 0.181758, 0.014119,-0.031954;;,
      36;4;-0.984712, 0.168875, 0.017379,-0.039012;;,
      37;4;-0.987062, 0.153208, 0.018753,-0.043409;;,
      38;4;-0.988660, 0.141769, 0.020132,-0.045250;;,
      39;4;-0.990107, 0.130997, 0.021663,-0.045364;;,
      40;4;-0.991414, 0.120708, 0.025416,-0.043371;;,
      41;4;-0.992596, 0.110463, 0.030024,-0.040613;;,
      42;4;-0.993626, 0.100518, 0.034661,-0.037437;;,
      43;4;-0.994509, 0.091143, 0.038416,-0.034187;;,
      44;4;-0.995276, 0.082613, 0.040404,-0.031127;;,
      45;4;-0.995905, 0.076301, 0.039225,-0.028499;;,
      46;4;-0.996203, 0.074668, 0.035715,-0.026989;;,
      47;4;-0.995669, 0.081337, 0.033012,-0.030630;;,
      48;4;-0.994985, 0.088985, 0.030304,-0.034172;;,
      49;4;-0.994700, 0.091659, 0.028401,-0.036934;;,
      50;4;-0.994715, 0.090990, 0.028239,-0.038282;;,
      51;4;-0.994848, 0.089009, 0.028679,-0.039136;;,
      52;4;-0.995060, 0.086090, 0.029575,-0.039624;;,
      53;4;-0.995310, 0.082604, 0.030774,-0.039845;;,
      54;4;-0.995565, 0.078922, 0.032118,-0.039881;;,
      55;4;-0.995796, 0.075413, 0.033449,-0.039804;;,
      56;4;-0.995982, 0.072447, 0.034605,-0.039676;;,
      57;4;-0.996105, 0.070397, 0.035423,-0.039557;;,
      58;4;-0.996149, 0.069635, 0.035740,-0.039507;;;
    }
    AnimationKey { // Scale
      1;
      59;
      0;3; 1.000000, 1.000000, 1.000000;;,
      1;3; 1.000000, 1.000000, 1.000000;;,
      2;3; 1.000000, 1.000000, 1.000000;;,
      3;3; 1.000000, 1.000000, 1.000000;;,
      4;3; 1.000000, 1.000000, 1.000000;;,
      5;3; 1.000000, 1.000000, 1.000000;;,
      6;3; 1.000000, 1.000000, 1.000000;;,
      7;3; 1.000000, 1.000000, 1.000000;;,
      8;3; 1.000000, 1.000000, 1.000000;;,
      9;3; 1.000000, 1.000000, 1.000000;;,
      10;3; 1.000000, 1.000000, 1.000000;;,
      11;3; 1.000000, 1.000000, 1.000000;;,
      12;3; 1.000000, 1.000000, 1.000000;;,
      13;3; 1.000000, 1.000000, 1.000000;;,
      14;3; 1.000000, 1.000000, 1.000000;;,
      15;3; 1.000000, 1.000000, 1.000000;;,
      16;3; 1.000000, 1.000000, 1.000000;;,
      17;3; 1.000000, 1.000000, 1.000000;;,
      18;3; 1.000000, 1.000000, 1.000000;;,
      19;3; 1.000000, 1.000000, 1.000000;;,
      20;3; 1.000000, 1.000000, 1.000000;;,
      21;3; 1.000000, 1.000000, 1.000000;;,
      22;3; 1.000000, 1.000000, 1.000000;;,
      23;3; 1.000000, 1.000000, 1.000000;;,
      24;3; 1.000000, 1.000000, 1.000000;;,
      25;3; 1.000000, 1.000000, 1.000000;;,
      26;3; 1.000000, 1.000000, 1.000000;;,
      27;3; 1.000000, 1.000000, 1.000000;;,
      28;3; 1.000000, 1.000000, 1.000000;;,
      29;3; 1.000000, 1.000000, 1.000000;;,
      30;3; 1.000000, 1.000000, 1.000000;;,
      31;3; 1.000000, 1.000000, 1.000000;;,
      32;3; 1.000000, 1.000000, 1.000000;;,
      33;3; 1.000000, 1.000000, 1.000000;;,
      34;3; 1.000000, 1.000000, 1.000000;;,
      35;3; 1.000000, 1.000000, 1.000000;;,
      36;3; 1.000000, 1.000000, 1.000000;;,
      37;3; 1.000000, 1.000000, 1.000000;;,
      38;3; 1.000000, 1.000000, 1.000000;;,
      39;3; 1.000000, 1.000000, 1.000000;;,
