xof 0303txt 0032

Frame Root {
  FrameTransformMatrix {
     1.000000, 0.000000, 0.000000, 0.000000,
     0.000000,-0.000000,-1.000000, 0.000000,
     0.000000, 1.000000,-0.000000, 0.000000,
     0.000000, 0.000000, 0.000000, 1.000000;;
  }
  Frame Armature {
    FrameTransformMatrix {
       0.010000, 0.000000, 0.000000, 0.000000,
       0.000000,-0.000000, 0.010000, 0.000000,
       0.000000,-0.010000,-0.000000, 0.000000,
       0.000000, 0.000000, 0.000000, 1.000000;;
    }
    Frame Armature_mixamorig_Hips {
      FrameTransformMatrix {
         0.992208,-0.055599, 0.111499, 0.000000,
         0.017144, 0.947323, 0.319821, 0.000000,
        -0.123407,-0.315418, 0.940894, 0.000000,
         2.413440,25.796883,-7.495786, 1.000000;;
      }
      Frame Armature_mixamorig_LeftUpLeg {
        FrameTransformMatrix {
          -0.969297, 0.101131,-0.224135, 0.000000,
          -0.118329, 0.607191, 0.785696, 0.000000,
           0.215550, 0.788094,-0.576581, 0.000000,
          10.875100,-4.789501, 1.555902, 1.000000;;
        }
        Frame Armature_mixamorig_LeftLeg {
          FrameTransformMatrix {
             0.933681, 0.009441,-0.357981, 0.000000,
             0.009928,-0.999951,-0.000478, 0.000000,
            -0.357968,-0.003108,-0.933729, 0.000000,
             0.000000,14.866001,-0.000001, 1.000000;;
          }
          Frame Armature_mixamorig_LeftFoot {
            FrameTransformMatrix {
               0.938080,-0.298525, 0.175753, 0.000000,
              -0.134487, 0.153718, 0.978920, 0.000000,
              -0.319248,-0.941941, 0.104052, 0.000000,
              -0.000000, 6.184703,-0.000001, 1.000000;;
            }
            Frame Armature_mixamorig_LeftToeBase {
              FrameTransformMatrix {
                 0.999743,-0.013450, 0.018264, 0.000000,
                -0.002998, 0.719797, 0.694179, 0.000000,
                -0.022483,-0.694055, 0.719571, 0.000000,
                -0.000002,13.216910, 0.000001, 1.000000;;
              }
              Frame Armature_mixamorig_LeftToe_End {
                FrameTransformMatrix {
                   1.000000, 0.000000,-0.000000, 0.000000,
                  -0.000000, 1.000000,-0.000000, 0.000000,
                   0.000000,-0.000000, 1.000000, 0.000000,
                  -0.000001, 5.788505,-0.000001, 1.000000;;
                }
              } // End of Armature_mixamorig_LeftToe_End
            } // End of Armature_mixamorig_LeftToeBase
          } // End of Armature_mixamorig_LeftFoot
        } // End of Armature_mixamorig_LeftLeg
      } // End of Armature_mixamorig_LeftUpLeg
      Frame Armature_mixamorig_RightUpLeg {
        FrameTransformMatrix {
          -0.989065,-0.147033,-0.011439, 0.000000,
           0.104658,-0.754428, 0.647985, 0.000000,
          -0.103905, 0.639702, 0.761567, 0.000000,
          -10.875099,-4.789501, 0.850101, 1.000000;;
        }
        Frame Armature_mixamorig_RightLeg {
          FrameTransformMatrix {
             0.990747,-0.133306, 0.025488, 0.000000,
            -0.085157,-0.756809,-0.648065, 0.000000,
             0.105680, 0.639898,-0.761159, 0.000000,
            -0.000001,18.547503,-0.000000, 1.000000;;
          }
          Frame Armature_mixamorig_RightFoot {
            FrameTransformMatrix {
               0.968637, 0.246033,-0.034782, 0.000000,
               0.239315,-0.886060, 0.397021, 0.000000,
               0.066861,-0.392893,-0.917150, 0.000000,
               0.000001,12.489806,-0.000001, 1.000000;;
            }
            Frame Armature_mixamorig_RightToeBase {
              FrameTransformMatrix {
                 0.914007,-0.127218,-0.385236, 0.000000,
                 0.393089, 0.512605, 0.763359, 0.000000,
                 0.100360,-0.849148, 0.518533, 0.000000,
                -0.000000,13.166505,-0.000000, 1.000000;;
              }
              Frame Armature_mixamorig_RightToe_End {
                FrameTransformMatrix {
                   1.000000,-0.000000, 0.000000, 0.000000,
                   0.000000, 1.000000, 0.000000, 0.000000,
                  -0.000000,-0.000000, 1.000000, 0.000000,
                   0.000000, 6.107003,-0.000000, 1.000000;;
                }
              } // End of Armature_mixamorig_RightToe_End
            } // End of Armature_mixamorig_RightToeBase
          } // End of Armature_mixamorig_RightFoot
        } // End of Armature_mixamorig_RightLeg
      } // End of Armature_mixamorig_RightUpLeg
      Frame Armature_mixamorig_Spine {
        FrameTransformMatrix {
           0.998609, 0.052706,-0.001074, 0.000000,
          -0.052198, 0.991423, 0.119813, 0.000000,
           0.007380,-0.119590, 0.992796, 0.000000,
          -0.000001, 8.576903, 0.088301, 1.000000;;
        }
        Frame Armature_mixamorig_Spine1 {
          FrameTransformMatrix {
             0.989878, 0.100964,-0.099743, 0.000000,
            -0.076472, 0.971480, 0.224451, 0.000000,
             0.119560,-0.214552, 0.969367, 0.000000,
            -0.000000,10.006901, 0.000001, 1.000000;;
          }
          Frame Armature_mixamorig_Spine2 {
            FrameTransformMatrix {
               0.989877, 0.100965,-0.099743, 0.000000,
              -0.076472, 0.971480, 0.224451, 0.000000,
               0.119560,-0.214551, 0.969367, 0.000000,
               0.000000,11.436506,-0.000002, 1.000000;;
            }
            Frame Armature_mixamorig_LeftShoulder {
              FrameTransformMatrix {
                -0.115314, 0.086718,-0.989537, 0.000000,
                 0.895336, 0.440514,-0.065732, 0.000000,
                 0.430204,-0.893548,-0.128439, 0.000000,
                 7.649898,15.424210,-0.027901, 1.000000;;
              }
              Frame Armature_mixamorig_LeftArm {
                FrameTransformMatrix {
                   0.657497, 0.308384,-0.687457, 0.000000,
                   0.676851, 0.159096, 0.718722, 0.000000,
                   0.331014,-0.937863,-0.104125, 0.000000,
                   0.000005,16.032501, 0.000002, 1.000000;;
                }
                Frame Armature_mixamorig_LeftForeArm {
                  FrameTransformMatrix {
                    -0.075155, 0.089775, 0.993122, 0.000000,
                    -0.925426,-0.377220,-0.035933, 0.000000,
                     0.371399,-0.921762, 0.111431, 0.000000,
                    -0.000004,29.518995,-0.000001, 1.000000;;
                  }
                  Frame Armature_mixamorig_LeftHand {
                    FrameTransformMatrix {
                      -0.535084,-0.024641,-0.844440, 0.000000,
                      -0.315982, 0.932859, 0.173002, 0.000000,
                       0.783480, 0.359398,-0.506943, 0.000000,
                      -0.000004,18.002510,-0.000002, 1.000000;;
                    }
                    Frame Armature_mixamorig_LeftHandIndex1 {
                      FrameTransformMatrix {
                         0.891210, 0.424832, 0.158942, 0.000000,
                        -0.451541, 0.797653, 0.399825, 0.000000,
                         0.043078,-0.428097, 0.902706, 0.000000,
                        -0.000004, 9.685098, 0.103503, 1.000000;;
                      }
                      Frame Armature_mixamorig_LeftHandIndex2 {
                        FrameTransformMatrix {
                           0.827455, 0.465150, 0.314569, 0.000000,
                          -0.526774, 0.448972, 0.721757, 0.000000,
                           0.194493,-0.762928, 0.616533, 0.000000,
                           0.593802, 5.291200,-0.000005, 1.000000;;
                        }
                        Frame Armature_mixamorig_LeftHandIndex3 {
                          FrameTransformMatrix {
                             0.998638,-0.052055,-0.003569, 0.000000,
                             0.052054, 0.998644,-0.000385, 0.000000,
                             0.003584, 0.000198, 0.999994, 0.000000,
                            -0.257696, 4.660693,-0.000004, 1.000000;;
                          }
                          Frame Armature_mixamorig_LeftHandIndex4 {
                            FrameTransformMatrix {
                               1.000000, 0.000000, 0.000000, 0.000000,
                              -0.000000, 1.000000, 0.000000, 0.000000,
                              -0.000000,-0.000000, 1.000000, 0.000000,
                              -0.336098, 3.119905,-0.000001, 1.000000;;
                            }
                          } // End of Armature_mixamorig_LeftHandIndex4
                        } // End of Armature_mixamorig_LeftHandIndex3
                      } // End of Armature_mixamorig_LeftHandIndex2
                    } // End of Armature_mixamorig_LeftHandIndex1
                    Frame Armature_mixamorig_LeftHandThumb1 {
                      FrameTransformMatrix {
                         0.632301, 0.774015,-0.033116, 0.000000,
                        -0.754743, 0.625076, 0.199106, 0.000000,
                         0.174811,-0.100901, 0.979418, 0.000000,
                        -3.734807, 4.018995, 0.000006, 1.000000;;
                      }
                      Frame Armature_mixamorig_LeftHandThumb2 {
                        FrameTransformMatrix {
                           0.821512,-0.569404,-0.029954, 0.000000,
                           0.541750, 0.763073, 0.352458, 0.000000,
                          -0.177834,-0.305776, 0.935348, 0.000000,
                           0.608906, 4.346705, 0.000001, 1.000000;;
                        }
                        Frame Armature_mixamorig_LeftHandThumb3 {
                          FrameTransformMatrix {
                             0.881724, 0.471766,-0.000463, 0.000000,
                            -0.471766, 0.881724, 0.000098, 0.000000,
                             0.000454, 0.000132, 1.000000, 0.000000,
                            -1.309704, 4.552698, 0.000001, 1.000000;;
                          }
                          Frame Armature_mixamorig_LeftHandThumb4 {
                            FrameTransformMatrix {
                               1.000000, 0.000000,-0.000000, 0.000000,
                              -0.000000, 1.000000, 0.000000, 0.000000,
                               0.000000,-0.000000, 1.000000, 0.000000,
                               0.700800, 3.269001,-0.000001, 1.000000;;
                            }
                          } // End of Armature_mixamorig_LeftHandThumb4
                        } // End of Armature_mixamorig_LeftHandThumb3
                      } // End of Armature_mixamorig_LeftHandThumb2
                    } // End of Armature_mixamorig_LeftHandThumb1
                  } // End of Armature_mixamorig_LeftHand
                } // End of Armature_mixamorig_LeftForeArm
              } // End of Armature_mixamorig_LeftArm
            } // End of Armature_mixamorig_LeftShoulder
            Frame Armature_mixamorig_Neck {
              FrameTransformMatrix {
                 0.995420,-0.095542,-0.003131, 0.000000,
                 0.095427, 0.995085,-0.026455, 0.000000,
                 0.005643, 0.026035, 0.999645, 0.000000,
                -0.000002,12.866006,-0.000003, 1.000000;;
              }
              Frame Armature_mixamorig_Head {
                FrameTransformMatrix {
                   0.981682,-0.162892, 0.098828, 0.000000,
                   0.190525, 0.837115,-0.512776, 0.000000,
                   0.000797, 0.522212, 0.852815, 0.000000,
                  -0.000000, 9.790702, 0.891209, 1.000000;;
                }
                Frame Armature_mixamorig_HeadTop_End {
                  FrameTransformMatrix {
                     1.000000,-0.000000, 0.000000, 0.000000,
                    -0.000000, 1.000000, 0.000000, 0.000000,
                    -0.000000, 0.000000, 1.000000, 0.000000,
                     0.000000,38.809311, 3.532803, 1.000000;;
                  }
                } // End of Armature_mixamorig_HeadTop_End
              } // End of Armature_mixamorig_Head
            } // End of Armature_mixamorig_Neck
            Frame Armature_mixamorig_RightShoulder {
              FrameTransformMatrix {
                 0.236741, 0.003613, 0.971566, 0.000000,
                -0.897911, 0.382760, 0.217370, 0.000000,
                -0.371092,-0.923841, 0.093859, 0.000000,
                -7.649901,15.424307,-0.024704, 1.000000;;
              }
              Frame Armature_mixamorig_RightArm {
                FrameTransformMatrix {
                   0.458834,-0.194569,-0.866956, 0.000000,
                   0.886002, 0.173630, 0.429947, 0.000000,
                   0.066875,-0.965399, 0.252056, 0.000000,
                  -0.000004,16.032497, 0.000000, 1.000000;;
                }
                Frame Armature_mixamorig_RightForeArm {
                  FrameTransformMatrix {
                    -0.083803,-0.092473,-0.992182, 0.000000,
                     0.950591,-0.306100,-0.051761, 0.000000,
                    -0.298920,-0.947498, 0.113556, 0.000000,
                     0.000003,29.515003, 0.000003, 1.000000;;
                  }
                  Frame Armature_mixamorig_RightHand {
                    FrameTransformMatrix {
                      -0.731118,-0.257655, 0.631728, 0.000000,
                      -0.118810, 0.959882, 0.253991, 0.000000,
                      -0.671826, 0.110642,-0.732399, 0.000000,
                       0.000004,17.998909,-0.000004, 1.000000;;
                    }
                    Frame Armature_mixamorig_RightHandIndex1 {
                      FrameTransformMatrix {
                         0.951016,-0.291596,-0.102667, 0.000000,
                         0.281379, 0.678925, 0.678149, 0.000000,
                        -0.128042,-0.673819, 0.727717, 0.000000,
                        -0.000002,10.367395, 0.072196, 1.000000;;
                      }
                      Frame Armature_mixamorig_RightHandIndex2 {
                        FrameTransformMatrix {
                           0.725250,-0.582263,-0.367398, 0.000000,
                           0.602777, 0.279150, 0.747486, 0.000000,
                          -0.332675,-0.763574, 0.553428, 0.000000,
                           0.220802, 5.278703,-0.000003, 1.000000;;
                        }
                        Frame Armature_mixamorig_RightHandIndex3 {
                          FrameTransformMatrix {
                             0.993781,-0.111123,-0.007209, 0.000000,
                             0.111121, 0.993807,-0.000714, 0.000000,
                             0.007244,-0.000091, 0.999974, 0.000000,
                             0.056103, 4.373290,-0.000004, 1.000000;;
                          }
                          Frame Armature_mixamorig_RightHandIndex4 {
                            FrameTransformMatrix {
                               1.000000,-0.000000, 0.000000, 0.000000,
                               0.000000, 1.000000, 0.000000, 0.000000,
                               0.000000,-0.000000, 1.000000, 0.000000,
                              -0.276896, 2.801300, 0.000001, 1.000000;;
                            }
                          } // End of Armature_mixamorig_RightHandIndex4
                        } // End of Armature_mixamorig_RightHandIndex3
                      } // End of Armature_mixamorig_RightHandIndex2
                    } // End of Armature_mixamorig_RightHandIndex1
                    Frame Armature_mixamorig_RightHandThumb1 {
                      FrameTransformMatrix {
                         0.612176,-0.790379,-0.023283, 0.000000,
                         0.759203, 0.579288, 0.296710, 0.000000,
                        -0.221025,-0.199315, 0.954684, 0.000000,
                         3.870498, 3.727994,-0.000002, 1.000000;;
                      }
                      Frame Armature_mixamorig_RightHandThumb2 {
                        FrameTransformMatrix {
                           0.797532, 0.597307, 0.084661, 0.000000,
                          -0.600133, 0.799833, 0.010395, 0.000000,
                          -0.061505,-0.059098, 0.996356, 0.000000,
                          -0.775101, 4.228702,-0.000005, 1.000000;;
                        }
                        Frame Armature_mixamorig_RightHandThumb3 {
                          FrameTransformMatrix {
                             0.923396,-0.383848,-0.000993, 0.000000,
                             0.383848, 0.923396,-0.000137, 0.000000,
                             0.000970,-0.000255, 0.999999, 0.000000,
                             1.262101, 4.811297, 0.000001, 1.000000;;
                          }
                          Frame Armature_mixamorig_RightHandThumb4 {
                            FrameTransformMatrix {
                               1.000000, 0.000000,-0.000000, 0.000000,
                              -0.000000, 1.000000,-0.000000, 0.000000,
                               0.000000, 0.000000, 1.000000, 0.000000,
                              -0.486904, 3.520806,-0.000001, 1.000000;;
                            }
                          } // End of Armature_mixamorig_RightHandThumb4
                        } // End of Armature_mixamorig_RightHandThumb3
                      } // End of Armature_mixamorig_RightHandThumb2
                    } // End of Armature_mixamorig_RightHandThumb1
                  } // End of Armature_mixamorig_RightHand
                } // End of Armature_mixamorig_RightForeArm
              } // End of Armature_mixamorig_RightArm
            } // End of Armature_mixamorig_RightShoulder
          } // End of Armature_mixamorig_Spine2
        } // End of Armature_mixamorig_Spine1
      } // End of Armature_mixamorig_Spine
    } // End of Armature_mixamorig_Hips
  } // End of Armature
} // End of Root
AnimationSet Global {
  Animation {
    {Armature}
    AnimationKey { // Rotation
      0;
      71;
      0;4;-0.707107, 0.707107, 0.000000, 0.000000;;,
      1;4;-0.707107, 0.707107, 0.000000, 0.000000;;,
      2;4;-0.707107, 0.707107, 0.000000, 0.000000;;,
      3;4;-0.707107, 0.707107, 0.000000, 0.000000;;,
      4;4;-0.707107, 0.707107, 0.000000, 0.000000;;,
      5;4;-0.707107, 0.707107, 0.000000, 0.000000;;,
      6;4;-0.707107, 0.707107, 0.000000, 0.000000;;,
      7;4;-0.707107, 0.707107, 0.000000, 0.000000;;,
      8;4;-0.707107, 0.707107, 0.000000, 0.000000;;,
      9;4;-0.707107, 0.707107, 0.000000, 0.000000;;,
      10;4;-0.707107, 0.707107, 0.000000, 0.000000;;,
      11;4;-0.707107, 0.707107, 0.000000, 0.000000;;,
      12;4;-0.707107, 0.707107, 0.000000, 0.000000;;,
      13;4;-0.707107, 0.707107, 0.000000, 0.000000;;,
      14;4;-0.707107, 0.707107, 0.000000, 0.000000;;,
      15;4;-0.707107, 0.707107, 0.000000, 0.000000;;,
      16;4;-0.707107, 0.707107, 0.000000, 0.000000;;,
      17;4;-0.707107, 0.707107, 0.000000, 0.000000;;,
      18;4;-0.707107, 0.707107, 0.000000, 0.000000;;,
      19;4;-0.707107, 0.707107, 0.000000, 0.000000;;,
      20;4;-0.707107, 0.707107, 0.000000, 0.000000;;,
      21;4;-0.707107, 0.707107, 0.000000, 0.000000;;,
      22;4;-0.707107, 0.707107, 0.000000, 0.000000;;,
      23;4;-0.707107, 0.707107, 0.000000, 0.000000;;,
      24;4;-0.707107, 0.707107, 0.000000, 0.000000;;,
      25;4;-0.707107, 0.707107, 0.000000, 0.000000;;,
      26;4;-0.707107, 0.707107, 0.000000, 0.000000;;,
      27;4;-0.707107, 0.707107, 0.000000, 0.000000;;,
      28;4;-0.707107, 0.707107, 0.000000, 0.000000;;,
      29;4;-0.707107, 0.707107, 0.000000, 0.000000;;,
      30;4;-0.707107, 0.707107, 0.000000, 0.000000;;,
      31;4;-0.707107, 0.707107, 0.000000, 0.000000;;,
      32;4;-0.707107, 0.707107, 0.000000, 0.000000;;,
      33;4;-0.707107, 0.707107, 0.000000, 0.000000;;,
      34;4;-0.707107, 0.707107, 0.000000, 0.000000;;,
      35;4;-0.707107, 0.707107, 0.000000, 0.000000;;,
      36;4;-0.707107, 0.707107, 0.000000, 0.000000;;,
      37;4;-0.707107, 0.707107, 0.000000, 0.000000;;,
      38;4;-0.707107, 0.707107, 0.000000, 0.000000;;,
      39;4;-0.707107, 0.707107, 0.000000, 0.000000;;,
      40;4;-0.707107, 0.707107, 0.000000, 0.000000;;,
      41;4;-0.707107, 0.707107, 0.000000, 0.000000;;,
      42;4;-0.707107, 0.707107, 0.000000, 0.000000;;,
      43;4;-0.707107, 0.707107, 0.000000, 0.000000;;,
      44;4;-0.707107, 0.707107, 0.000000, 0.000000;;,
      45;4;-0.707107, 0.707107, 0.000000, 0.000000;;,
      46;4;-0.707107, 0.707107, 0.000000, 0.000000;;,
      47;4;-0.707107, 0.707107, 0.000000, 0.000000;;,
      48;4;-0.707107, 0.707107, 0.000000, 0.000000;;,
      49;4;-0.707107, 0.707107, 0.000000, 0.000000;;,
      50;4;-0.707107, 0.707107, 0.000000, 0.000000;;,
      51;4;-0.707107, 0.707107, 0.000000, 0.000000;;,
      52;4;-0.707107, 0.707107, 0.000000, 0.000000;;,
      53;4;-0.707107, 0.707107, 0.000000, 0.000000;;,
      54;4;-0.707107, 0.707107, 0.000000, 0.000000;;,
      55;4;-0.707107, 0.707107, 0.000000, 0.000000;;,
      56;4;-0.707107, 0.707107, 0.000000, 0.000000;;,
      57;4;-0.707107, 0.707107, 0.000000, 0.000000;;,
      58;4;-0.707107, 0.707107, 0.000000, 0.000000;;,
      59;4;-0.707107, 0.707107, 0.000000, 0.000000;;,
      60;4;-0.707107, 0.707107, 0.000000, 0.000000;;,
      61;4;-0.707107, 0.707107, 0.000000, 0.000000;;,
      62;4;-0.707107, 0.707107, 0.000000, 0.000000;;,
      63;4;-0.707107, 0.707107, 0.000000, 0.000000;;,
      64;4;-0.707107, 0.707107, 0.000000, 0.000000;;,
      65;4;-0.707107, 0.707107, 0.000000, 0.000000;;,
      66;4;-0.707107, 0.707107, 0.000000, 0.000000;;,
      67;4;-0.707107, 0.707107, 0.000000, 0.000000;;,
      68;4;-0.707107, 0.707107, 0.000000, 0.000000;;,
      69;4;-0.707107, 0.707107, 0.000000, 0.000000;;,
      70;4;-0.707107, 0.707107, 0.000000, 0.000000;;;
    }
    AnimationKey { // Scale
      1;
      71;
      0;3; 0.010000, 0.010000, 0.010000;;,
      1;3; 0.010000, 0.010000, 0.010000;;,
      2;3; 0.010000, 0.010000, 0.010000;;,
      3;3; 0.010000, 0.010000, 0.010000;;,
      4;3; 0.010000, 0.010000, 0.010000;;,
      5;3; 0.010000, 0.010000, 0.010000;;,
      6;3; 0.010000, 0.010000, 0.010000;;,
      7;3; 0.010000, 0.010000, 0.010000;;,
      8;3; 0.010000, 0.010000, 0.010000;;,
      9;3; 0.010000, 0.010000, 0.010000;;,
      10;3; 0.010000, 0.010000, 0.010000;;,
      11;3; 0.010000, 0.010000, 0.010000;;,
      12;3; 0.010000, 0.010000, 0.010000;;,
      13;3; 0.010000, 0.010000, 0.010000;;,
      14;3; 0.010000, 0.010000, 0.010000;;,
      15;3; 0.010000, 0.010000, 0.010000;;,
      16;3; 0.010000, 0.010000, 0.010000;;,
      17;3; 0.010000, 0.010000, 0.010000;;,
      18;3; 0.010000, 0.010000, 0.010000;;,
      19;3; 0.010000, 0.010000, 0.010000;;,
      20;3; 0.010000, 0.010000, 0.010000;;,
      21;3; 0.010000, 0.010000, 0.010000;;,
      22;3; 0.010000, 0.010000, 0.010000;;,
      23;3; 0.010000, 0.010000, 0.010000;;,
      24;3; 0.010000, 0.010000, 0.010000;;,
      25;3; 0.010000, 0.010000, 0.010000;;,
      26;3; 0.010000, 0.010000, 0.010000;;,
      27;3; 0.010000, 0.010000, 0.010000;;,
      28;3; 0.010000, 0.010000, 0.010000;;,
      29;3; 0.010000, 0.010000, 0.010000;;,
      30;3; 0.010000, 0.010000, 0.010000;;,
      31;3; 0.010000, 0.010000, 0.010000;;,
      32;3; 0.010000, 0.010000, 0.010000;;,
      33;3; 0.010000, 0.010000, 0.010000;;,
      34;3; 0.010000, 0.010000, 0.010000;;,
      35;3; 0.010000, 0.010000, 0.010000;;,
      36;3; 0.010000, 0.010000, 0.010000;;,
      37;3; 0.010000, 0.010000, 0.010000;;,
      38;3; 0.010000, 0.010000, 0.010000;;,
      39;3; 0.010000, 0.010000, 0.010000;;,
      40;3; 0.010000, 0.010000, 0.010000;;,
      41;3; 0.010000, 0.010000, 0.010000;;,
      42;3; 0.010000, 0.010000, 0.010000;;,
      43;3; 0.010000, 0.010000, 0.010000;;,
      44;3; 0.010000, 0.010000, 0.010000;;,
      45;3; 0.010000, 0.010000, 0.010000;;,
      46;3; 0.010000, 0.010000, 0.010000;;,
      47;3; 0.010000, 0.010000, 0.010000;;,
      48;3; 0.010000, 0.010000, 0.010000;;,
      49;3; 0.010000, 0.010000, 0.010000;;,
      50;3; 0.010000, 0.010000, 0.010000;;,
      51;3; 0.010000, 0.010000, 0.010000;;,
      52;3; 0.010000, 0.010000, 0.010000;;,
      53;3; 0.010000, 0.010000, 0.010000;;,
      54;3; 0.010000, 0.010000, 0.010000;;,
      55;3; 0.010000, 0.010000, 0.010000;;,
      56;3; 0.010000, 0.010000, 0.010000;;,
      57;3; 0.010000, 0.010000, 0.010000;;,
      58;3; 0.010000, 0.010000, 0.010000;;,
      59;3; 0.010000, 0.010000, 0.010000;;,
      60;3; 0.010000, 0.010000, 0.010000;;,
      61;3; 0.010000, 0.010000, 0.010000;;,
      62;3; 0.010000, 0.010000, 0.010000;;,
      63;3; 0.010000, 0.010000, 0.010000;;,
      64;3; 0.010000, 0.010000, 0.010000;;,
      65;3; 0.010000, 0.010000, 0.010000;;,
      66;3; 0.010000, 0.010000, 0.010000;;,
      67;3; 0.010000, 0.010000, 0.010000;;,
      68;3; 0.010000, 0.010000, 0.010000;;,
      69;3; 0.010000, 0.010000, 0.010000;;,
      70;3; 0.010000, 0.010000, 0.010000;;;
    }
    AnimationKey { // Position
      2;
      71;
      0;3; 0.000000, 0.000000, 0.000000;;,
      1;3; 0.000000, 0.000000, 0.000000;;,
      2;3; 0.000000, 0.000000, 0.000000;;,
      3;3; 0.000000, 0.000000, 0.000000;;,
      4;3; 0.000000, 0.000000, 0.000000;;,
      5;3; 0.000000, 0.000000, 0.000000;;,
      6;3; 0.000000, 0.000000, 0.000000;;,
      7;3; 0.000000, 0.000000, 0.000000;;,
      8;3; 0.000000, 0.000000, 0.000000;;,
      9;3; 0.000000, 0.000000, 0.000000;;,
      10;3; 0.000000, 0.000000, 0.000000;;,
      11;3; 0.000000, 0.000000, 0.000000;;,
      12;3; 0.000000, 0.000000, 0.000000;;,
      13;3; 0.000000, 0.000000, 0.000000;;,
      14;3; 0.000000, 0.000000, 0.000000;;,
      15;3; 0.000000, 0.000000, 0.000000;;,
      16;3; 0.000000, 0.000000, 0.000000;;,
      17;3; 0.000000, 0.000000, 0.000000;;,
      18;3; 0.000000, 0.000000, 0.000000;;,
      19;3; 0.000000, 0.000000, 0.000000;;,
      20;3; 0.000000, 0.000000, 0.000000;;,
      21;3; 0.000000, 0.000000, 0.000000;;,
      22;3; 0.000000, 0.000000, 0.000000;;,
      23;3; 0.000000, 0.000000, 0.000000;;,
      24;3; 0.000000, 0.000000, 0.000000;;,
      25;3; 0.000000, 0.000000, 0.000000;;,
      26;3; 0.000000, 0.000000, 0.000000;;,
      27;3; 0.000000, 0.000000, 0.000000;;,
      28;3; 0.000000, 0.000000, 0.000000;;,
      29;3; 0.000000, 0.000000, 0.000000;;,
      30;3; 0.000000, 0.000000, 0.000000;;,
      31;3; 0.000000, 0.000000, 0.000000;;,
      32;3; 0.000000, 0.000000, 0.000000;;,
      33;3; 0.000000, 0.000000, 0.000000;;,
      34;3; 0.000000, 0.000000, 0.000000;;,
      35;3; 0.000000, 0.000000, 0.000000;;,
      36;3; 0.000000, 0.000000, 0.000000;;,
      37;3; 0.000000, 0.000000, 0.000000;;,
      38;3; 0.000000, 0.000000, 0.000000;;,
      39;3; 0.000000, 0.000000, 0.000000;;,
      40;3; 0.000000, 0.000000, 0.000000;;,
      41;3; 0.000000, 0.000000, 0.000000;;,
      42;3; 0.000000, 0.000000, 0.000000;;,
      43;3; 0.000000, 0.000000, 0.000000;;,
      44;3; 0.000000, 0.000000, 0.000000;;,
      45;3; 0.000000, 0.000000, 0.000000;;,
      46;3; 0.000000, 0.000000, 0.000000;;,
      47;3; 0.000000, 0.000000, 0.000000;;,
      48;3; 0.000000, 0.000000, 0.000000;;,
      49;3; 0.000000, 0.000000, 0.000000;;,
      50;3; 0.000000, 0.000000, 0.000000;;,
      51;3; 0.000000, 0.000000, 0.000000;;,
      52;3; 0.000000, 0.000000, 0.000000;;,
      53;3; 0.000000, 0.000000, 0.000000;;,
      54;3; 0.000000, 0.000000, 0.000000;;,
      55;3; 0.000000, 0.000000, 0.000000;;,
      56;3; 0.000000, 0.000000, 0.000000;;,
      57;3; 0.000000, 0.000000, 0.000000;;,
      58;3; 0.000000, 0.000000, 0.000000;;,
      59;3; 0.000000, 0.000000, 0.000000;;,
      60;3; 0.000000, 0.000000, 0.000000;;,
      61;3; 0.000000, 0.000000, 0.000000;;,
      62;3; 0.000000, 0.000000, 0.000000;;,
      63;3; 0.000000, 0.000000, 0.000000;;,
      64;3; 0.000000, 0.000000, 0.000000;;,
      65;3; 0.000000, 0.000000, 0.000000;;,
      66;3; 0.000000, 0.000000, 0.000000;;,
      67;3; 0.000000, 0.000000, 0.000000;;,
      68;3; 0.000000, 0.000000, 0.000000;;,
      69;3; 0.000000, 0.000000, 0.000000;;,
      70;3; 0.000000, 0.000000, 0.000000;;;
    }
  }
  Animation {
    {Armature_mixamorig_Hips}
    AnimationKey { // Rotation
      0;
      71;
      0;4;-0.984940, 0.161238,-0.059624,-0.018464;;,
      1;4;-0.980119, 0.188947,-0.059345,-0.011990;;,
      2;4;-0.972545, 0.219694,-0.069628,-0.032297;;,
      3;4;-0.963331, 0.252810,-0.066292,-0.060706;;,
      4;4;-0.952885, 0.286905,-0.055414,-0.081389;;,
      5;4;-0.942583, 0.320887,-0.043344,-0.081790;;,
      6;4;-0.930324, 0.355898,-0.031620,-0.082674;;,
      7;4;-0.915013, 0.391015,-0.026660,-0.095645;;,
      8;4;-0.895831, 0.427740,-0.010656,-0.120049;;,
      9;4;-0.874167, 0.464558, 0.008289,-0.141244;;,
      10;4;-0.850956, 0.500289, 0.022866,-0.158309;;,
      11;4;-0.827053, 0.534790, 0.032221,-0.170131;;,
      12;4;-0.802314, 0.568388, 0.037441,-0.178399;;,
      13;4;-0.776868, 0.601004, 0.039754,-0.183549;;,
      14;4;-0.751641, 0.629444, 0.040076,-0.192952;;,
      15;4;-0.726485, 0.657217, 0.044381,-0.195742;;,
      16;4;-0.700251, 0.688891, 0.058792,-0.177822;;,
      17;4;-0.673686, 0.717936, 0.076119,-0.157861;;,
      18;4;-0.647871, 0.743949, 0.096860,-0.131989;;,
      19;4;-0.622720, 0.764954, 0.120239,-0.112284;;,
      20;4;-0.599252, 0.781748, 0.144320,-0.094543;;,
      21;4;-0.577127, 0.795956, 0.169064,-0.069248;;,
      22;4;-0.554856, 0.807841, 0.194815,-0.039688;;,
      23;4;-0.531433, 0.817629, 0.221367,-0.007731;;,
      24;4;-0.506306, 0.825676, 0.247613, 0.024514;;,
      25;4;-0.479650, 0.832698, 0.271404, 0.053758;;,
      26;4;-0.450096, 0.839357, 0.293225, 0.083137;;,
      27;4;-0.415108, 0.846765, 0.312982, 0.112765;;,
      28;4;-0.373427, 0.854684, 0.331399, 0.142275;;,
      29;4;-0.329235, 0.861961, 0.342827, 0.176344;;,
      30;4;-0.282636, 0.867543, 0.348764, 0.214125;;,
      31;4;-0.235313, 0.869373, 0.354010, 0.251984;;,
      32;4;-0.184114, 0.869901, 0.354103, 0.289802;;,
      33;4;-0.126456, 0.869689, 0.346636, 0.327861;;,
      34;4;-0.056072, 0.867305, 0.329549, 0.368829;;,
      35;4; 0.026212, 0.860698, 0.302940, 0.408337;;,
      36;4; 0.115851, 0.844717, 0.269952, 0.447390;;,
      37;4; 0.210376, 0.821370, 0.228993, 0.478179;;,
      38;4; 0.303030, 0.787262, 0.185624, 0.503919;;,
      39;4; 0.386987, 0.749776, 0.143966, 0.517060;;,
      40;4; 0.469582, 0.700155, 0.095290, 0.529336;;,
      41;4; 0.540639, 0.649221, 0.047971, 0.532842;;,
      42;4; 0.602804, 0.595143,-0.005446, 0.531416;;,
      43;4; 0.655982, 0.540374,-0.067660, 0.522595;;,
      44;4; 0.702985, 0.484226,-0.137737, 0.502360;;,
      45;4; 0.741207, 0.428747,-0.206100, 0.473615;;,
      46;4; 0.770406, 0.374913,-0.263885, 0.443034;;,
      47;4; 0.792571, 0.318524,-0.320728, 0.409276;;,
      48;4; 0.807925, 0.258283,-0.377910, 0.371122;;,
      49;4; 0.815985, 0.197919,-0.430017, 0.331785;;,
      50;4; 0.817851, 0.142088,-0.474391, 0.293061;;,
      51;4; 0.817056, 0.097494,-0.507307, 0.256035;;,
      52;4; 0.816189, 0.064321,-0.528650, 0.224117;;,
      53;4; 0.817030, 0.041630,-0.539573, 0.198973;;,
      54;4; 0.822257, 0.025053,-0.540837, 0.175386;;,
      55;4; 0.832029, 0.012521,-0.532992, 0.153268;;,
      56;4; 0.846070, 0.000962,-0.516578, 0.131578;;,
      57;4; 0.861653,-0.009406,-0.494822, 0.112324;;,
      58;4; 0.876630,-0.019073,-0.470986, 0.096581;;,
      59;4; 0.890101,-0.029448,-0.447240, 0.082634;;,
      60;4; 0.903328,-0.041589,-0.421467, 0.068085;;,
      61;4; 0.916382,-0.055246,-0.393079, 0.051783;;,
      62;4; 0.930939,-0.070563,-0.356666, 0.034097;;,
      63;4; 0.946918,-0.086859,-0.309120, 0.015675;;,
      64;4; 0.961568,-0.102327,-0.254750,-0.004374;;,
      65;4; 0.973049,-0.113512,-0.200361,-0.012123;;,
      66;4; 0.983359,-0.122608,-0.134046,-0.001843;;,
      67;4; 0.989001,-0.133193,-0.063816, 0.008056;;,
      68;4; 0.989210,-0.145505,-0.002495, 0.016873;;,
      69;4; 0.985793,-0.158982, 0.050810, 0.018876;;,
      70;4; 0.979923,-0.171108, 0.102083, 0.007151;;;
    }
    AnimationKey { // Scale
      1;
      71;
      0;3; 1.000000, 1.000000, 1.000000;;,
      1;3; 1.000000, 1.000000, 1.000000;;,
      2;3; 1.000000, 1.000000, 1.000000;;,
      3;3; 1.000000, 1.000000, 1.000000;;,
      4;3; 1.000000, 1.000000, 1.000000;;,
      5;3; 1.000000, 1.000000, 1.000000;;,
      6;3; 1.000000, 1.000000, 1.000000;;,
      7;3; 1.000000, 1.000000, 1.000000;;,
      8;3; 1.000000, 1.000000, 1.000000;;,
      9;3; 1.000000, 1.000000, 1.000000;;,
      10;3; 1.000000, 1.000000, 1.000000;;,
      11;3; 1.000000, 1.000000, 1.000000;;,
      12;3; 1.000000, 1.000000, 1.000000;;,
      13;3; 1.000000, 1.000000, 1.000000;;,
      14;3; 1.000000, 1.000000, 1.000000;;,
      15;3; 1.000000, 1.000000, 1.000000;;,
      16;3; 1.000000, 1.000000, 1.000000;;,
      17;3; 1.000000, 1.000000, 1.000000;;,
      18;3; 1.000000, 1.000000, 1.000000;;,
      19;3; 1.000000, 1.000000, 1.000000;;,
      20;3; 1.000000, 1.000000, 1.000000;;,
      21;3; 1.000000, 1.000000, 1.000000;;,
      22;3; 1.000000, 1.000000, 1.000000;;,
      23;3; 1.000000, 1.000000, 1.000000;;,
      24;3; 1.000000, 1.000000, 1.000000;;,
      25;3; 1.000000, 1.000000, 1.000000;;,
      26;3; 1.000000, 1.000000, 1.000000;;,
      27;3; 1.000000, 1.000000, 1.000000;;,
      28;3; 1.000000, 1.000000, 1.000000;;,
      29;3; 1.000000, 1.000000, 1.000000;;,
      30;3; 1.000000, 1.000000, 1.000000;;,
      31;3; 1.000000, 1.000000, 1.000000;;,
      32;3; 1.000000, 1.000000, 1.000000;;,
      33;3; 1.000000, 1.000000, 1.000000;;,
      34;3; 1.000000, 1.000000, 1.000000;;,
      35;3; 1.000000, 1.000000, 1.000000;;,
      36;3; 1.000000, 1.000000, 1.000000;;,
      37;3; 1.000000, 1.000000, 1.000000;;,
      38;3; 1.000000, 1.000000, 1.000000;;,
      39;3; 1.000000, 1.000000, 1.000000;;,
      40;3; 1.000000, 1.000000, 1.000000;;,
      41;3; 1.000000, 1.000000, 1.000000;;,
      42;3; 1.000000, 1.000000, 1.000000;;,
      43;3; 1.000000, 1.000000, 1.000000;;,
      44;3; 1.000000, 1.000000, 1.000000;;,
      45;3; 1.000000, 1.000000, 1.000000;;,
      46;3; 1.000000, 1.000000, 1.000000;;,
      47;3; 1.000000, 1.000000, 1.000000;;,
      48;3; 1.000000, 1.000000, 1.000000;;,
      49;3; 1.000000, 1.000000, 1.000000;;,
      50;3; 1.000000, 1.000000, 1.000000;;,
      51;3; 1.000000, 1.000000, 1.000000;;,
      52;3; 1.000000, 1.000000, 1.000000;;,
      53;3; 1.000000, 1.000000, 1.000000;;,
      54;3; 1.000000, 1.000000, 1.000000;;,
      55;3; 1.000000, 1.000000, 1.000000;;,
      56;3; 1.000000, 1.000000, 1.000000;;,
      57;3; 1.000000, 1.000000, 1.000000;;,
      58;3; 1.000000, 1.000000, 1.000000;;,
      59;3; 1.000000, 1.000000, 1.000000;;,
      60;3; 1.000000, 1.000000, 1.000000;;,
      61;3; 1.000000, 1.000000, 1.000000;;,
      62;3; 1.000000, 1.000000, 1.000000;;,
      63;3; 1.000000, 1.000000, 1.000000;;,
      64;3; 1.000000, 1.000000, 1.000000;;,
      65;3; 1.000000, 1.000000, 1.000000;;,
      66;3; 1.000000, 1.000000, 1.000000;;,
      67;3; 1.000000, 1.000000, 1.000000;;,
      68;3; 1.000000, 1.000000, 1.000000;;,
      69;3; 1.000000, 1.000000, 1.000000;;,
      70;3; 1.000000, 1.000000, 1.000000;;;
    }
    AnimationKey { // Position
      2;
      71;
      0;3; 2.413440,25.796883,-7.495786;;,
      1;3; 2.304822,28.173481,-7.836118;;,
      2;3; 2.095813,28.096485,-6.303367;;,
      3;3; 2.335655,27.697725,-5.076118;;,
      4;3; 2.451016,28.209686,-3.513922;;,
      5;3; 1.797585,26.168938,-4.926038;;,
      6;3; 0.800341,23.988682,-4.990341;;,
      7;3; 0.043141,21.801060,-2.795604;;,
      8;3; 0.277172,21.085735,-0.351855;;,
      9;3; 0.759608,21.142910, 1.123117;;,
      10;3; 1.090143,20.974615, 2.154671;;,
      11;3; 1.206166,20.511604, 3.193522;;,
      12;3; 1.240096,19.726299, 4.489409;;,
      13;3; 1.230173,18.308319, 6.034110;;,
      14;3; 1.539218,18.115213, 6.722594;;,
      15;3; 1.781049,18.394669, 6.889099;;,
      16;3; 1.558659,18.395563, 6.856977;;,
      17;3; 1.797060,20.892628, 7.263205;;,
      18;3; 2.065880,22.432896, 7.878673;;,
      19;3; 2.478447,24.238596, 9.091151;;,
      20;3; 3.078034,25.770914,10.703596;;,
      21;3; 3.195278,26.011658,11.221455;;,
      22;3; 3.128343,25.760788,10.985083;;,
      23;3; 3.154853,25.551302,10.291695;;,
      24;3; 3.292662,25.643715, 9.337446;;,
      25;3; 3.481334,26.433352, 9.355070;;,
      26;3; 3.692109,27.158707, 9.460424;;,
      27;3; 3.844681,28.065189, 9.917427;;,
      28;3; 3.782892,29.275400,10.999387;;,
      29;3; 4.033772,30.246223,12.431110;;,
      30;3; 4.480858,30.961498,14.184221;;,
      31;3; 4.689978,31.324024,16.431894;;,
      32;3; 4.681222,31.068773,18.818865;;,
      33;3; 4.426501,30.091600,21.030064;;,
      34;3; 4.337210,29.397326,22.539589;;,
      35;3; 4.094135,28.574898,23.683218;;,
      36;3; 3.281765,27.173214,24.462996;;,
      37;3; 2.349045,25.552614,25.258167;;,
      38;3; 1.320046,23.419821,26.560686;;,
      39;3; 0.335825,20.596104,28.499727;;,
      40;3;-0.519385,17.552202,30.873234;;,
      41;3;-1.739419,14.598171,32.665180;;,
      42;3;-2.946880,12.533909,33.798340;;,
      43;3;-4.346699,12.044468,34.618786;;,
      44;3;-5.600970,12.220491,34.955471;;,
      45;3;-6.463190,12.389973,34.420341;;,
      46;3;-7.243025,11.530281,32.428795;;,
      47;3;-7.929235,10.708450,30.027695;;,
      48;3;-8.135118,10.216169,28.139158;;,
      49;3;-7.900147,10.153362,27.029167;;,
      50;3;-7.303338,10.171688,26.618990;;,
      51;3;-6.640293,10.159428,26.724518;;,
      52;3;-6.507948,10.419743,26.067707;;,
      53;3;-7.258299,11.047752,23.684860;;,
      54;3;-7.734890,11.626305,20.862078;;,
      55;3;-8.066985,12.300468,17.797970;;,
      56;3;-8.304857,13.202965,15.522237;;,
      57;3;-8.517562,14.322411,13.551710;;,
      58;3;-8.470313,15.534437,11.986745;;,
      59;3;-7.818766,16.969013,10.363553;;,
      60;3;-6.663255,18.593971, 8.783918;;,
      61;3;-5.227850,20.317574, 7.284843;;,
      62;3;-3.908371,22.015728, 5.767278;;,
      63;3;-2.756654,23.446709, 4.165973;;,
      64;3;-1.908113,24.226038, 2.344257;;,
      65;3;-1.964775,23.804146,-0.060564;;,
      66;3;-1.703592,22.793652,-2.050318;;,
      67;3;-0.859767,22.605055,-3.784196;;,
      68;3; 0.297885,23.351137,-5.545918;;,
      69;3; 1.537697,25.336006,-6.762970;;,
      70;3; 1.251842,28.924681,-7.498584;;;
    }
  }
  Animation {
    {Armature_mixamorig_Spine}
    AnimationKey { // Rotation
      0;
      71;
      0;4;-0.997851, 0.059980, 0.002118, 0.026283;;,
      1;4;-0.998212, 0.058216,-0.011687,-0.006902;;,
      2;4;-0.998336, 0.055015,-0.004801,-0.016619;;,
      3;4;-0.998580, 0.051053,-0.003808,-0.014708;;,
      4;4;-0.998709, 0.047505,-0.007589,-0.016295;;,
      5;4;-0.998263, 0.044854,-0.016513,-0.034436;;,
      6;4;-0.997573, 0.042327,-0.024764,-0.049435;;,
      7;4;-0.997571, 0.039491,-0.021916,-0.053034;;,
      8;4;-0.998310, 0.036435,-0.023851,-0.038485;;,
      9;4;-0.998743, 0.033051,-0.029838,-0.023005;;,
      10;4;-0.998913, 0.029203,-0.034510,-0.011340;;,
      11;4;-0.998925, 0.024763,-0.038741,-0.005920;;,
      12;4;-0.998871, 0.020099,-0.042771,-0.004872;;,
      13;4;-0.998722, 0.015533,-0.047507,-0.007502;;,
      14;4;-0.998739, 0.011537,-0.047914,-0.009572;;,
      15;4;-0.998737, 0.008285,-0.047901,-0.012678;;,
      16;4;-0.998501, 0.005870,-0.051137,-0.018592;;,
      17;4;-0.998556, 0.004200,-0.049760,-0.019829;;,
      18;4;-0.998487, 0.003177,-0.051791,-0.018213;;,
      19;4;-0.998770, 0.002980,-0.048295,-0.010807;;,
      20;4;-0.999106, 0.003616,-0.042041,-0.002760;;,
      21;4;-0.999126, 0.005207,-0.041480,-0.000052;;,
      22;4;-0.998971, 0.007014,-0.044802, 0.000610;;,
      23;4;-0.998670, 0.008536,-0.050849, 0.000796;;,
      24;4;-0.998307, 0.009419,-0.057381, 0.001499;;,
      25;4;-0.998125, 0.009931,-0.060334, 0.002728;;,
      26;4;-0.997967, 0.010457,-0.062776, 0.003348;;,
      27;4;-0.997861, 0.011599,-0.064287, 0.002387;;,
      28;4;-0.997819, 0.013849,-0.064535, 0.000440;;,
      29;4;-0.997797, 0.017485,-0.063845,-0.004452;;,
