xof 0303txt 0032

Frame Root {
  FrameTransformMatrix {
     1.000000, 0.000000, 0.000000, 0.000000,
     0.000000,-0.000000,-1.000000, 0.000000,
     0.000000, 1.000000,-0.000000, 0.000000,
     0.000000, 0.000000, 0.000000, 1.000000;;
  }
  Frame Armature {
    FrameTransformMatrix {
       0.010000, 0.000000, 0.000000, 0.000000,
       0.000000, 0.010000, 0.000000, 0.000000,
       0.000000, 0.000000, 0.010000, 0.000000,
       0.000000, 0.000000, 0.000000, 1.000000;;
    }
    Frame Armature_Body {
      FrameTransformMatrix {
        -0.000000,-0.104192, 0.994557, 0.000000,
        -0.000000,-0.994557,-0.104192, 0.000000,
         0.999989, 0.000001, 0.000000, 0.000000,
         0.000000,56.922386,13.463865, 1.000000;;
      }
      Frame Armature_Spine01 {
        FrameTransformMatrix {
           0.982884,-0.184227, 0.000000, 0.000000,
           0.184227, 0.982884, 0.000000, 0.000000,
          -0.000000, 0.000000, 1.000000, 0.000000,
          -0.146941,29.933632, 0.000000, 1.000000;;
        }
        Frame Armature_Shell {
          FrameTransformMatrix {
            -0.089122, 0.996021,-0.000001, 0.000000,
             0.996021, 0.089122,-0.000000, 0.000000,
            -0.000000,-0.000001,-1.000000, 0.000000,
            37.512909,14.992228,-0.000006, 1.000000;;
          }
          Frame Armature_HornL01 {
            FrameTransformMatrix {
              -0.999983,-0.003934,-0.004219, 0.000000,
               0.000079, 0.721943,-0.691953, 0.000000,
               0.005768,-0.691942,-0.721930, 0.000000,
               1.772913,22.098843,-21.630371, 1.000000;;
            }
            Frame Armature_HornLTip01 {
              FrameTransformMatrix {
                 0.999981,-0.006097,-0.000000, 0.000000,
                 0.004219, 0.691953, 0.721931, 0.000000,
                -0.004401,-0.721917, 0.691966, 0.000000,
                 0.000000,26.061651,-0.000006, 1.000000;;
              }
            } // End of Armature_HornLTip01
          } // End of Armature_HornL01
          Frame Armature_HornL02 {
            FrameTransformMatrix {
              -0.863740, 0.261626,-0.430703, 0.000000,
               0.503888, 0.460365,-0.730863, 0.000000,
               0.007067,-0.848302,-0.529466, 0.000000,
              24.946095, 5.954981,-32.448830, 1.000000;;
            }
            Frame Armature_HornLTip02 {
              FrameTransformMatrix {
                 0.861529,-0.507708, 0.000005, 0.000000,
                 0.430702, 0.730863, 0.529466, 0.000000,
                -0.268818,-0.456149, 0.848331, 0.000000,
                -0.000004,22.917959,-0.000002, 1.000000;;
              }
            } // End of Armature_HornLTip02
          } // End of Armature_HornL02
          Frame Armature_HornL03 {
            FrameTransformMatrix {
              -0.825636,-0.306001, 0.474013, 0.000000,
              -0.564159, 0.437253,-0.700382, 0.000000,
               0.007054,-0.845679,-0.533645, 0.000000,
              -25.218185, 6.419463,-31.772219, 1.000000;;
            }
            Frame Armature_HornLTip03 {
              FrameTransformMatrix {
                 0.828158, 0.560494,-0.000004, 0.000000,
                -0.474013, 0.700382, 0.533645, 0.000000,
                 0.299108,-0.441940, 0.845709, 0.000000,
                -0.000000,21.928833,-0.000003, 1.000000;;
              }
            } // End of Armature_HornLTip03
          } // End of Armature_HornL03
          Frame Armature_HornL04 {
            FrameTransformMatrix {
              -0.999925,-0.010402, 0.006519, 0.000000,
              -0.009356, 0.302043,-0.953249, 0.000000,
               0.007946,-0.953238,-0.302117, 0.000000,
               3.628018,-10.459240,-42.497318, 1.000000;;
            }
            Frame Armature_HornLTip04 {
              FrameTransformMatrix {
                 0.999977, 0.006838,-0.000000, 0.000000,
                -0.006518, 0.953248, 0.302117, 0.000000,
                 0.002066,-0.302110, 0.953270, 0.000000,
                -0.000000,25.214073,-0.000003, 1.000000;;
              }
            } // End of Armature_HornLTip04
          } // End of Armature_HornL04
          Frame Armature_HornMid01 {
            FrameTransformMatrix {
              -0.484909,-0.874565,-0.000000, 0.000000,
              -0.874565, 0.484909, 0.000001, 0.000000,
              -0.000001, 0.000001,-1.000000, 0.000000,
              -37.650898, 1.860808, 0.000048, 1.000000;;
            }
            Frame Armature_HornMidTip01 {
              FrameTransformMatrix {
                 0.492182, 0.870492, 0.000001, 0.000000,
                 0.000000,-0.000001, 1.000000, 0.000000,
                 0.870492,-0.492182,-0.000001, 0.000000,
                -0.000000,23.230301,-0.000000, 1.000000;;
              }
            } // End of Armature_HornMidTip01
          } // End of Armature_HornMid01
          Frame Armature_HornMid02 {
            FrameTransformMatrix {
              -0.985332,-0.170649, 0.000000, 0.000000,
              -0.170649, 0.985332, 0.000000, 0.000000,
              -0.000000, 0.000000,-1.000000, 0.000000,
               0.541829,34.079460, 0.000000, 1.000000;;
            }
            Frame Armature_HornMidTip02 {
              FrameTransformMatrix {
                 0.986720, 0.162430, 0.000000, 0.000000,
                 0.000000,-0.000000, 1.000000, 0.000000,
                 0.162430,-0.986720,-0.000000, 0.000000,
                 0.000002,23.869211, 0.000000, 1.000000;;
              }
            } // End of Armature_HornMidTip02
          } // End of Armature_HornMid02
          Frame Armature_HornMid03 {
            FrameTransformMatrix {
              -0.742934, 0.669365, 0.000000, 0.000000,
               0.669365, 0.742934,-0.000001, 0.000000,
              -0.000001,-0.000001,-1.000000, 0.000000,
              37.328316,17.870411,-0.000047, 1.000000;;
            }
            Frame Armature_HornMidTip03 {
              FrameTransformMatrix {
                 0.737328,-0.675534, 0.000001, 0.000000,
                -0.000000, 0.000001, 1.000000, 0.000000,
                -0.675534,-0.737328, 0.000001, 0.000000,
                 0.000000,23.350197,-0.000000, 1.000000;;
              }
            } // End of Armature_HornMidTip03
          } // End of Armature_HornMid03
          Frame Armature_HornR01 {
            FrameTransformMatrix {
              -0.999983,-0.003934, 0.004219, 0.000000,
               0.000079, 0.721944, 0.691951, 0.000000,
              -0.005768, 0.691940,-0.721932, 0.000000,
               1.772884,22.098850,21.630346, 1.000000;;
            }
            Frame Armature_HornRTip01 {
              FrameTransformMatrix {
                -0.999981, 0.006097,-0.000000, 0.000000,
                -0.004219,-0.691951, 0.721932, 0.000000,
                 0.004402, 0.721919, 0.691964, 0.000000,
                 0.000000,26.061672, 0.000003, 1.000000;;
              }
            } // End of Armature_HornRTip01
          } // End of Armature_HornR01
          Frame Armature_HornR02 {
            FrameTransformMatrix {
              -0.863739, 0.261627, 0.430705, 0.000000,
               0.503891, 0.460365, 0.730862, 0.000000,
              -0.007068, 0.848301,-0.529466, 0.000000,
              24.946064, 5.954972,32.448730, 1.000000;;
            }
            Frame Armature_HornRTip02 {
              FrameTransformMatrix {
                -0.861528, 0.507710, 0.000004, 0.000000,
                -0.430705,-0.730862, 0.529466, 0.000000,
                 0.268818, 0.456148, 0.848331, 0.000000,
                -0.000002,22.917988,-0.000005, 1.000000;;
              }
            } // End of Armature_HornRTip02
          } // End of Armature_HornR02
          Frame Armature_HornR03 {
            FrameTransformMatrix {
              -0.825636,-0.306000,-0.474014, 0.000000,
              -0.564159, 0.437250, 0.700383, 0.000000,
              -0.007054, 0.845681,-0.533643, 0.000000,
              -25.218151, 6.419503,31.772291, 1.000000;;
            }
            Frame Armature_HornRTip03 {
              FrameTransformMatrix {
                -0.828158,-0.560495,-0.000005, 0.000000,
                 0.474014,-0.700383, 0.533642, 0.000000,
                -0.299107, 0.441938, 0.845710, 0.000000,
                 0.000003,21.928844, 0.000004, 1.000000;;
              }
            } // End of Armature_HornRTip03
          } // End of Armature_HornR03
          Frame Armature_HornR04 {
            FrameTransformMatrix {
              -0.999925,-0.010401,-0.006518, 0.000000,
              -0.009355, 0.302042, 0.953249, 0.000000,
              -0.007946, 0.953238,-0.302116, 0.000000,
               3.628050,-10.459208,42.497276, 1.000000;;
            }
            Frame Armature_HornRTip04 {
              FrameTransformMatrix {
                -0.999977,-0.006837,-0.000000, 0.000000,
                 0.006518,-0.953249, 0.302117, 0.000000,
                -0.002066, 0.302110, 0.953271, 0.000000,
                -0.000000,25.214050, 0.000000, 1.000000;;
              }
            } // End of Armature_HornRTip04
          } // End of Armature_HornR04
        } // End of Armature_Shell
        Frame Armature_Spine02 {
          FrameTransformMatrix {
             0.967918,-0.251268, 0.000000, 0.000000,
             0.251268, 0.967918,-0.000000, 0.000000,
            -0.000000, 0.000000, 1.000000, 0.000000,
             0.113975,31.649040, 0.000000, 1.000000;;
          }
          Frame Armature_Head {
            FrameTransformMatrix {
               0.994427, 0.105429,-0.000000, 0.000000,
              -0.105429, 0.994427, 0.000000, 0.000000,
               0.000000,-0.000000, 1.000000, 0.000000,
               0.463521,25.265734,-0.000000, 1.000000;;
            }
            Frame Armature_BottomCover {
              FrameTransformMatrix {
                -0.158736,-0.987321, 0.000001, 0.000000,
                -0.000000, 0.000001, 1.000000, 0.000000,
                -0.987321, 0.158736,-0.000000, 0.000000,
                -0.000001,13.390950,-0.000000, 1.000000;;
              }
            } // End of Armature_BottomCover
            Frame Armature_Eyeball {
              FrameTransformMatrix {
                 0.227265,-0.973833, 0.000001, 0.000000,
                -0.000000, 0.000001, 1.000000, 0.000000,
                -0.973833,-0.227265, 0.000000, 0.000000,
                -0.000001,13.390950,-0.000000, 1.000000;;
              }
            } // End of Armature_Eyeball
            Frame Armature_UpperCover {
              FrameTransformMatrix {
                 0.227265,-0.973833, 0.000001, 0.000000,
                -0.000000, 0.000001, 1.000000, 0.000000,
                -0.973833,-0.227265, 0.000000, 0.000000,
                -0.000001,13.390950,-0.000000, 1.000000;;
              }
            } // End of Armature_UpperCover
          } // End of Armature_Head
        } // End of Armature_Spine02
      } // End of Armature_Spine01
    } // End of Armature_Body
    Frame TurtleShell {
      FrameTransformMatrix {
         1.000000,-0.000000, 0.000000, 0.000000,
        -0.000000, 1.000000, 0.000000, 0.000000,
         0.000000, 0.000000, 1.000000, 0.000000,
         0.000003,-0.000003,-1.233476, 1.000000;;
      }
    } // End of TurtleShell
  } // End of Armature
} // End of Root
AnimationSet Global {
  Animation {
    {Armature}
    AnimationKey { // Rotation
      0;
      25;
      0;4;-1.000000, 0.000000, 0.000000, 0.000000;;,
      1;4;-1.000000, 0.000000, 0.000000, 0.000000;;,
      2;4;-1.000000, 0.000000, 0.000000, 0.000000;;,
      3;4;-1.000000, 0.000000, 0.000000, 0.000000;;,
      4;4;-1.000000, 0.000000, 0.000000, 0.000000;;,
      5;4;-1.000000, 0.000000, 0.000000, 0.000000;;,
      6;4;-1.000000, 0.000000, 0.000000, 0.000000;;,
      7;4;-1.000000, 0.000000, 0.000000, 0.000000;;,
      8;4;-1.000000, 0.000000, 0.000000, 0.000000;;,
      9;4;-1.000000, 0.000000, 0.000000, 0.000000;;,
      10;4;-1.000000, 0.000000, 0.000000, 0.000000;;,
      11;4;-1.000000, 0.000000, 0.000000, 0.000000;;,
      12;4;-1.000000, 0.000000, 0.000000, 0.000000;;,
      13;4;-1.000000, 0.000000, 0.000000, 0.000000;;,
      14;4;-1.000000, 0.000000, 0.000000, 0.000000;;,
      15;4;-1.000000, 0.000000, 0.000000, 0.000000;;,
      16;4;-1.000000, 0.000000, 0.000000, 0.000000;;,
      17;4;-1.000000, 0.000000, 0.000000, 0.000000;;,
      18;4;-1.000000, 0.000000, 0.000000, 0.000000;;,
      19;4;-1.000000, 0.000000, 0.000000, 0.000000;;,
      20;4;-1.000000, 0.000000, 0.000000, 0.000000;;,
      21;4;-1.000000, 0.000000, 0.000000, 0.000000;;,
      22;4;-1.000000, 0.000000, 0.000000, 0.000000;;,
      23;4;-1.000000, 0.000000, 0.000000, 0.000000;;,
      24;4;-1.000000, 0.000000, 0.000000, 0.000000;;;
    }
    AnimationKey { // Scale
      1;
      25;
      0;3; 0.010000, 0.010000, 0.010000;;,
      1;3; 0.010000, 0.010000, 0.010000;;,
      2;3; 0.010000, 0.010000, 0.010000;;,
      3;3; 0.010000, 0.010000, 0.010000;;,
      4;3; 0.010000, 0.010000, 0.010000;;,
      5;3; 0.010000, 0.010000, 0.010000;;,
      6;3; 0.010000, 0.010000, 0.010000;;,
      7;3; 0.010000, 0.010000, 0.010000;;,
      8;3; 0.010000, 0.010000, 0.010000;;,
      9;3; 0.010000, 0.010000, 0.010000;;,
      10;3; 0.010000, 0.010000, 0.010000;;,
      11;3; 0.010000, 0.010000, 0.010000;;,
      12;3; 0.010000, 0.010000, 0.010000;;,
      13;3; 0.010000, 0.010000, 0.010000;;,
      14;3; 0.010000, 0.010000, 0.010000;;,
      15;3; 0.010000, 0.010000, 0.010000;;,
      16;3; 0.010000, 0.010000, 0.010000;;,
      17;3; 0.010000, 0.010000, 0.010000;;,
      18;3; 0.010000, 0.010000, 0.010000;;,
      19;3; 0.010000, 0.010000, 0.010000;;,
      20;3; 0.010000, 0.010000, 0.010000;;,
      21;3; 0.010000, 0.010000, 0.010000;;,
      22;3; 0.010000, 0.010000, 0.010000;;,
      23;3; 0.010000, 0.010000, 0.010000;;,
      24;3; 0.010000, 0.010000, 0.010000;;;
    }
    AnimationKey { // Position
      2;
      25;
      0;3; 0.000000, 0.000000, 0.000000;;,
      1;3; 0.000000, 0.000000, 0.000000;;,
      2;3; 0.000000, 0.000000, 0.000000;;,
      3;3; 0.000000, 0.000000, 0.000000;;,
      4;3; 0.000000, 0.000000, 0.000000;;,
      5;3; 0.000000, 0.000000, 0.000000;;,
      6;3; 0.000000, 0.000000, 0.000000;;,
      7;3; 0.000000, 0.000000, 0.000000;;,
      8;3; 0.000000, 0.000000, 0.000000;;,
      9;3; 0.000000, 0.000000, 0.000000;;,
      10;3; 0.000000, 0.000000, 0.000000;;,
      11;3; 0.000000, 0.000000, 0.000000;;,
      12;3; 0.000000, 0.000000, 0.000000;;,
      13;3; 0.000000, 0.000000, 0.000000;;,
      14;3; 0.000000, 0.000000, 0.000000;;,
      15;3; 0.000000, 0.000000, 0.000000;;,
      16;3; 0.000000, 0.000000, 0.000000;;,
      17;3; 0.000000, 0.000000, 0.000000;;,
      18;3; 0.000000, 0.000000, 0.000000;;,
      19;3; 0.000000, 0.000000, 0.000000;;,
      20;3; 0.000000, 0.000000, 0.000000;;,
      21;3; 0.000000, 0.000000, 0.000000;;,
      22;3; 0.000000, 0.000000, 0.000000;;,
      23;3; 0.000000, 0.000000, 0.000000;;,
      24;3; 0.000000, 0.000000, 0.000000;;;
    }
  }
  Animation {
    {Armature_Body}
    AnimationKey { // Rotation
      0;
      25;
      0;4;-0.036887,-0.706148, 0.036887,-0.706140;;,
      1;4;-0.036887,-0.706148, 0.036887,-0.706140;;,
      2;4;-0.036887,-0.706148, 0.036887,-0.706140;;,
      3;4;-0.036887,-0.706148, 0.036887,-0.706140;;,
      4;4;-0.036887,-0.706148, 0.036887,-0.706140;;,
      5;4;-0.036887,-0.706148, 0.036887,-0.706140;;,
      6;4;-0.036887,-0.706148, 0.036887,-0.706140;;,
      7;4;-0.036887,-0.706148, 0.036887,-0.706140;;,
      8;4;-0.036887,-0.706148, 0.036887,-0.706140;;,
      9;4;-0.036887,-0.706148, 0.036887,-0.706140;;,
      10;4;-0.036887,-0.706148, 0.036887,-0.706140;;,
      11;4;-0.036887,-0.706148, 0.036887,-0.706140;;,
      12;4;-0.036887,-0.706148, 0.036887,-0.706140;;,
      13;4;-0.036887,-0.706148, 0.036887,-0.706140;;,
      14;4;-0.036887,-0.706148, 0.036887,-0.706140;;,
      15;4;-0.036887,-0.706148, 0.036887,-0.706140;;,
      16;4;-0.036887,-0.706148, 0.036887,-0.706140;;,
      17;4;-0.036887,-0.706148, 0.036887,-0.706140;;,
      18;4;-0.036887,-0.706148, 0.036887,-0.706140;;,
      19;4;-0.036887,-0.706148, 0.036887,-0.706140;;,
      20;4;-0.036887,-0.706148, 0.036887,-0.706140;;,
      21;4;-0.036887,-0.706148, 0.036887,-0.706140;;,
      22;4;-0.036887,-0.706148, 0.036887,-0.706140;;,
      23;4;-0.036887,-0.706148, 0.036887,-0.706140;;,
      24;4;-0.036887,-0.706148, 0.036887,-0.706140;;;
    }
    AnimationKey { // Scale
      1;
      25;
      0;3; 1.000000, 1.000000, 0.999989;;,
      1;3; 1.000000, 1.000000, 0.999989;;,
      2;3; 1.000000, 1.000000, 0.999989;;,
      3;3; 1.000000, 1.000000, 0.999989;;,
      4;3; 1.000000, 1.000000, 0.999989;;,
      5;3; 1.000000, 1.000000, 0.999989;;,
      6;3; 1.000000, 1.000000, 0.999989;;,
      7;3; 1.000000, 1.000000, 0.999989;;,
      8;3; 1.000000, 1.000000, 0.999989;;,
      9;3; 1.000000, 1.000000, 0.999989;;,
      10;3; 1.000000, 1.000000, 0.999989;;,
      11;3; 1.000000, 1.000000, 0.999989;;,
      12;3; 1.000000, 1.000000, 0.999989;;,
      13;3; 1.000000, 1.000000, 0.999989;;,
      14;3; 1.000000, 1.000000, 0.999989;;,
      15;3; 1.000000, 1.000000, 0.999989;;,
      16;3; 1.000000, 1.000000, 0.999989;;,
      17;3; 1.000000, 1.000000, 0.999989;;,
      18;3; 1.000000, 1.000000, 0.999989;;,
      19;3; 1.000000, 1.000000, 0.999989;;,
      20;3; 1.000000, 1.000000, 0.999989;;,
      21;3; 1.000000, 1.000000, 0.999989;;,
      22;3; 1.000000, 1.000000, 0.999989;;,
      23;3; 1.000000, 1.000000, 0.999989;;,
      24;3; 1.000000, 1.000000, 0.999989;;;
    }
    AnimationKey { // Position
      2;
      25;
      0;3; 0.000000,56.922386,13.463865;;,
      1;3; 0.000000,56.922386,13.463865;;,
      2;3; 0.000000,56.922386,13.463865;;,
      3;3; 0.000000,56.922386,13.463865;;,
      4;3; 0.000000,56.922386,13.463865;;,
      5;3; 0.000000,56.922386,13.463865;;,
      6;3; 0.000000,56.922386,13.463865;;,
      7;3; 0.000000,56.922386,13.463865;;,
      8;3; 0.000000,56.922386,13.463865;;,
      9;3; 0.000000,56.922386,13.463865;;,
      10;3; 0.000000,56.922386,13.463865;;,
      11;3; 0.000000,56.922386,13.463865;;,
      12;3; 0.000000,56.922386,13.463865;;,
      13;3; 0.000000,56.922386,13.463865;;,
      14;3; 0.000000,56.922386,13.463865;;,
      15;3; 0.000000,56.922386,13.463865;;,
      16;3; 0.000000,56.922386,13.463865;;,
      17;3; 0.000000,56.922386,13.463865;;,
      18;3; 0.000000,56.922386,13.463865;;,
      19;3; 0.000000,56.922386,13.463865;;,
      20;3; 0.000000,56.922386,13.463865;;,
      21;3; 0.000000,56.922386,13.463865;;,
      22;3; 0.000000,56.922386,13.463865;;,
      23;3; 0.000000,56.922386,13.463865;;,
      24;3; 0.000000,56.922386,13.463865;;;
    }
  }
  Animation {
    {Armature_Spine01}
    AnimationKey { // Rotation
      0;
      25;
      0;4;-0.995712,-0.000000,-0.000000,-0.092510;;,
      1;4;-0.995667,-0.000000,-0.000000,-0.092987;;,
      2;4;-0.995543,-0.000000,-0.000000,-0.094307;;,
      3;4;-0.995352,-0.000000,-0.000000,-0.096300;;,
      4;4;-0.995107,-0.000000,-0.000000,-0.098798;;,
      5;4;-0.994822,-0.000000,-0.000000,-0.101632;;,
      6;4;-0.994511,-0.000000,-0.000000,-0.104633;;,
      7;4;-0.994191,-0.000000,-0.000000,-0.107634;;,
      8;4;-0.993880,-0.000000,-0.000000,-0.110465;;,
      9;4;-0.993600,-0.000000,-0.000000,-0.112959;;,
      10;4;-0.993371,-0.000000,-0.000000,-0.114949;;,
      11;4;-0.993218,-0.000000,-0.000000,-0.116265;;,
      12;4;-0.993162,-0.000000,-0.000000,-0.116741;;,
      13;4;-0.993218,-0.000000,-0.000000,-0.116265;;,
      14;4;-0.993371,-0.000000,-0.000000,-0.114949;;,
      15;4;-0.993600,-0.000000,-0.000000,-0.112959;;,
      16;4;-0.993880,-0.000000,-0.000000,-0.110465;;,
      17;4;-0.994191,-0.000000,-0.000000,-0.107634;;,
      18;4;-0.994511,-0.000000,-0.000000,-0.104633;;,
      19;4;-0.994822,-0.000000,-0.000000,-0.101632;;,
      20;4;-0.995107,-0.000000,-0.000000,-0.098798;;,
      21;4;-0.995352,-0.000000,-0.000000,-0.096300;;,
      22;4;-0.995543,-0.000000,-0.000000,-0.094307;;,
      23;4;-0.995667,-0.000000,-0.000000,-0.092987;;,
      24;4;-0.995712,-0.000000,-0.000000,-0.092510;;;
    }
    AnimationKey { // Scale
      1;
      25;
      0;3; 1.000000, 1.000000, 1.000000;;,
      1;3; 1.000000, 1.000000, 1.000000;;,
      2;3; 1.000000, 1.000000, 1.000000;;,
      3;3; 1.000000, 1.000000, 1.000000;;,
      4;3; 1.000000, 1.000000, 1.000000;;,
      5;3; 1.000000, 1.000000, 1.000000;;,
      6;3; 1.000000, 1.000000, 1.000000;;,
      7;3; 1.000000, 1.000000, 1.000000;;,
      8;3; 1.000000, 1.000000, 1.000000;;,
      9;3; 1.000000, 1.000000, 1.000000;;,
      10;3; 1.000000, 1.000000, 1.000000;;,
      11;3; 1.000000, 1.000000, 1.000000;;,
      12;3; 1.000000, 1.000000, 1.000000;;,
      13;3; 1.000000, 1.000000, 1.000000;;,
      14;3; 1.000000, 1.000000, 1.000000;;,
      15;3; 1.000000, 1.000000, 1.000000;;,
      16;3; 1.000000, 1.000000, 1.000000;;,
      17;3; 1.000000, 1.000000, 1.000000;;,
      18;3; 1.000000, 1.000000, 1.000000;;,
      19;3; 1.000000, 1.000000, 1.000000;;,
      20;3; 1.000000, 1.000000, 1.000000;;,
      21;3; 1.000000, 1.000000, 1.000000;;,
      22;3; 1.000000, 1.000000, 1.000000;;,
      23;3; 1.000000, 1.000000, 1.000000;;,
      24;3; 1.000000, 1.000000, 1.000000;;;
    }
    AnimationKey { // Position
      2;
      25;
      0;3;-0.146941,29.933632, 0.000000;;,
      1;3;-0.051848,29.923670, 0.000000;;,
      2;3; 0.211053,29.896128, 0.000000;;,
      3;3; 0.608204,29.854521, 0.000000;;,
      4;3; 1.106041,29.802366, 0.000000;;,
      5;3; 1.671002,29.743181, 0.000000;;,
      6;3; 2.269524,29.680477, 0.000001;;,
      7;3; 2.868047,29.617777, 0.000001;;,
      8;3; 3.433007,29.558590, 0.000001;;,
      9;3; 3.930845,29.506435, 0.000001;;,
      10;3; 4.327995,29.464830, 0.000001;;,
      11;3; 4.590897,29.437284, 0.000001;;,
      12;3; 4.685990,29.427324, 0.000001;;,
      13;3; 4.590897,29.437284, 0.000001;;,
      14;3; 4.327995,29.464830, 0.000001;;,
      15;3; 3.930845,29.506435, 0.000001;;,
      16;3; 3.433007,29.558590, 0.000001;;,
      17;3; 2.868047,29.617777, 0.000001;;,
      18;3; 2.269524,29.680477, 0.000001;;,
      19;3; 1.671002,29.743181, 0.000000;;,
      20;3; 1.106041,29.802366, 0.000000;;,
      21;3; 0.608204,29.854521, 0.000000;;,
      22;3; 0.211053,29.896128, 0.000000;;,
      23;3;-0.051848,29.923670, 0.000000;;,
      24;3;-0.146941,29.933632, 0.000000;;;
    }
  }
  Animation {
    {Armature_Spine02}
    AnimationKey { // Rotation
      0;
      25;
      0;4;-0.991947,-0.000000,-0.000000,-0.126654;;,
      1;4;-0.992052,-0.000000,-0.000000,-0.125832;;,
      2;4;-0.992339,-0.000000,-0.000000,-0.123543;;,
      3;4;-0.992767,-0.000000,-0.000000,-0.120054;;,
      4;4;-0.993293,-0.000000,-0.000000,-0.115628;;,
      5;4;-0.993872,-0.000000,-0.000000,-0.110533;;,
      6;4;-0.994469,-0.000000,-0.000000,-0.105034;;,
      7;4;-0.995048,-0.000000,-0.000000,-0.099398;;,
      8;4;-0.995582,-0.000000,-0.000000,-0.093893;;,
      9;4;-0.996051,-0.000000,-0.000000,-0.088786;;,
      10;4;-0.996436,-0.000000,-0.000000,-0.084346;;,
      11;4;-0.996727,-0.000000,-0.000000,-0.080843;;,
      12;4;-0.996911,-0.000000,-0.000000,-0.078543;;,
      13;4;-0.996975,-0.000000,-0.000000,-0.077717;;,
      14;4;-0.996886,-0.000000,-0.000000,-0.078860;;,
      15;4;-0.996633,-0.000000,-0.000000,-0.081991;;,
      16;4;-0.996237,-0.000000,-0.000000,-0.086669;;,
      17;4;-0.995717,-0.000000,-0.000000,-0.092449;;,
      18;4;-0.995099,-0.000000,-0.000000,-0.098888;;,
      19;4;-0.994415,-0.000000,-0.000000,-0.105544;;,
      20;4;-0.993711,-0.000000,-0.000000,-0.111974;;,
      21;4;-0.993045,-0.000000,-0.000000,-0.117739;;,
      22;4;-0.992481,-0.000000,-0.000000,-0.122399;;,
      23;4;-0.992091,-0.000000,-0.000000,-0.125517;;,
      24;4;-0.991947,-0.000000,-0.000000,-0.126654;;;
    }
    AnimationKey { // Scale
      1;
      25;
      0;3; 1.000000, 1.000000, 1.000000;;,
      1;3; 1.000000, 1.000000, 1.000000;;,
      2;3; 1.000000, 1.000000, 1.000000;;,
      3;3; 1.000000, 1.000000, 1.000000;;,
      4;3; 1.000000, 1.000000, 1.000000;;,
      5;3; 1.000000, 1.000000, 1.000000;;,
      6;3; 1.000000, 1.000000, 1.000000;;,
      7;3; 1.000000, 1.000000, 1.000000;;,
      8;3; 1.000000, 1.000000, 1.000000;;,
      9;3; 1.000000, 1.000000, 1.000000;;,
      10;3; 1.000000, 1.000000, 1.000000;;,
      11;3; 1.000000, 1.000000, 1.000000;;,
      12;3; 1.000000, 1.000000, 1.000000;;,
      13;3; 1.000000, 1.000000, 1.000000;;,
      14;3; 1.000000, 1.000000, 1.000000;;,
      15;3; 1.000000, 1.000000, 1.000000;;,
      16;3; 1.000000, 1.000000, 1.000000;;,
      17;3; 1.000000, 1.000000, 1.000000;;,
      18;3; 1.000000, 1.000000, 1.000000;;,
      19;3; 1.000000, 1.000000, 1.000000;;,
      20;3; 1.000000, 1.000000, 1.000000;;,
      21;3; 1.000000, 1.000000, 1.000000;;,
      22;3; 1.000000, 1.000000, 1.000000;;,
      23;3; 1.000000, 1.000000, 1.000000;;,
      24;3; 1.000000, 1.000000, 1.000000;;;
    }
    AnimationKey { // Position
      2;
      25;
      0;3; 0.113975,31.649040, 0.000000;;,
      1;3; 0.012831,31.637516, 0.013593;;,
      2;3;-0.268733,31.605440, 0.051431;;,
      3;3;-0.697915,31.556540, 0.109108;;,
      4;3;-1.241909,31.494564, 0.182214;;,
      5;3;-1.867912,31.423244, 0.266341;;,
      6;3;-2.543121,31.346315, 0.357080;;,
      7;3;-3.234731,31.267521, 0.450024;;,
      8;3;-3.909939,31.190594, 0.540764;;,
      9;3;-4.535943,31.119274, 0.624891;;,
      10;3;-5.079937,31.057297, 0.697996;;,
      11;3;-5.509118,31.008398, 0.755673;;,
      12;3;-5.790681,30.976320, 0.793512;;,
      13;3;-5.891826,30.964798, 0.807104;;,
      14;3;-5.751948,30.980738, 0.788306;;,
      15;3;-5.368406,31.024431, 0.736763;;,
      16;3;-4.795349,31.089720, 0.659752;;,
      17;3;-4.086927,31.170429, 0.564549;;,
      18;3;-3.297283,31.260397, 0.458430;;,
      19;3;-2.480568,31.353445, 0.348674;;,
      20;3;-1.690924,31.443405, 0.242556;;,
      21;3;-0.982501,31.524118, 0.147353;;,
      22;3;-0.409444,31.589409, 0.070341;;,
      23;3;-0.025904,31.633104, 0.018798;;,
      24;3; 0.113975,31.649040, 0.000000;;;
    }
  }
  Animation {
    {Armature_Head}
    AnimationKey { // Rotation
      0;
      25;
      0;4;-0.998606, 0.000000, 0.000000, 0.052788;;,
      1;4;-0.998655, 0.000000, 0.000000, 0.051857;;,
      2;4;-0.998787, 0.000000, 0.000000, 0.049249;;,
      3;4;-0.998976, 0.000000, 0.000000, 0.045244;;,
      4;4;-0.999195, 0.000000, 0.000000, 0.040119;;,
      5;4;-0.999417, 0.000000, 0.000000, 0.034155;;,
      6;4;-0.999618, 0.000000, 0.000000, 0.027631;;,
      7;4;-0.999783, 0.000000, 0.000000, 0.020825;;,
      8;4;-0.999902, 0.000000, 0.000000, 0.014019;;,
      9;4;-0.999972, 0.000000, 0.000000, 0.007491;;,
      10;4;-0.999999, 0.000000, 0.000000, 0.001523;;,
      11;4;-0.999994, 0.000000, 0.000000,-0.003606;;,
      12;4;-0.999971, 0.000000, 0.000000,-0.007616;;,
      13;4;-0.999948, 0.000000, 0.000000,-0.010227;;,
      14;4;-0.999938, 0.000000, 0.000000,-0.011159;;,
      15;4;-0.999956, 0.000000, 0.000000,-0.009368;;,
      16;4;-0.999990, 0.000000, 0.000000,-0.004506;;,
      17;4;-0.999996, 0.000000, 0.000000, 0.002658;;,
      18;4;-0.999936, 0.000000, 0.000000, 0.011358;;,
      19;4;-0.999783, 0.000000, 0.000000, 0.020825;;,
      20;4;-0.999541, 0.000000, 0.000000, 0.030290;;,
      21;4;-0.999240, 0.000000, 0.000000, 0.038985;;,
      22;4;-0.998935, 0.000000, 0.000000, 0.046143;;,
      23;4;-0.998699, 0.000000, 0.000000, 0.050999;;,
      24;4;-0.998606, 0.000000, 0.000000, 0.052788;;;
    }
    AnimationKey { // Scale
      1;
      25;
      0;3; 1.000000, 1.000000, 1.000000;;,
      1;3; 1.000000, 1.000000, 1.000000;;,
      2;3; 1.000000, 1.000000, 1.000000;;,
      3;3; 1.000000, 1.000000, 1.000000;;,
      4;3; 1.000000, 1.000000, 1.000000;;,
      5;3; 1.000000, 1.000000, 1.000000;;,
      6;3; 1.000000, 1.000000, 1.000000;;,
      7;3; 1.000000, 1.000000, 1.000000;;,
      8;3; 1.000000, 1.000000, 1.000000;;,
      9;3; 1.000000, 1.000000, 1.000000;;,
      10;3; 1.000000, 1.000000, 1.000000;;,
      11;3; 1.000000, 1.000000, 1.000000;;,
      12;3; 1.000000, 1.000000, 1.000000;;,
      13;3; 1.000000, 1.000000, 1.000000;;,
      14;3; 1.000000, 1.000000, 1.000000;;,
      15;3; 1.000000, 1.000000, 1.000000;;,
      16;3; 1.000000, 1.000000, 1.000000;;,
      17;3; 1.000000, 1.000000, 1.000000;;,
      18;3; 1.000000, 1.000000, 1.000000;;,
      19;3; 1.000000, 1.000000, 1.000000;;,
      20;3; 1.000000, 1.000000, 1.000000;;,
      21;3; 1.000000, 1.000000, 1.000000;;,
      22;3; 1.000000, 1.000000, 1.000000;;,
      23;3; 1.000000, 1.000000, 1.000000;;,
      24;3; 1.000000, 1.000000, 1.000000;;;
    }
    AnimationKey { // Position
      2;
      25;
      0;3; 0.463521,25.265734,-0.000000;;,
      1;3; 0.508123,25.281254,-0.015559;;,
      2;3; 0.633006,25.324711,-0.059123;;,
      3;3; 0.824790,25.391455,-0.126024;;,
      4;3; 1.070093,25.476820,-0.211596;;,
      5;3; 1.355536,25.576157,-0.311171;;,
      6;3; 1.667744,25.684803,-0.420081;;,
      7;3; 1.993329,25.798111,-0.533658;;,
      8;3; 2.318914,25.911413,-0.647236;;,
      9;3; 2.631120,26.020060,-0.756146;;,
      10;3; 2.916567,26.119396,-0.855720;;,
      11;3; 3.161869,26.204765,-0.941292;;,
      12;3; 3.353653,26.271503,-1.008194;;,
      13;3; 3.478537,26.314964,-1.051758;;,
      14;3; 3.523133,26.330484,-1.067317;;,
      15;3; 3.437467,26.300673,-1.037432;;,
      16;3; 3.204936,26.219751,-0.956315;;,
      17;3; 2.862262,26.100500,-0.836776;;,
      18;3; 2.446154,25.955692,-0.691621;;,
      19;3; 1.993328,25.798107,-0.533658;;,
      20;3; 1.540506,25.640526,-0.375695;;,
      21;3; 1.124400,25.495720,-0.230541;;,
      22;3; 0.781723,25.376469,-0.111001;;,
      23;3; 0.549191,25.295542,-0.029885;;,
      24;3; 0.463521,25.265734,-0.000000;;;
    }
  }
  Animation {
    {Armature_Eyeball}
    AnimationKey { // Rotation
      0;
      25;
      0;4;-0.553910, 0.553910,-0.439527,-0.439526;;,
      1;4;-0.553910, 0.553910,-0.439527,-0.439526;;,
      2;4;-0.553910, 0.553910,-0.439527,-0.439526;;,
      3;4;-0.553910, 0.553910,-0.439527,-0.439526;;,
      4;4;-0.553910, 0.553910,-0.439527,-0.439526;;,
      5;4;-0.553910, 0.553910,-0.439527,-0.439526;;,
      6;4;-0.553910, 0.553910,-0.439527,-0.439526;;,
      7;4;-0.553910, 0.553910,-0.439527,-0.439526;;,
      8;4;-0.553910, 0.553910,-0.439527,-0.439526;;,
      9;4;-0.553910, 0.553910,-0.439527,-0.439526;;,
      10;4;-0.553910, 0.553910,-0.439527,-0.439526;;,
      11;4;-0.553910, 0.553910,-0.439527,-0.439526;;,
      12;4;-0.553910, 0.553910,-0.439527,-0.439526;;,
      13;4;-0.553910, 0.553910,-0.439527,-0.439526;;,
      14;4;-0.553910, 0.553910,-0.439527,-0.439526;;,
      15;4;-0.553910, 0.553910,-0.439527,-0.439526;;,
      16;4;-0.553910, 0.553910,-0.439527,-0.439526;;,
      17;4;-0.553910, 0.553910,-0.439527,-0.439526;;,
      18;4;-0.553910, 0.553910,-0.439527,-0.439526;;,
      19;4;-0.553910, 0.553910,-0.439527,-0.439526;;,
      20;4;-0.553910, 0.553910,-0.439527,-0.439526;;,
      21;4;-0.553910, 0.553910,-0.439527,-0.439526;;,
      22;4;-0.553910, 0.553910,-0.439527,-0.439526;;,
      23;4;-0.553910, 0.553910,-0.439527,-0.439526;;,
      24;4;-0.553910, 0.553910,-0.439527,-0.439526;;;
    }
    AnimationKey { // Scale
      1;
      25;
      0;3; 1.000000, 1.000000, 1.000000;;,
      1;3; 1.000000, 1.000000, 1.000000;;,
      2;3; 1.000000, 1.000000, 1.000000;;,
      3;3; 1.000000, 1.000000, 1.000000;;,
      4;3; 1.000000, 1.000000, 1.000000;;,
      5;3; 1.000000, 1.000000, 1.000000;;,
      6;3; 1.000000, 1.000000, 1.000000;;,
      7;3; 1.000000, 1.000000, 1.000000;;,
      8;3; 1.000000, 1.000000, 1.000000;;,
      9;3; 1.000000, 1.000000, 1.000000;;,
      10;3; 1.000000, 1.000000, 1.000000;;,
      11;3; 1.000000, 1.000000, 1.000000;;,
      12;3; 1.000000, 1.000000, 1.000000;;,
      13;3; 1.000000, 1.000000, 1.000000;;,
      14;3; 1.000000, 1.000000, 1.000000;;,
      15;3; 1.000000, 1.000000, 1.000000;;,
      16;3; 1.000000, 1.000000, 1.000000;;,
      17;3; 1.000000, 1.000000, 1.000000;;,
      18;3; 1.000000, 1.000000, 1.000000;;,
      19;3; 1.000000, 1.000000, 1.000000;;,
      20;3; 1.000000, 1.000000, 1.000000;;,
      21;3; 1.000000, 1.000000, 1.000000;;,
      22;3; 1.000000, 1.000000, 1.000000;;,
      23;3; 1.000000, 1.000000, 1.000000;;,
      24;3; 1.000000, 1.000000, 1.000000;;;
    }
    AnimationKey { // Position
      2;
      25;
      0;3;-0.000001,13.390950,-0.000000;;,
      1;3; 0.000001,13.390950,-0.000000;;,
      2;3;-0.000001,13.390951,-0.000000;;,
      3;3; 0.000000,13.390955,-0.000000;;,
      4;3;-0.000001,13.390947,-0.000000;;,
      5;3; 0.000001,13.390949,-0.000000;;,
      6;3;-0.000001,13.390952,-0.000000;;,
      7;3;-0.000002,13.390949,-0.000000;;,
      8;3; 0.000001,13.390950,-0.000000;;,
      9;3;-0.000002,13.390951,-0.000000;;,
      10;3;-0.000001,13.390956,-0.000000;;,
      11;3;-0.000002,13.390954,-0.000000;;,
      12;3;-0.000002,13.390948,-0.000000;;,
      13;3;-0.000001,13.390949,-0.000000;;,
      14;3; 0.000001,13.390951,-0.000000;;,
      15;3; 0.000000,13.390955,-0.000000;;,
      16;3;-0.000002,13.390950,-0.000000;;,
      17;3; 0.000001,13.390948,-0.000000;;,
      18;3;-0.000001,13.390945,-0.000000;;,
      19;3; 0.000000,13.390954,-0.000000;;,
      20;3;-0.000001,13.390950,-0.000000;;,
      21;3;-0.000003,13.390948,-0.000000;;,
      22;3;-0.000001,13.390954,-0.000000;;,
      23;3; 0.000001,13.390953,-0.000000;;,
      24;3;-0.000001,13.390950,-0.000000;;;
    }
  }
  Animation {
    {Armature_UpperCover}
    AnimationKey { // Rotation
      0;
      25;
      0;4;-0.553910, 0.553910,-0.439527,-0.439526;;,
      1;4;-0.553714, 0.553714,-0.439774,-0.439773;;,
      2;4;-0.553164, 0.553163,-0.440466,-0.440466;;,
      3;4;-0.552312, 0.552312,-0.441533,-0.441533;;,
      4;4;-0.551212, 0.551212,-0.442906,-0.442905;;,
      5;4;-0.549918, 0.549917,-0.444512,-0.444512;;,
      6;4;-0.548483, 0.548483,-0.446281,-0.446281;;,
      7;4;-0.546967, 0.546966,-0.448138,-0.448138;;,
      8;4;-0.545430, 0.545429,-0.450008,-0.450007;;,
      9;4;-0.543937, 0.543936,-0.451811,-0.451811;;,
      10;4;-0.542555, 0.542554,-0.453469,-0.453469;;,
      11;4;-0.541355, 0.541355,-0.454901,-0.454901;;,
      12;4;-0.540409, 0.540408,-0.456025,-0.456024;;,
      13;4;-0.539789, 0.539789,-0.456758,-0.456758;;,
      14;4;-0.539567, 0.539566,-0.457021,-0.457020;;,
      15;4;-0.539993, 0.539993,-0.456517,-0.456517;;,
      16;4;-0.541143, 0.541143,-0.455153,-0.455153;;,
      17;4;-0.542819, 0.542819,-0.453153,-0.453153;;,
      18;4;-0.544824, 0.544823,-0.450741,-0.450741;;,
      19;4;-0.546967, 0.546966,-0.448138,-0.448138;;,
      20;4;-0.549070, 0.549070,-0.445559,-0.445558;;,
      21;4;-0.550967, 0.550967,-0.443211,-0.443210;;,
      22;4;-0.552504, 0.552504,-0.441293,-0.441293;;,
      23;4;-0.553534, 0.553533,-0.440001,-0.440001;;,
      24;4;-0.553910, 0.553910,-0.439527,-0.439526;;;
    }
    AnimationKey { // Scale
      1;
      25;
      0;3; 1.000000, 1.000000, 1.000000;;,
      1;3; 1.000000, 1.000000, 1.000000;;,
      2;3; 1.000000, 1.000000, 1.000000;;,
      3;3; 1.000000, 1.000000, 1.000000;;,
      4;3; 1.000000, 1.000000, 1.000000;;,
      5;3; 1.000000, 1.000000, 1.000000;;,
      6;3; 1.000000, 1.000000, 1.000000;;,
      7;3; 1.000000, 1.000000, 1.000000;;,
      8;3; 1.000000, 1.000000, 1.000000;;,
      9;3; 1.000000, 1.000000, 1.000000;;,
      10;3; 1.000000, 1.000000, 1.000000;;,
      11;3; 1.000000, 1.000000, 1.000000;;,
      12;3; 1.000000, 1.000000, 1.000000;;,
      13;3; 1.000000, 1.000000, 1.000000;;,
      14;3; 1.000000, 1.000000, 1.000000;;,
      15;3; 1.000000, 1.000000, 1.000000;;,
      16;3; 1.000000, 1.000000, 1.000000;;,
      17;3; 1.000000, 1.000000, 1.000000;;,
      18;3; 1.000000, 1.000000, 1.000000;;,
      19;3; 1.000000, 1.000000, 1.000000;;,
      20;3; 1.000000, 1.000000, 1.000000;;,
      21;3; 1.000000, 1.000000, 1.000000;;,
      22;3; 1.000000, 1.000000, 1.000000;;,
      23;3; 1.000000, 1.000000, 1.000000;;,
      24;3; 1.000000, 1.000000, 1.000000;;;
    }
    AnimationKey { // Position
      2;
      25;
      0;3;-0.000001,13.390950,-0.000000;;,
      1;3; 0.000001,13.390950,-0.000000;;,
      2;3;-0.000001,13.390951,-0.000000;;,
      3;3; 0.000000,13.390955,-0.000000;;,
      4;3;-0.000001,13.390947,-0.000000;;,
      5;3; 0.000001,13.390949,-0.000000;;,
      6;3;-0.000001,13.390952,-0.000000;;,
      7;3;-0.000002,13.390949,-0.000000;;,
      8;3; 0.000001,13.390950,-0.000000;;,
      9;3;-0.000002,13.390951,-0.000000;;,
      10;3;-0.000001,13.390956,-0.000000;;,
      11;3;-0.000002,13.390954,-0.000000;;,
      12;3;-0.000002,13.390948,-0.000000;;,
      13;3;-0.000001,13.390949,-0.000000;;,
      14;3; 0.000001,13.390951,-0.000000;;,
      15;3; 0.000000,13.390955,-0.000000;;,
      16;3;-0.000002,13.390950,-0.000000;;,
      17;3; 0.000001,13.390948,-0.000000;;,
      18;3;-0.000001,13.390945,-0.000000;;,
      19;3; 0.000000,13.390954,-0.000000;;,
      20;3;-0.000001,13.390950,-0.000000;;,
      21;3;-0.000003,13.390948,-0.000000;;,
      22;3;-0.000001,13.390954,-0.000000;;,
      23;3; 0.000001,13.390953,-0.000000;;,
      24;3;-0.000001,13.390950,-0.000000;;;
    }
  }
  Animation {
    {Armature_BottomCover}
    AnimationKey { // Rotation
      0;
      25;
      0;4;-0.458602, 0.458602,-0.538223,-0.538223;;,
      1;4;-0.457955, 0.457954,-0.538774,-0.538774;;,
      2;4;-0.456138, 0.456137,-0.540314,-0.540313;;,
      3;4;-0.453337, 0.453336,-0.542666,-0.542665;;,
      4;4;-0.449738, 0.449737,-0.545652,-0.545652;;,
      5;4;-0.445530, 0.445529,-0.549094,-0.549093;;,
      6;4;-0.440908, 0.440907,-0.552812,-0.552811;;,
      7;4;-0.436072, 0.436071,-0.556635,-0.556634;;,
      8;4;-0.431227, 0.431226,-0.560396,-0.560396;;,
      9;4;-0.426578, 0.426578,-0.563943,-0.563942;;,
      10;4;-0.422332, 0.422332,-0.567130,-0.567129;;,
      11;4;-0.418690, 0.418689,-0.569824,-0.569824;;,
      12;4;-0.415848, 0.415848,-0.571901,-0.571900;;,
      13;4;-0.414002, 0.414001,-0.573239,-0.573239;;,
      14;4;-0.413343, 0.413343,-0.573714,-0.573714;;,
      15;4;-0.414609, 0.414608,-0.572800,-0.572800;;,
      16;4;-0.418051, 0.418051,-0.570293,-0.570292;;,
      17;4;-0.423139, 0.423139,-0.566528,-0.566527;;,
      18;4;-0.429332, 0.429332,-0.561849,-0.561849;;,
      19;4;-0.436072, 0.436071,-0.556635,-0.556634;;,
      20;4;-0.442793, 0.442793,-0.551303,-0.551302;;,
      21;4;-0.448939, 0.448938,-0.546310,-0.546309;;,
      22;4;-0.453967, 0.453966,-0.542139,-0.542138;;,
      23;4;-0.457358, 0.457357,-0.539281,-0.539281;;,
      24;4;-0.458602, 0.458602,-0.538223,-0.538223;;;
    }
    AnimationKey { // Scale
      1;
      25;
      0;3; 1.000000, 1.000000, 1.000000;;,
      1;3; 1.000000, 1.000000, 1.000000;;,
      2;3; 1.000000, 1.000000, 1.000000;;,
      3;3; 1.000000, 1.000000, 1.000000;;,
      4;3; 1.000000, 1.000000, 1.000000;;,
      5;3; 1.000000, 1.000000, 1.000000;;,
      6;3; 1.000000, 1.000000, 1.000000;;,
      7;3; 1.000000, 1.000000, 1.000000;;,
      8;3; 1.000000, 1.000000, 1.000000;;,
      9;3; 1.000000, 1.000000, 1.000000;;,
      10;3; 1.000000, 1.000000, 1.000000;;,
      11;3; 1.000000, 1.000000, 1.000000;;,
      12;3; 1.000000, 1.000000, 1.000000;;,
      13;3; 1.000000, 1.000000, 1.000000;;,
      14;3; 1.000000, 1.000000, 1.000000;;,
      15;3; 1.000000, 1.000000, 1.000000;;,
      16;3; 1.000000, 1.000000, 1.000000;;,
      17;3; 1.000000, 1.000000, 1.000000;;,
      18;3; 1.000000, 1.000000, 1.000000;;,
      19;3; 1.000000, 1.000000, 1.000000;;,
      20;3; 1.000000, 1.000000, 1.000000;;,
      21;3; 1.000000, 1.000000, 1.000000;;,
      22;3; 1.000000, 1.000000, 1.000000;;,
      23;3; 1.000000, 1.000000, 1.000000;;,
