xof 0303txt 0032

Frame Root {
  FrameTransformMatrix {
     1.000000, 0.000000, 0.000000, 0.000000,
     0.000000,-0.000000,-1.000000, 0.000000,
     0.000000, 1.000000,-0.000000, 0.000000,
     0.000000, 0.000000, 0.000000, 1.000000;;
  }
  Frame Armature {
    FrameTransformMatrix {
       0.010000, 0.000000, 0.000000, 0.000000,
       0.000000, 0.010000, 0.000000, 0.000000,
       0.000000, 0.000000, 0.010000, 0.000000,
       0.000000, 0.000000, 0.000000, 1.000000;;
    }
    Frame Armature_Body {
      FrameTransformMatrix {
        -0.000000,-0.104192, 0.994557, 0.000000,
        -0.000000,-0.994557,-0.104192, 0.000000,
         0.999989, 0.000001, 0.000000, 0.000000,
         0.000000,56.922386,13.463865, 1.000000;;
      }
      Frame Armature_Spine01 {
        FrameTransformMatrix {
           0.982884,-0.184227, 0.000000, 0.000000,
           0.184227, 0.982884, 0.000000, 0.000000,
          -0.000000, 0.000000, 1.000000, 0.000000,
           0.000001,31.336260,-0.000000, 1.000000;;
        }
        Frame Armature_Shell {
          FrameTransformMatrix {
            -0.089122, 0.996021,-0.000001, 0.000000,
             0.996021, 0.089122,-0.000000, 0.000000,
            -0.000000,-0.000001,-1.000000, 0.000000,
            37.512909,14.992228,-0.000006, 1.000000;;
          }
          Frame Armature_HornL01 {
            FrameTransformMatrix {
              -0.999983,-0.003934,-0.004219, 0.000000,
               0.000079, 0.721943,-0.691953, 0.000000,
               0.005768,-0.691942,-0.721930, 0.000000,
               1.772913,22.098843,-21.630371, 1.000000;;
            }
            Frame Armature_HornLTip01 {
              FrameTransformMatrix {
                 0.999981,-0.006097,-0.000000, 0.000000,
                 0.004219, 0.691953, 0.721931, 0.000000,
                -0.004401,-0.721917, 0.691966, 0.000000,
                 0.000000,26.061644,-0.000005, 1.000000;;
              }
            } // End of Armature_HornLTip01
          } // End of Armature_HornL01
          Frame Armature_HornL02 {
            FrameTransformMatrix {
              -0.863740, 0.261626,-0.430703, 0.000000,
               0.503888, 0.460365,-0.730863, 0.000000,
               0.007067,-0.848302,-0.529466, 0.000000,
              24.946095, 5.954980,-32.448830, 1.000000;;
            }
            Frame Armature_HornLTip02 {
              FrameTransformMatrix {
                 0.861529,-0.507708, 0.000005, 0.000000,
                 0.430702, 0.730863, 0.529466, 0.000000,
                -0.268818,-0.456149, 0.848331, 0.000000,
                -0.000002,22.917961,-0.000002, 1.000000;;
              }
            } // End of Armature_HornLTip02
          } // End of Armature_HornL02
          Frame Armature_HornL03 {
            FrameTransformMatrix {
              -0.825636,-0.306001, 0.474013, 0.000000,
              -0.564159, 0.437253,-0.700382, 0.000000,
               0.007054,-0.845679,-0.533645, 0.000000,
              -25.218187, 6.419462,-31.772219, 1.000000;;
            }
            Frame Armature_HornLTip03 {
              FrameTransformMatrix {
                 0.828158, 0.560494,-0.000004, 0.000000,
                -0.474013, 0.700382, 0.533645, 0.000000,
                 0.299108,-0.441940, 0.845709, 0.000000,
                -0.000001,21.928827,-0.000002, 1.000000;;
              }
            } // End of Armature_HornLTip03
          } // End of Armature_HornL03
          Frame Armature_HornL04 {
            FrameTransformMatrix {
              -0.999925,-0.010402, 0.006519, 0.000000,
              -0.009356, 0.302043,-0.953249, 0.000000,
               0.007946,-0.953238,-0.302117, 0.000000,
               3.628018,-10.459241,-42.497318, 1.000000;;
            }
            Frame Armature_HornLTip04 {
              FrameTransformMatrix {
                 0.999977, 0.006838,-0.000000, 0.000000,
                -0.006518, 0.953248, 0.302117, 0.000000,
                 0.002066,-0.302110, 0.953270, 0.000000,
                 0.000002,25.214075,-0.000002, 1.000000;;
              }
            } // End of Armature_HornLTip04
          } // End of Armature_HornL04
          Frame Armature_HornMid01 {
            FrameTransformMatrix {
              -0.484909,-0.874565,-0.000000, 0.000000,
              -0.874565, 0.484909, 0.000001, 0.000000,
              -0.000001, 0.000001,-1.000000, 0.000000,
              -37.650902, 1.860807, 0.000048, 1.000000;;
            }
            Frame Armature_HornMidTip01 {
              FrameTransformMatrix {
                 0.492182, 0.870492, 0.000001, 0.000000,
                 0.000000,-0.000001, 1.000000, 0.000000,
                 0.870492,-0.492182,-0.000001, 0.000000,
                -0.000002,23.230297,-0.000000, 1.000000;;
              }
            } // End of Armature_HornMidTip01
          } // End of Armature_HornMid01
          Frame Armature_HornMid02 {
            FrameTransformMatrix {
              -0.985332,-0.170649, 0.000000, 0.000000,
              -0.170649, 0.985332, 0.000000, 0.000000,
              -0.000000, 0.000000,-1.000000, 0.000000,
               0.541829,34.079460, 0.000000, 1.000000;;
            }
            Frame Armature_HornMidTip02 {
              FrameTransformMatrix {
                 0.986720, 0.162430, 0.000000, 0.000000,
                 0.000000,-0.000000, 1.000000, 0.000000,
                 0.162430,-0.986720,-0.000000, 0.000000,
                 0.000001,23.869209, 0.000000, 1.000000;;
              }
            } // End of Armature_HornMidTip02
          } // End of Armature_HornMid02
          Frame Armature_HornMid03 {
            FrameTransformMatrix {
              -0.742934, 0.669365, 0.000000, 0.000000,
               0.669365, 0.742934,-0.000001, 0.000000,
              -0.000001,-0.000001,-1.000000, 0.000000,
              37.328312,17.870409,-0.000047, 1.000000;;
            }
            Frame Armature_HornMidTip03 {
              FrameTransformMatrix {
                 0.737328,-0.675534, 0.000001, 0.000000,
                -0.000000, 0.000001, 1.000000, 0.000000,
                -0.675534,-0.737328, 0.000001, 0.000000,
                 0.000004,23.350195,-0.000000, 1.000000;;
              }
            } // End of Armature_HornMidTip03
          } // End of Armature_HornMid03
          Frame Armature_HornR01 {
            FrameTransformMatrix {
              -0.999983,-0.003934, 0.004219, 0.000000,
               0.000079, 0.721944, 0.691951, 0.000000,
              -0.005768, 0.691940,-0.721932, 0.000000,
               1.772884,22.098848,21.630346, 1.000000;;
            }
            Frame Armature_HornRTip01 {
              FrameTransformMatrix {
                -0.999981, 0.006097,-0.000000, 0.000000,
                -0.004219,-0.691951, 0.721932, 0.000000,
                 0.004402, 0.721919, 0.691964, 0.000000,
                 0.000000,26.061678, 0.000001, 1.000000;;
              }
            } // End of Armature_HornRTip01
          } // End of Armature_HornR01
          Frame Armature_HornR02 {
            FrameTransformMatrix {
              -0.863739, 0.261627, 0.430705, 0.000000,
               0.503891, 0.460365, 0.730862, 0.000000,
              -0.007068, 0.848301,-0.529466, 0.000000,
              24.946064, 5.954971,32.448730, 1.000000;;
            }
            Frame Armature_HornRTip02 {
              FrameTransformMatrix {
                -0.861528, 0.507710, 0.000004, 0.000000,
                -0.430705,-0.730862, 0.529466, 0.000000,
                 0.268818, 0.456148, 0.848331, 0.000000,
                -0.000004,22.917984,-0.000007, 1.000000;;
              }
            } // End of Armature_HornRTip02
          } // End of Armature_HornR02
          Frame Armature_HornR03 {
            FrameTransformMatrix {
              -0.825636,-0.306000,-0.474014, 0.000000,
              -0.564159, 0.437250, 0.700383, 0.000000,
              -0.007054, 0.845681,-0.533643, 0.000000,
              -25.218151, 6.419503,31.772291, 1.000000;;
            }
            Frame Armature_HornRTip03 {
              FrameTransformMatrix {
                -0.828158,-0.560495,-0.000005, 0.000000,
                 0.474014,-0.700383, 0.533642, 0.000000,
                -0.299107, 0.441938, 0.845710, 0.000000,
                 0.000004,21.928848, 0.000005, 1.000000;;
              }
            } // End of Armature_HornRTip03
          } // End of Armature_HornR03
          Frame Armature_HornR04 {
            FrameTransformMatrix {
              -0.999925,-0.010401,-0.006518, 0.000000,
              -0.009355, 0.302042, 0.953249, 0.000000,
              -0.007946, 0.953238,-0.302116, 0.000000,
               3.628050,-10.459208,42.497276, 1.000000;;
            }
            Frame Armature_HornRTip04 {
              FrameTransformMatrix {
                -0.999977,-0.006837,-0.000000, 0.000000,
                 0.006518,-0.953249, 0.302117, 0.000000,
                -0.002066, 0.302110, 0.953271, 0.000000,
                -0.000000,25.214046, 0.000001, 1.000000;;
              }
            } // End of Armature_HornRTip04
          } // End of Armature_HornR04
        } // End of Armature_Shell
        Frame Armature_Spine02 {
          FrameTransformMatrix {
             0.967918,-0.251268, 0.000000, 0.000000,
             0.251268, 0.967918,-0.000000, 0.000000,
            -0.000000, 0.000000, 1.000000, 0.000000,
            -0.000000,33.054729,-0.000000, 1.000000;;
          }
          Frame Armature_Head {
            FrameTransformMatrix {
               0.994427, 0.105429,-0.000000, 0.000000,
              -0.105429, 0.994427, 0.000000, 0.000000,
               0.000000,-0.000000, 1.000000, 0.000000,
              -0.000002,26.597687,-0.000000, 1.000000;;
            }
            Frame Armature_BottomCover {
              FrameTransformMatrix {
                -0.158736,-0.987321, 0.000001, 0.000000,
                -0.000000, 0.000001, 1.000000, 0.000000,
                -0.987321, 0.158736,-0.000000, 0.000000,
                 0.000000,13.390946,-0.000000, 1.000000;;
              }
            } // End of Armature_BottomCover
            Frame Armature_Eyeball {
              FrameTransformMatrix {
                 0.227265,-0.973833, 0.000001, 0.000000,
                -0.000000, 0.000001, 1.000000, 0.000000,
                -0.973833,-0.227265, 0.000000, 0.000000,
                 0.000000,13.390946,-0.000000, 1.000000;;
              }
            } // End of Armature_Eyeball
            Frame Armature_UpperCover {
              FrameTransformMatrix {
                 0.227265,-0.973833, 0.000001, 0.000000,
                -0.000000, 0.000001, 1.000000, 0.000000,
                -0.973833,-0.227265, 0.000000, 0.000000,
                 0.000000,13.390946,-0.000000, 1.000000;;
              }
            } // End of Armature_UpperCover
          } // End of Armature_Head
        } // End of Armature_Spine02
      } // End of Armature_Spine01
    } // End of Armature_Body
    Frame TurtleShell {
      FrameTransformMatrix {
         1.000000,-0.000000, 0.000000, 0.000000,
        -0.000000, 1.000000, 0.000000, 0.000000,
         0.000000, 0.000000, 1.000000, 0.000000,
         0.000000, 0.000001,-1.233470, 1.000000;;
      }
    } // End of TurtleShell
  } // End of Armature
} // End of Root
AnimationSet Global {
  Animation {
    {Armature}
    AnimationKey { // Rotation
      0;
      26;
      0;4;-1.000000, 0.000000, 0.000000, 0.000000;;,
      1;4;-1.000000, 0.000000, 0.000000, 0.000000;;,
      2;4;-1.000000, 0.000000, 0.000000, 0.000000;;,
      3;4;-1.000000, 0.000000, 0.000000, 0.000000;;,
      4;4;-1.000000, 0.000000, 0.000000, 0.000000;;,
      5;4;-1.000000, 0.000000, 0.000000, 0.000000;;,
      6;4;-1.000000, 0.000000, 0.000000, 0.000000;;,
      7;4;-1.000000, 0.000000, 0.000000, 0.000000;;,
      8;4;-1.000000, 0.000000, 0.000000, 0.000000;;,
      9;4;-1.000000, 0.000000, 0.000000, 0.000000;;,
      10;4;-1.000000, 0.000000, 0.000000, 0.000000;;,
      11;4;-1.000000, 0.000000, 0.000000, 0.000000;;,
      12;4;-1.000000, 0.000000, 0.000000, 0.000000;;,
      13;4;-1.000000, 0.000000, 0.000000, 0.000000;;,
      14;4;-1.000000, 0.000000, 0.000000, 0.000000;;,
      15;4;-1.000000, 0.000000, 0.000000, 0.000000;;,
      16;4;-1.000000, 0.000000, 0.000000, 0.000000;;,
      17;4;-1.000000, 0.000000, 0.000000, 0.000000;;,
      18;4;-1.000000, 0.000000, 0.000000, 0.000000;;,
      19;4;-1.000000, 0.000000, 0.000000, 0.000000;;,
      20;4;-1.000000, 0.000000, 0.000000, 0.000000;;,
      21;4;-1.000000, 0.000000, 0.000000, 0.000000;;,
      22;4;-1.000000, 0.000000, 0.000000, 0.000000;;,
      23;4;-1.000000, 0.000000, 0.000000, 0.000000;;,
      24;4;-1.000000, 0.000000, 0.000000, 0.000000;;,
      25;4;-1.000000, 0.000000, 0.000000, 0.000000;;;
    }
    AnimationKey { // Scale
      1;
      26;
      0;3; 0.010000, 0.010000, 0.010000;;,
      1;3; 0.010000, 0.010000, 0.010000;;,
      2;3; 0.010000, 0.010000, 0.010000;;,
      3;3; 0.010000, 0.010000, 0.010000;;,
      4;3; 0.010000, 0.010000, 0.010000;;,
      5;3; 0.010000, 0.010000, 0.010000;;,
      6;3; 0.010000, 0.010000, 0.010000;;,
      7;3; 0.010000, 0.010000, 0.010000;;,
      8;3; 0.010000, 0.010000, 0.010000;;,
      9;3; 0.010000, 0.010000, 0.010000;;,
      10;3; 0.010000, 0.010000, 0.010000;;,
      11;3; 0.010000, 0.010000, 0.010000;;,
      12;3; 0.010000, 0.010000, 0.010000;;,
      13;3; 0.010000, 0.010000, 0.010000;;,
      14;3; 0.010000, 0.010000, 0.010000;;,
      15;3; 0.010000, 0.010000, 0.010000;;,
      16;3; 0.010000, 0.010000, 0.010000;;,
      17;3; 0.010000, 0.010000, 0.010000;;,
      18;3; 0.010000, 0.010000, 0.010000;;,
      19;3; 0.010000, 0.010000, 0.010000;;,
      20;3; 0.010000, 0.010000, 0.010000;;,
      21;3; 0.010000, 0.010000, 0.010000;;,
      22;3; 0.010000, 0.010000, 0.010000;;,
      23;3; 0.010000, 0.010000, 0.010000;;,
      24;3; 0.010000, 0.010000, 0.010000;;,
      25;3; 0.010000, 0.010000, 0.010000;;;
    }
    AnimationKey { // Position
      2;
      26;
      0;3; 0.000000, 0.000000, 0.000000;;,
      1;3; 0.000000, 0.000000, 0.000000;;,
      2;3; 0.000000, 0.000000, 0.000000;;,
      3;3; 0.000000, 0.000000, 0.000000;;,
      4;3; 0.000000, 0.000000, 0.000000;;,
      5;3; 0.000000, 0.000000, 0.000000;;,
      6;3; 0.000000, 0.000000, 0.000000;;,
      7;3; 0.000000, 0.000000, 0.000000;;,
      8;3; 0.000000, 0.000000, 0.000000;;,
      9;3; 0.000000, 0.000000, 0.000000;;,
      10;3; 0.000000, 0.000000, 0.000000;;,
      11;3; 0.000000, 0.000000, 0.000000;;,
      12;3; 0.000000, 0.000000, 0.000000;;,
      13;3; 0.000000, 0.000000, 0.000000;;,
      14;3; 0.000000, 0.000000, 0.000000;;,
      15;3; 0.000000, 0.000000, 0.000000;;,
      16;3; 0.000000, 0.000000, 0.000000;;,
      17;3; 0.000000, 0.000000, 0.000000;;,
      18;3; 0.000000, 0.000000, 0.000000;;,
      19;3; 0.000000, 0.000000, 0.000000;;,
      20;3; 0.000000, 0.000000, 0.000000;;,
      21;3; 0.000000, 0.000000, 0.000000;;,
      22;3; 0.000000, 0.000000, 0.000000;;,
      23;3; 0.000000, 0.000000, 0.000000;;,
      24;3; 0.000000, 0.000000, 0.000000;;,
      25;3; 0.000000, 0.000000, 0.000000;;;
    }
  }
  Animation {
    {Armature_Body}
    AnimationKey { // Rotation
      0;
      26;
      0;4;-0.036887,-0.706148, 0.036887,-0.706140;;,
      1;4;-0.067651,-0.707087, 0.006052,-0.703858;;,
      2;4; 0.010438,-0.702115, 0.084050,-0.707008;;,
      3;4; 0.148816,-0.672007, 0.220037,-0.691263;;,
      4;4; 0.201753,-0.653007, 0.271275,-0.677708;;,
      5;4; 0.208820,-0.650138, 0.278080,-0.675564;;,
      6;4; 0.211117,-0.649189, 0.280290,-0.674849;;,
      7;4; 0.209471,-0.649870, 0.278706,-0.675362;;,
      8;4; 0.204690,-0.651825, 0.274103,-0.676827;;,
      9;4; 0.197569,-0.654668, 0.267241,-0.678939;;,
      10;4; 0.188909,-0.658018, 0.258884,-0.681399;;,
      11;4; 0.178104,-0.662032, 0.248441,-0.684303;;,
      12;4; 0.164347,-0.666880, 0.235117,-0.687736;;,
      13;4; 0.148146,-0.672220, 0.219386,-0.691407;;,
      14;4; 0.130020,-0.677726, 0.201737,-0.695043;;,
      15;4; 0.110503,-0.683111, 0.182677,-0.698411;;,
      16;4; 0.090146,-0.688135, 0.162735,-0.701329;;,
      17;4; 0.069512,-0.692618, 0.142455,-0.703673;;,
      18;4; 0.049171,-0.696442, 0.122403,-0.705385;;,
      19;4; 0.029701,-0.699555, 0.103151,-0.706471;;,
      20;4; 0.011680,-0.701965, 0.085284,-0.706990;;,
      21;4;-0.004324,-0.703695, 0.069373,-0.707094;;,
      22;4;-0.017740,-0.704885, 0.056008,-0.706885;;,
      23;4;-0.028009,-0.705627, 0.045760,-0.706549;;,
      24;4;-0.034575,-0.706023, 0.039199,-0.706257;;,
      25;4;-0.036887,-0.706148, 0.036887,-0.706140;;;
    }
    AnimationKey { // Scale
      1;
      26;
      0;3; 1.000000, 1.000000, 0.999989;;,
      1;3; 1.000000, 1.000000, 0.999989;;,
      2;3; 1.000000, 1.000000, 0.999989;;,
      3;3; 1.000000, 0.999998, 0.999991;;,
      4;3; 1.000000, 0.999996, 0.999993;;,
      5;3; 1.000000, 0.999996, 0.999993;;,
      6;3; 1.000000, 0.999996, 0.999993;;,
      7;3; 1.000000, 0.999996, 0.999993;;,
      8;3; 1.000000, 0.999996, 0.999993;;,
      9;3; 1.000000, 0.999996, 0.999993;;,
      10;3; 1.000000, 0.999996, 0.999992;;,
      11;3; 1.000000, 0.999997, 0.999992;;,
      12;3; 1.000000, 0.999997, 0.999992;;,
      13;3; 1.000000, 0.999998, 0.999991;;,
      14;3; 1.000000, 0.999998, 0.999991;;,
      15;3; 1.000000, 0.999999, 0.999990;;,
      16;3; 1.000000, 0.999999, 0.999990;;,
      17;3; 1.000000, 0.999999, 0.999989;;,
      18;3; 1.000000, 1.000000, 0.999989;;,
      19;3; 1.000000, 1.000000, 0.999989;;,
      20;3; 1.000000, 1.000000, 0.999989;;,
      21;3; 1.000000, 1.000000, 0.999989;;,
      22;3; 1.000000, 1.000000, 0.999989;;,
      23;3; 1.000000, 1.000000, 0.999989;;,
      24;3; 1.000000, 1.000000, 0.999989;;,
      25;3; 1.000000, 1.000000, 0.999989;;;
    }
    AnimationKey { // Position
      2;
      26;
      0;3; 0.000000,56.922386,13.463865;;,
      1;3;-1.665245,50.648716,13.463865;;,
      2;3; 9.075510,49.255875,13.463867;;,
      3;3;18.943752,53.109226,13.463868;;,
      4;3;19.335890,59.279896,13.463868;;,
      5;3;19.083464,60.596741,13.463868;;,
      6;3;18.550888,61.613640,13.463868;;,
      7;3;17.769377,62.389538,13.463868;;,
      8;3;16.774487,62.981819,13.463868;;,
      9;3;15.602254,63.447826,13.463868;;,
      10;3;14.285999,63.845989,13.463868;;,
      11;3;12.866946,64.102333,13.463867;;,
      12;3;11.394831,64.117706,13.463867;;,
      13;3; 9.910821,63.916786,13.463867;;,
      14;3; 8.453089,63.527786,13.463867;;,
      15;3; 7.055503,62.982239,13.463866;;,
      16;3; 5.746674,62.314476,13.463866;;,
      17;3; 4.549379,61.560894,13.463866;;,
      18;3; 3.480372,60.759186,13.463866;;,
      19;3; 2.550603,59.947533,13.463866;;,
      20;3; 1.765805,59.163864,13.463865;;,
      21;3; 1.127460,58.445332,13.463865;;,
      22;3; 0.634082,57.827896,13.463865;;,
      23;3; 0.282821,57.346199,13.463865;;,
      24;3; 0.071341,57.033604,13.463865;;,
      25;3; 0.000000,56.922386,13.463865;;;
    }
  }
  Animation {
    {Armature_Spine01}
    AnimationKey { // Rotation
      0;
      26;
      0;4;-0.995712,-0.000000,-0.000000,-0.092510;;,
      1;4;-0.997507, 0.007372,-0.000252,-0.070179;;,
      2;4;-0.998644, 0.020572,-0.001165,-0.047806;;,
      3;4;-0.997693, 0.035598,-0.001658,-0.057782;;,
      4;4;-0.995661, 0.051266,-0.001362,-0.077644;;,
      5;4;-0.994006, 0.058503,-0.000687,-0.092352;;,
      6;4;-0.993475, 0.058104, 0.002219,-0.098110;;,
      7;4;-0.993169, 0.056932, 0.008535,-0.101499;;,
      8;4;-0.993009, 0.055094, 0.015928,-0.103166;;,
      9;4;-0.992960, 0.052726, 0.022071,-0.103751;;,
      10;4;-0.993030, 0.049961, 0.024637,-0.103871;;,
      11;4;-0.993198, 0.046784, 0.024317,-0.103819;;,
      12;4;-0.993416, 0.043160, 0.023416,-0.103508;;,
      13;4;-0.993668, 0.039188, 0.022028,-0.102969;;,
      14;4;-0.993940, 0.034962, 0.020244,-0.102234;;,
      15;4;-0.994216, 0.030581, 0.018157,-0.101336;;,
      16;4;-0.994486, 0.026141, 0.015856,-0.100312;;,
      17;4;-0.994739, 0.021741, 0.013432,-0.099198;;,
      18;4;-0.994969, 0.017479, 0.010973,-0.098037;;,
      19;4;-0.995169, 0.013455, 0.008567,-0.096872;;,
      20;4;-0.995338, 0.009770, 0.006300,-0.095749;;,
      21;4;-0.995474, 0.006526, 0.004256,-0.094717;;,
      22;4;-0.995578, 0.003824, 0.002520,-0.093826;;,
      23;4;-0.995652, 0.001768, 0.001177,-0.093128;;,
      24;4;-0.995696, 0.000459, 0.000308,-0.092673;;,
      25;4;-0.995712,-0.000000,-0.000000,-0.092510;;;
    }
    AnimationKey { // Scale
      1;
      26;
      0;3; 1.000000, 1.000000, 1.000000;;,
      1;3; 1.000000, 1.000000, 1.000000;;,
      2;3; 1.000000, 1.000000, 1.000000;;,
      3;3; 1.000000, 1.000000, 1.000000;;,
      4;3; 1.000000, 1.000000, 1.000000;;,
      5;3; 1.000000, 1.000000, 1.000000;;,
      6;3; 1.000000, 1.000000, 1.000000;;,
      7;3; 1.000000, 1.000000, 1.000000;;,
      8;3; 1.000000, 1.000000, 1.000000;;,
      9;3; 1.000000, 1.000000, 1.000000;;,
      10;3; 1.000000, 1.000000, 1.000000;;,
      11;3; 1.000000, 1.000000, 1.000000;;,
      12;3; 1.000000, 1.000000, 1.000000;;,
      13;3; 1.000000, 1.000000, 1.000000;;,
      14;3; 1.000000, 1.000000, 1.000000;;,
      15;3; 1.000000, 1.000000, 1.000000;;,
      16;3; 1.000000, 1.000000, 1.000000;;,
      17;3; 1.000000, 1.000000, 1.000000;;,
      18;3; 1.000000, 1.000000, 1.000000;;,
      19;3; 1.000000, 1.000000, 1.000000;;,
      20;3; 1.000000, 1.000000, 1.000000;;,
      21;3; 1.000000, 1.000000, 1.000000;;,
      22;3; 1.000000, 1.000000, 1.000000;;,
      23;3; 1.000000, 1.000000, 1.000000;;,
      24;3; 1.000000, 1.000000, 1.000000;;,
      25;3; 1.000000, 1.000000, 1.000000;;;
    }
    AnimationKey { // Position
      2;
      26;
      0;3; 0.000001,31.336260,-0.000000;;,
      1;3; 0.000001,31.336256,-0.000000;;,
      2;3;-0.000000,31.336262, 0.000001;;,
      3;3; 0.000000,31.336260, 0.000002;;,
      4;3; 0.000002,31.336264, 0.000001;;,
      5;3; 0.000002,31.336260, 0.000004;;,
      6;3; 0.000002,31.336262,-0.000002;;,
      7;3;-0.000000,31.336262, 0.000002;;,
      8;3; 0.000001,31.336264, 0.000003;;,
      9;3; 0.000001,31.336262, 0.000003;;,
      10;3; 0.000001,31.336260, 0.000000;;,
      11;3; 0.000001,31.336262, 0.000002;;,
      12;3; 0.000000,31.336262,-0.000002;;,
      13;3;-0.000001,31.336264, 0.000004;;,
      14;3; 0.000001,31.336254,-0.000000;;,
      15;3;-0.000000,31.336266, 0.000001;;,
      16;3; 0.000001,31.336260, 0.000001;;,
      17;3; 0.000001,31.336262, 0.000001;;,
      18;3; 0.000001,31.336260,-0.000000;;,
      19;3;-0.000000,31.336258,-0.000000;;,
      20;3;-0.000001,31.336262,-0.000000;;,
      21;3; 0.000000,31.336260, 0.000000;;,
      22;3;-0.000001,31.336260, 0.000000;;,
      23;3; 0.000001,31.336260, 0.000000;;,
      24;3;-0.000000,31.336262, 0.000000;;,
      25;3; 0.000001,31.336260,-0.000000;;;
    }
  }
  Animation {
    {Armature_Spine02}
    AnimationKey { // Rotation
      0;
      26;
      0;4;-0.991947,-0.000000,-0.000000,-0.126654;;,
      1;4;-0.991943, 0.002693, 0.000568,-0.126653;;,
      2;4;-0.991901, 0.009424, 0.001988,-0.126648;;,
      3;4;-0.991776, 0.018175, 0.003834,-0.126632;;,
      4;4;-0.991571, 0.026924, 0.005679,-0.126606;;,
      5;4;-0.991360, 0.033653, 0.007099,-0.126579;;,
      6;4;-0.991262, 0.036344, 0.007666,-0.126566;;,
      7;4;-0.991117, 0.035461, 0.010144,-0.127779;;,
      8;4;-0.990740, 0.033212, 0.016017,-0.130674;;,
      9;4;-0.990236, 0.030206, 0.022949,-0.134142;;,
      10;4;-0.989776, 0.027112, 0.028620,-0.137071;;,
      11;4;-0.989601, 0.024647, 0.030734,-0.138337;;,
      12;4;-0.989690, 0.022649, 0.029915,-0.138227;;,
      13;4;-0.989839, 0.020500, 0.028393,-0.137813;;,
      14;4;-0.990035, 0.018246, 0.026292,-0.137139;;,
      15;4;-0.990262, 0.015931, 0.023735,-0.136250;;,
      16;4;-0.990507, 0.013600, 0.020848,-0.135192;;,
      17;4;-0.990756, 0.011301, 0.017751,-0.134013;;,
      18;4;-0.990999, 0.009081, 0.014568,-0.132762;;,
      19;4;-0.991227, 0.006989, 0.011421,-0.131492;;,
      20;4;-0.991431, 0.005074, 0.008429,-0.130258;;,
      21;4;-0.991607, 0.003389, 0.005713,-0.129117;;,
      22;4;-0.991750, 0.001986, 0.003393,-0.128127;;,
      23;4;-0.991857, 0.000918, 0.001588,-0.127347;;,
      24;4;-0.991924, 0.000238, 0.000417,-0.126837;;,
      25;4;-0.991947,-0.000000,-0.000000,-0.126654;;;
    }
    AnimationKey { // Scale
      1;
      26;
      0;3; 1.000000, 1.000000, 1.000000;;,
      1;3; 1.000000, 1.000000, 1.000000;;,
      2;3; 1.000000, 1.000000, 1.000000;;,
      3;3; 1.000000, 1.000000, 1.000000;;,
      4;3; 1.000000, 1.000000, 1.000000;;,
      5;3; 1.000000, 1.000000, 1.000000;;,
      6;3; 1.000000, 1.000000, 1.000000;;,
      7;3; 1.000000, 1.000000, 1.000000;;,
      8;3; 1.000000, 1.000000, 1.000000;;,
      9;3; 1.000000, 1.000000, 1.000000;;,
      10;3; 1.000000, 1.000000, 1.000000;;,
      11;3; 1.000000, 1.000000, 1.000000;;,
      12;3; 1.000000, 1.000000, 1.000000;;,
      13;3; 1.000000, 1.000000, 1.000000;;,
      14;3; 1.000000, 1.000000, 1.000000;;,
      15;3; 1.000000, 1.000000, 1.000000;;,
      16;3; 1.000000, 1.000000, 1.000000;;,
      17;3; 1.000000, 1.000000, 1.000000;;,
      18;3; 1.000000, 1.000000, 1.000000;;,
      19;3; 1.000000, 1.000000, 1.000000;;,
      20;3; 1.000000, 1.000000, 1.000000;;,
      21;3; 1.000000, 1.000000, 1.000000;;,
      22;3; 1.000000, 1.000000, 1.000000;;,
      23;3; 1.000000, 1.000000, 1.000000;;,
      24;3; 1.000000, 1.000000, 1.000000;;,
      25;3; 1.000000, 1.000000, 1.000000;;;
    }
    AnimationKey { // Position
      2;
      26;
      0;3;-0.000000,33.054729,-0.000000;;,
      1;3; 0.000001,33.054729,-0.000000;;,
      2;3; 0.000002,33.054729, 0.000000;;,
      3;3; 0.000001,33.054729, 0.000000;;,
      4;3; 0.000001,33.054729, 0.000000;;,
      5;3; 0.000000,33.054729, 0.000000;;,
      6;3;-0.000000,33.054729,-0.000001;;,
      7;3; 0.000000,33.054729, 0.000003;;,
      8;3; 0.000001,33.054729, 0.000003;;,
      9;3; 0.000001,33.054729, 0.000002;;,
      10;3; 0.000000,33.054729, 0.000003;;,
      11;3; 0.000000,33.054733,-0.000000;;,
      12;3; 0.000002,33.054733,-0.000002;;,
      13;3; 0.000001,33.054729,-0.000002;;,
      14;3; 0.000001,33.054729, 0.000001;;,
      15;3; 0.000002,33.054729,-0.000000;;,
      16;3;-0.000001,33.054729, 0.000001;;,
      17;3; 0.000002,33.054729,-0.000001;;,
      18;3;-0.000001,33.054729,-0.000001;;,
      19;3;-0.000000,33.054729,-0.000000;;,
      20;3; 0.000000,33.054729,-0.000000;;,
      21;3;-0.000001,33.054733, 0.000000;;,
      22;3; 0.000001,33.054726,-0.000000;;,
      23;3; 0.000001,33.054729, 0.000000;;,
      24;3; 0.000001,33.054729,-0.000000;;,
      25;3;-0.000000,33.054729,-0.000000;;;
    }
  }
  Animation {
    {Armature_Head}
    AnimationKey { // Rotation
      0;
      26;
      0;4;-0.998606, 0.000000, 0.000000, 0.052788;;,
      1;4;-0.998842, 0.002979, 0.004421, 0.047812;;,
      2;4;-0.999202, 0.010454, 0.015956, 0.035097;;,
      3;4;-0.999121, 0.020188, 0.032026, 0.018005;;,
      4;4;-0.998300, 0.030135, 0.049898,-0.000207;;,
      5;4;-0.996894, 0.038646, 0.066604,-0.016520;;,
      6;4;-0.995483, 0.044489, 0.078989,-0.028194;;,
      7;4;-0.994851, 0.046667, 0.083826,-0.032661;;,
      8;4;-0.994917, 0.046450, 0.083338,-0.032212;;,
      9;4;-0.995098, 0.045840, 0.081973,-0.030956;;,
      10;4;-0.995369, 0.044899, 0.079889,-0.029029;;,
      11;4;-0.995701, 0.043687, 0.077238,-0.026565;;,
      12;4;-0.996067, 0.042265, 0.074177,-0.023699;;,
      13;4;-0.996444, 0.040697, 0.070858,-0.020569;;,
      14;4;-0.996809, 0.039051, 0.067435,-0.017314;;,
      15;4;-0.997277, 0.036712, 0.062678,-0.012746;;,
      16;4;-0.997835, 0.033457, 0.056249,-0.006486;;,
      17;4;-0.998318, 0.029984, 0.049615, 0.000075;;,
      18;4;-0.998721, 0.026212, 0.042656, 0.007075;;,
      19;4;-0.999045, 0.021741, 0.034713, 0.015215;;,
      20;4;-0.999223, 0.016876, 0.026414, 0.023895;;,
      21;4;-0.999232, 0.011962, 0.018364, 0.032491;;,
      22;4;-0.999096, 0.007388, 0.011145, 0.040353;;,
      23;4;-0.998883, 0.003574, 0.005316, 0.046811;;,
      24;4;-0.998688, 0.000964, 0.001421, 0.051182;;,
      25;4;-0.998606, 0.000000, 0.000000, 0.052788;;;
    }
    AnimationKey { // Scale
      1;
      26;
      0;3; 1.000000, 1.000000, 1.000000;;,
      1;3; 1.000000, 1.000000, 1.000000;;,
      2;3; 1.000000, 1.000000, 1.000000;;,
      3;3; 1.000000, 1.000000, 1.000000;;,
      4;3; 1.000000, 1.000000, 1.000000;;,
      5;3; 1.000000, 1.000000, 1.000000;;,
      6;3; 1.000000, 1.000000, 1.000000;;,
      7;3; 1.000000, 1.000000, 1.000000;;,
      8;3; 1.000000, 1.000000, 1.000000;;,
      9;3; 1.000000, 1.000000, 1.000000;;,
      10;3; 1.000000, 1.000000, 1.000000;;,
      11;3; 1.000000, 1.000000, 1.000000;;,
      12;3; 1.000000, 1.000000, 1.000000;;,
      13;3; 1.000000, 1.000000, 1.000000;;,
      14;3; 1.000000, 1.000000, 1.000000;;,
      15;3; 1.000000, 1.000000, 1.000000;;,
      16;3; 1.000000, 1.000000, 1.000000;;,
      17;3; 1.000000, 1.000000, 1.000000;;,
      18;3; 1.000000, 1.000000, 1.000000;;,
      19;3; 1.000000, 1.000000, 1.000000;;,
      20;3; 1.000000, 1.000000, 1.000000;;,
      21;3; 1.000000, 1.000000, 1.000000;;,
      22;3; 1.000000, 1.000000, 1.000000;;,
      23;3; 1.000000, 1.000000, 1.000000;;,
      24;3; 1.000000, 1.000000, 1.000000;;,
      25;3; 1.000000, 1.000000, 1.000000;;;
    }
    AnimationKey { // Position
      2;
      26;
      0;3;-0.000002,26.597687,-0.000000;;,
      1;3;-0.000001,26.597687,-0.000000;;,
      2;3; 0.000000,26.597687,-0.000000;;,
      3;3;-0.000002,26.597689, 0.000001;;,
      4;3; 0.000002,26.597687,-0.000001;;,
      5;3; 0.000001,26.597687,-0.000003;;,
      6;3; 0.000000,26.597687,-0.000001;;,
      7;3;-0.000001,26.597687,-0.000002;;,
      8;3;-0.000001,26.597689,-0.000003;;,
      9;3; 0.000000,26.597687, 0.000002;;,
      10;3;-0.000001,26.597689,-0.000001;;,
      11;3;-0.000002,26.597689,-0.000003;;,
      12;3; 0.000000,26.597687,-0.000001;;,
      13;3; 0.000000,26.597689, 0.000001;;,
      14;3; 0.000000,26.597687,-0.000001;;,
      15;3; 0.000000,26.597691,-0.000001;;,
      16;3; 0.000002,26.597687,-0.000000;;,
      17;3;-0.000000,26.597687, 0.000001;;,
      18;3; 0.000001,26.597689, 0.000000;;,
      19;3; 0.000001,26.597687,-0.000000;;,
      20;3;-0.000001,26.597689,-0.000001;;,
      21;3;-0.000001,26.597687,-0.000000;;,
      22;3; 0.000000,26.597687,-0.000000;;,
      23;3;-0.000000,26.597683,-0.000000;;,
      24;3; 0.000001,26.597685,-0.000000;;,
      25;3;-0.000002,26.597687,-0.000000;;;
    }
  }
  Animation {
    {Armature_Eyeball}
    AnimationKey { // Rotation
      0;
      26;
      0;4;-0.553910, 0.553910,-0.439527,-0.439526;;,
      1;4;-0.555608, 0.543600,-0.452510,-0.437074;;,
      2;4;-0.558943, 0.515354,-0.487965,-0.428815;;,
      3;4;-0.560060, 0.473650,-0.539976,-0.412813;;,
      4;4;-0.555248, 0.425749,-0.599189,-0.389114;;,
      5;4;-0.544336, 0.381250,-0.653698,-0.361974;;,
      6;4;-0.532219, 0.349353,-0.692499,-0.339322;;,
      7;4;-0.526594, 0.337284,-0.707128,-0.330011;;,
      8;4;-0.527184, 0.338492,-0.705665,-0.330962;;,
      9;4;-0.528806, 0.341877,-0.701564,-0.333604;;,
      10;4;-0.531210, 0.347090,-0.695245,-0.337608;;,
      11;4;-0.534134, 0.353781,-0.687126,-0.342634;;,
      12;4;-0.537325, 0.361592,-0.677636,-0.348343;;,
      13;4;-0.540553, 0.370153,-0.667222,-0.354407;;,
      14;4;-0.543628, 0.379072,-0.656355,-0.360515;;,
      15;4;-0.547467, 0.391598,-0.641064,-0.368737;;,
      16;4;-0.551844, 0.408713,-0.620113,-0.379318;;,
      17;4;-0.555379, 0.426510,-0.598253,-0.389534;;,
      18;4;-0.558029, 0.445228,-0.575179,-0.399431;;,
      19;4;-0.559769, 0.466504,-0.548846,-0.409635;;,
      20;4;-0.560205, 0.488447,-0.521571,-0.418991;;,
      21;4;-0.559398, 0.509252,-0.495601,-0.426750;;,
      22;4;-0.557770, 0.527349,-0.472931,-0.432588;;,
      23;4;-0.555927, 0.541473,-0.455185,-0.436530;;,
      24;4;-0.554477, 0.550631,-0.443658,-0.438781;;,
      25;4;-0.553910, 0.553910,-0.439527,-0.439526;;;
    }
    AnimationKey { // Scale
      1;
      26;
      0;3; 1.000000, 1.000000, 1.000000;;,
      1;3; 1.000000, 1.000000, 1.000000;;,
      2;3; 1.000000, 1.000000, 1.000000;;,
      3;3; 1.000000, 1.000000, 1.000000;;,
      4;3; 1.000000, 1.000000, 1.000000;;,
      5;3; 1.000000, 1.000000, 1.000000;;,
      6;3; 1.000000, 1.000000, 1.000000;;,
      7;3; 1.000000, 1.000000, 1.000000;;,
      8;3; 1.000000, 1.000000, 1.000000;;,
      9;3; 1.000000, 1.000000, 1.000000;;,
      10;3; 1.000000, 1.000000, 1.000000;;,
      11;3; 1.000000, 1.000000, 1.000000;;,
      12;3; 1.000000, 1.000000, 1.000000;;,
      13;3; 1.000000, 1.000000, 1.000000;;,
      14;3; 1.000000, 1.000000, 1.000000;;,
      15;3; 1.000000, 1.000000, 1.000000;;,
      16;3; 1.000000, 1.000000, 1.000000;;,
      17;3; 1.000000, 1.000000, 1.000000;;,
      18;3; 1.000000, 1.000000, 1.000000;;,
      19;3; 1.000000, 1.000000, 1.000000;;,
      20;3; 1.000000, 1.000000, 1.000000;;,
      21;3; 1.000000, 1.000000, 1.000000;;,
      22;3; 1.000000, 1.000000, 1.000000;;,
      23;3; 1.000000, 1.000000, 1.000000;;,
      24;3; 1.000000, 1.000000, 1.000000;;,
      25;3; 1.000000, 1.000000, 1.000000;;;
    }
    AnimationKey { // Position
      2;
      26;
      0;3; 0.000000,13.390946,-0.000000;;,
      1;3;-0.000002,13.390950,-0.000001;;,
      2;3; 0.000001,13.390947, 0.000000;;,
      3;3; 0.000002,13.390953,-0.000001;;,
      4;3;-0.000000,13.390951, 0.000004;;,
      5;3;-0.000003,13.390949, 0.000001;;,
      6;3;-0.000001,13.390948, 0.000005;;,
      7;3;-0.000002,13.390948,-0.000001;;,
      8;3;-0.000002,13.390956, 0.000005;;,
      9;3;-0.000003,13.390949,-0.000001;;,
      10;3;-0.000005,13.390951, 0.000001;;,
      11;3;-0.000002,13.390946, 0.000002;;,
      12;3;-0.000003,13.390950, 0.000000;;,
      13;3; 0.000001,13.390948,-0.000001;;,
      14;3;-0.000001,13.390949, 0.000001;;,
      15;3; 0.000001,13.390945,-0.000000;;,
      16;3;-0.000005,13.390951, 0.000002;;,
      17;3;-0.000001,13.390950,-0.000001;;,
      18;3; 0.000000,13.390948, 0.000001;;,
      19;3;-0.000003,13.390953, 0.000000;;,
      20;3; 0.000001,13.390951,-0.000000;;,
      21;3;-0.000002,13.390950, 0.000000;;,
      22;3;-0.000002,13.390955, 0.000000;;,
      23;3; 0.000000,13.390953,-0.000000;;,
      24;3;-0.000002,13.390954,-0.000000;;,
      25;3; 0.000000,13.390946,-0.000000;;;
    }
  }
  Animation {
    {Armature_UpperCover}
    AnimationKey { // Rotation
      0;
      26;
      0;4;-0.553910, 0.553910,-0.439527,-0.439526;;,
      1;4;-0.550759, 0.550758,-0.443470,-0.443469;;,
      2;4;-0.541929, 0.541928,-0.454218,-0.454217;;,
      3;4;-0.528179, 0.528178,-0.470136,-0.470135;;,
      4;4;-0.510593, 0.510593,-0.489178,-0.489177;;,
      5;4;-0.491007, 0.491007,-0.508835,-0.508834;;,
      6;4;-0.472059, 0.472059,-0.526461,-0.526460;;,
      7;4;-0.456930, 0.456930,-0.539644,-0.539643;;,
      8;4;-0.445016, 0.445016,-0.549510,-0.549509;;,
      9;4;-0.433774, 0.433773,-0.558427,-0.558426;;,
      10;4;-0.423642, 0.423641,-0.566152,-0.566151;;,
      11;4;-0.415055, 0.415054,-0.572477,-0.572477;;,
      12;4;-0.408433, 0.408433,-0.577220,-0.577219;;,
      13;4;-0.404180, 0.404180,-0.580206,-0.580205;;,
      14;4;-0.402680, 0.402679,-0.581248,-0.581248;;,
      15;4;-0.454321, 0.454320,-0.541842,-0.541842;;,
      16;4;-0.534618, 0.534617,-0.462801,-0.462800;;,
      17;4;-0.566891, 0.566890,-0.422653,-0.422652;;,
      18;4;-0.566322, 0.566321,-0.423415,-0.423414;;,
      19;4;-0.564827, 0.564826,-0.425407,-0.425407;;,
      20;4;-0.562723, 0.562722,-0.428186,-0.428186;;,
      21;4;-0.560328, 0.560327,-0.431316,-0.431315;;,
      22;4;-0.557953, 0.557952,-0.434384,-0.434384;;,
      23;4;-0.555898, 0.555897,-0.437010,-0.437010;;,
      24;4;-0.554455, 0.554455,-0.438839,-0.438839;;,
      25;4;-0.553910, 0.553910,-0.439527,-0.439526;;;
    }
    AnimationKey { // Scale
      1;
      26;
      0;3; 1.000000, 1.000000, 1.000000;;,
      1;3; 1.000000, 1.000000, 1.000000;;,
      2;3; 1.000000, 1.000000, 1.000000;;,
      3;3; 1.000000, 1.000000, 1.000000;;,
      4;3; 1.000000, 1.000000, 1.000000;;,
      5;3; 1.000000, 1.000000, 1.000000;;,
      6;3; 1.000000, 1.000000, 1.000000;;,
      7;3; 1.000000, 1.000000, 1.000000;;,
      8;3; 1.000000, 1.000000, 1.000000;;,
      9;3; 1.000000, 1.000000, 1.000000;;,
      10;3; 1.000000, 1.000000, 1.000000;;,
      11;3; 1.000000, 1.000000, 1.000000;;,
      12;3; 1.000000, 1.000000, 1.000000;;,
      13;3; 1.000000, 1.000000, 1.000000;;,
      14;3; 1.000000, 1.000000, 1.000000;;,
      15;3; 1.000000, 1.000000, 1.000000;;,
      16;3; 1.000000, 1.000000, 1.000000;;,
      17;3; 1.000000, 1.000000, 1.000000;;,
      18;3; 1.000000, 1.000000, 1.000000;;,
      19;3; 1.000000, 1.000000, 1.000000;;,
      20;3; 1.000000, 1.000000, 1.000000;;,
      21;3; 1.000000, 1.000000, 1.000000;;,
      22;3; 1.000000, 1.000000, 1.000000;;,
      23;3; 1.000000, 1.000000, 1.000000;;,
      24;3; 1.000000, 1.000000, 1.000000;;,
      25;3; 1.000000, 1.000000, 1.000000;;;
    }
    AnimationKey { // Position
      2;
      26;
      0;3; 0.000000,13.390946,-0.000000;;,
      1;3;-0.000002,13.390950,-0.000001;;,
      2;3; 0.000001,13.390947, 0.000000;;,
      3;3; 0.000002,13.390953,-0.000001;;,
      4;3;-0.000000,13.390951, 0.000004;;,
      5;3;-0.000003,13.390949, 0.000001;;,
      6;3;-0.000001,13.390948, 0.000005;;,
      7;3;-0.000002,13.390948,-0.000001;;,
      8;3;-0.000002,13.390956, 0.000005;;,
      9;3;-0.000003,13.390949,-0.000001;;,
      10;3;-0.000005,13.390951, 0.000001;;,
      11;3;-0.000002,13.390946, 0.000002;;,
      12;3;-0.000003,13.390950, 0.000000;;,
      13;3; 0.000001,13.390948,-0.000001;;,
      14;3;-0.000001,13.390949, 0.000001;;,
      15;3; 0.000001,13.390945,-0.000000;;,
      16;3;-0.000005,13.390951, 0.000002;;,
      17;3;-0.000001,13.390950,-0.000001;;,
      18;3; 0.000000,13.390948, 0.000001;;,
      19;3;-0.000003,13.390953, 0.000000;;,
      20;3; 0.000001,13.390951,-0.000000;;,
      21;3;-0.000002,13.390950, 0.000000;;,
      22;3;-0.000002,13.390955, 0.000000;;,
      23;3; 0.000000,13.390953,-0.000000;;,
      24;3;-0.000002,13.390954,-0.000000;;,
      25;3; 0.000000,13.390946,-0.000000;;;
    }
  }
  Animation {
    {Armature_BottomCover}
    AnimationKey { // Rotation
      0;
      26;
      0;4;-0.458602, 0.458602,-0.538223,-0.538223;;,
      1;4;-0.462628, 0.462627,-0.534767,-0.534767;;,
      2;4;-0.472848, 0.472847,-0.525752,-0.525752;;,
      3;4;-0.486356, 0.486356,-0.513282,-0.513281;;,
      4;4;-0.500309, 0.500308,-0.499692,-0.499691;;,
      5;4;-0.512274, 0.512273,-0.487418,-0.487417;;,
      6;4;-0.520448, 0.520448,-0.478680,-0.478679;;,
      7;4;-0.523477, 0.523476,-0.475366,-0.475365;;,
      8;4;-0.523447, 0.523447,-0.475398,-0.475398;;,
      9;4;-0.523239, 0.523239,-0.475627,-0.475627;;,
      10;4;-0.522673, 0.522672,-0.476249,-0.476249;;,
      11;4;-0.521562, 0.521561,-0.477466,-0.477465;;,
      12;4;-0.519707, 0.519706,-0.479485,-0.479484;;,
      13;4;-0.516885, 0.516884,-0.482525,-0.482525;;,
      14;4;-0.512841, 0.512841,-0.486821,-0.486820;;,
      15;4;-0.449603, 0.449602,-0.545764,-0.545763;;,
      16;4;-0.338697, 0.338697,-0.620713,-0.620712;;,
      17;4;-0.316261, 0.316261,-0.632439,-0.632439;;,
      18;4;-0.316683, 0.316682,-0.632228,-0.632228;;,
      19;4;-0.321609, 0.321609,-0.629737,-0.629736;;,
      20;4;-0.336801, 0.336800,-0.621744,-0.621744;;,
      21;4;-0.363408, 0.363408,-0.606576,-0.606576;;,
      22;4;-0.396457, 0.396456,-0.585510,-0.585510;;,
      23;4;-0.427838, 0.427837,-0.562988,-0.562987;;,
      24;4;-0.450234, 0.450233,-0.545243,-0.545242;;,
      25;4;-0.458602, 0.458602,-0.538223,-0.538223;;;
    }
    AnimationKey { // Scale
      1;
      26;
