xof 0303txt 0032

Frame Root {
  FrameTransformMatrix {
     1.000000, 0.000000, 0.000000, 0.000000,
     0.000000,-0.000000,-1.000000, 0.000000,
     0.000000, 1.000000,-0.000000, 0.000000,
     0.000000, 0.000000, 0.000000, 1.000000;;
  }
  Frame Armature {
    FrameTransformMatrix {
       0.010000, 0.000000, 0.000000, 0.000000,
       0.000000, 0.010000, 0.000000, 0.000000,
       0.000000, 0.000000, 0.010000, 0.000000,
       0.000000, 0.000000, 0.000000, 1.000000;;
    }
    Frame Armature_Body {
      FrameTransformMatrix {
        -0.000000, 0.104192, 0.994557, 0.000000,
         0.000000, 0.994557,-0.104192, 0.000000,
        -0.999989,-0.000001,-0.000000, 0.000000,
        -0.000000,-31.750267,13.463866, 1.000000;;
      }
      Frame Armature_Spine01 {
        FrameTransformMatrix {
           0.982884,-0.184227, 0.000000, 0.000000,
           0.184227, 0.982884, 0.000000, 0.000000,
          -0.000000, 0.000000, 1.000000, 0.000000,
          -0.189091,29.531305, 0.000000, 1.000000;;
        }
        Frame Armature_Shell {
          FrameTransformMatrix {
            -0.089122, 0.996021,-0.000001, 0.000000,
             0.996021, 0.089122,-0.000000, 0.000000,
            -0.000000,-0.000001,-1.000000, 0.000000,
            37.512909,14.992229,-0.000006, 1.000000;;
          }
          Frame Armature_HornL01 {
            FrameTransformMatrix {
              -0.999983,-0.003934,-0.004219, 0.000000,
               0.000079, 0.721943,-0.691953, 0.000000,
               0.005768,-0.691942,-0.721930, 0.000000,
               1.770170,-3.061640, 2.484930, 1.000000;;
            }
            Frame Armature_HornLTip01 {
              FrameTransformMatrix {
                 0.999981,-0.006097,-0.000000, 0.000000,
                 0.004219, 0.691953, 0.721931, 0.000000,
                -0.004401,-0.721917, 0.691965, 0.000000,
                 0.000000,26.061649, 0.000003, 1.000000;;
              }
            } // End of Armature_HornLTip01
          } // End of Armature_HornL01
          Frame Armature_HornL02 {
            FrameTransformMatrix {
              -0.863740, 0.261626,-0.430703, 0.000000,
               0.503888, 0.460365,-0.730863, 0.000000,
               0.007067,-0.848302,-0.529466, 0.000000,
               7.385054,-10.089216,-6.977462, 1.000000;;
            }
            Frame Armature_HornLTip02 {
              FrameTransformMatrix {
                 0.861529,-0.507708, 0.000005, 0.000000,
                 0.430702, 0.730863, 0.529466, 0.000000,
                -0.268818,-0.456149, 0.848331, 0.000000,
                 0.000001,22.917959,-0.000005, 1.000000;;
              }
            } // End of Armature_HornLTip02
          } // End of Armature_HornL02
          Frame Armature_HornL03 {
            FrameTransformMatrix {
              -0.825636,-0.306001, 0.474013, 0.000000,
              -0.564159, 0.437253,-0.700382, 0.000000,
               0.007054,-0.845679,-0.533645, 0.000000,
              -3.644026,-10.301654,-4.988700, 1.000000;;
            }
            Frame Armature_HornLTip03 {
              FrameTransformMatrix {
                 0.828158, 0.560494,-0.000004, 0.000000,
                -0.474013, 0.700382, 0.533645, 0.000000,
                 0.299108,-0.441940, 0.845709, 0.000000,
                -0.000000,21.928833,-0.000002, 1.000000;;
              }
            } // End of Armature_HornLTip03
          } // End of Armature_HornL03
          Frame Armature_HornL04 {
            FrameTransformMatrix {
              -0.999925,-0.010402, 0.006519, 0.000000,
              -0.009356, 0.302043,-0.953249, 0.000000,
               0.007946,-0.953238,-0.302117, 0.000000,
               3.954092,-20.985760,-9.275584, 1.000000;;
            }
            Frame Armature_HornLTip04 {
              FrameTransformMatrix {
                 0.999977, 0.006838,-0.000000, 0.000000,
                -0.006518, 0.953248, 0.302118, 0.000000,
                 0.002066,-0.302110, 0.953271, 0.000000,
                 0.000001,25.214073, 0.000002, 1.000000;;
              }
            } // End of Armature_HornLTip04
          } // End of Armature_HornL04
          Frame Armature_HornMid01 {
            FrameTransformMatrix {
              -0.484909,-0.874565,-0.000000, 0.000000,
              -0.874565, 0.484909, 0.000001, 0.000000,
              -0.000001, 0.000001,-1.000000, 0.000000,
              -7.171382,-15.038781, 0.000009, 1.000000;;
            }
            Frame Armature_HornMidTip01 {
              FrameTransformMatrix {
                 0.492182, 0.870492, 0.000001, 0.000000,
                 0.000000,-0.000001, 1.000000, 0.000000,
                 0.870492,-0.492182,-0.000001, 0.000000,
                 0.000004,23.230297,-0.000000, 1.000000;;
              }
            } // End of Armature_HornMidTip01
          } // End of Armature_HornMid01
          Frame Armature_HornMid02 {
            FrameTransformMatrix {
              -0.985332,-0.170649, 0.000000, 0.000000,
              -0.170649, 0.985332, 0.000000, 0.000000,
              -0.000000, 0.000000,-1.000000, 0.000000,
               6.489134,-0.260424,-0.000006, 1.000000;;
            }
            Frame Armature_HornMidTip02 {
              FrameTransformMatrix {
                 0.986720, 0.162430, 0.000000, 0.000000,
                 0.000000,-0.000000, 1.000000, 0.000000,
                 0.162430,-0.986720,-0.000000, 0.000000,
                 0.000000,23.869213, 0.000000, 1.000000;;
              }
            } // End of Armature_HornMidTip02
          } // End of Armature_HornMid02
          Frame Armature_HornMid03 {
            FrameTransformMatrix {
              -0.742934, 0.669365, 0.000000, 0.000000,
               0.669365, 0.742934,-0.000001, 0.000000,
              -0.000001,-0.000001,-1.000000, 0.000000,
              14.000224,-8.021652,-0.000016, 1.000000;;
            }
            Frame Armature_HornMidTip03 {
              FrameTransformMatrix {
                 0.737329,-0.675534, 0.000001, 0.000000,
                -0.000000, 0.000001, 1.000000, 0.000000,
                -0.675534,-0.737328, 0.000001, 0.000000,
                -0.000000,23.350195,-0.000000, 1.000000;;
              }
            } // End of Armature_HornMidTip03
          } // End of Armature_HornMid03
          Frame Armature_HornR01 {
            FrameTransformMatrix {
              -0.999983,-0.003934, 0.004219, 0.000000,
               0.000079, 0.721944, 0.691951, 0.000000,
              -0.005768, 0.691940,-0.721932, 0.000000,
               1.770123,-3.061685,-2.484893, 1.000000;;
            }
            Frame Armature_HornRTip01 {
              FrameTransformMatrix {
                -0.999981, 0.006097,-0.000000, 0.000000,
                -0.004219,-0.691951, 0.721932, 0.000000,
                 0.004402, 0.721919, 0.691964, 0.000000,
                 0.000000,26.061678,-0.000003, 1.000000;;
              }
            } // End of Armature_HornRTip01
          } // End of Armature_HornR01
          Frame Armature_HornR02 {
            FrameTransformMatrix {
              -0.863739, 0.261627, 0.430705, 0.000000,
               0.503891, 0.460365, 0.730862, 0.000000,
              -0.007068, 0.848302,-0.529466, 0.000000,
               7.384940,-10.089232, 6.977417, 1.000000;;
            }
            Frame Armature_HornRTip02 {
              FrameTransformMatrix {
                -0.861528, 0.507710, 0.000004, 0.000000,
                -0.430705,-0.730862, 0.529466, 0.000000,
                 0.268818, 0.456148, 0.848331, 0.000000,
                -0.000000,22.917995, 0.000003, 1.000000;;
              }
            } // End of Armature_HornRTip02
          } // End of Armature_HornR02
          Frame Armature_HornR03 {
            FrameTransformMatrix {
              -0.825636,-0.306000,-0.474014, 0.000000,
              -0.564159, 0.437250, 0.700383, 0.000000,
              -0.007054, 0.845681,-0.533643, 0.000000,
              -3.643965,-10.301526, 4.988736, 1.000000;;
            }
            Frame Armature_HornRTip03 {
              FrameTransformMatrix {
                -0.828158,-0.560495,-0.000005, 0.000000,
                 0.474014,-0.700383, 0.533643, 0.000000,
                -0.299107, 0.441938, 0.845710, 0.000000,
                -0.000001,21.928846, 0.000004, 1.000000;;
              }
            } // End of Armature_HornRTip03
          } // End of Armature_HornR03
          Frame Armature_HornR04 {
            FrameTransformMatrix {
              -0.999925,-0.010401,-0.006518, 0.000000,
              -0.009355, 0.302042, 0.953249, 0.000000,
              -0.007946, 0.953238,-0.302116, 0.000000,
               3.954095,-20.985697, 9.275525, 1.000000;;
            }
            Frame Armature_HornRTip04 {
              FrameTransformMatrix {
                -0.999977,-0.006837,-0.000000, 0.000000,
                 0.006518,-0.953249, 0.302117, 0.000000,
                -0.002066, 0.302110, 0.953271, 0.000000,
                -0.000001,25.214048,-0.000000, 1.000000;;
              }
            } // End of Armature_HornRTip04
          } // End of Armature_HornR04
        } // End of Armature_Shell
        Frame Armature_Spine02 {
          FrameTransformMatrix {
             0.967918,-0.251268, 0.000000, 0.000000,
             0.251268, 0.967918,-0.000000, 0.000000,
            -0.000000, 0.000000, 1.000000, 0.000000,
             0.121078,31.561434, 0.000000, 1.000000;;
          }
          Frame Armature_Head {
            FrameTransformMatrix {
               0.994427, 0.105429,-0.000000, 0.000000,
              -0.105429, 0.994427, 0.000000, 0.000000,
               0.000000,-0.000000, 1.000000, 0.000000,
               0.390803,25.474693,-0.000000, 1.000000;;
            }
            Frame Armature_BottomCover {
              FrameTransformMatrix {
                -0.599916,-0.800063, 0.000001, 0.000000,
                -0.000000, 0.000001, 1.000000, 0.000000,
                -0.800063, 0.599916,-0.000001, 0.000000,
                 0.000002,13.390953,-0.000000, 1.000000;;
              }
            } // End of Armature_BottomCover
            Frame Armature_Eyeball {
              FrameTransformMatrix {
                 0.227265,-0.973833, 0.000001, 0.000000,
                -0.000000, 0.000001, 1.000000, 0.000000,
                -0.973833,-0.227265, 0.000000, 0.000000,
                 0.000002,13.390953,-0.000000, 1.000000;;
              }
            } // End of Armature_Eyeball
            Frame Armature_UpperCover {
              FrameTransformMatrix {
                 0.301920,-0.953333, 0.000001, 0.000000,
                -0.000000, 0.000001, 1.000000, 0.000000,
                -0.953333,-0.301920, 0.000000, 0.000000,
                 0.000002,13.390953,-0.000000, 1.000000;;
              }
            } // End of Armature_UpperCover
          } // End of Armature_Head
        } // End of Armature_Spine02
      } // End of Armature_Spine01
    } // End of Armature_Body
    Frame TurtleShell {
      FrameTransformMatrix {
         1.000000,-0.000000,-0.000000, 0.000000,
        -0.000000, 1.000000, 0.000000, 0.000000,
        -0.000000, 0.000000, 1.000000, 0.000000,
        -0.000000,-0.000000,-1.233471, 1.000000;;
      }
    } // End of TurtleShell
  } // End of Armature
} // End of Root
AnimationSet Global {
  Animation {
    {Armature}
    AnimationKey { // Rotation
      0;
      1;
      0;4;-1.000000, 0.000000, 0.000000, 0.000000;;;
    }
    AnimationKey { // Scale
      1;
      1;
      0;3; 0.010000, 0.010000, 0.010000;;;
    }
    AnimationKey { // Position
      2;
      1;
      0;3; 0.000000, 0.000000, 0.000000;;;
    }
  }
  Animation {
    {Armature_Body}
    AnimationKey { // Rotation
      0;
      1;
      0;4;-0.706144,-0.036887,-0.706144, 0.036888;;;
    }
    AnimationKey { // Scale
      1;
      1;
      0;3; 1.000000, 1.000000, 0.999989;;;
    }
    AnimationKey { // Position
      2;
      1;
      0;3;-0.000000,-31.750267,13.463866;;;
    }
  }
  Animation {
    {Armature_Spine01}
    AnimationKey { // Rotation
      0;
      1;
      0;4;-0.995712,-0.000000,-0.000000,-0.092510;;;
    }
    AnimationKey { // Scale
      1;
      1;
      0;3; 1.000000, 1.000000, 1.000000;;;
    }
    AnimationKey { // Position
      2;
      1;
      0;3;-0.189091,29.531305, 0.000000;;;
    }
  }
  Animation {
    {Armature_Spine02}
    AnimationKey { // Rotation
      0;
      1;
      0;4;-0.991947,-0.000000,-0.000000,-0.126654;;;
    }
    AnimationKey { // Scale
      1;
      1;
      0;3; 1.000000, 1.000000, 1.000000;;;
    }
    AnimationKey { // Position
      2;
      1;
      0;3; 0.121078,31.561434, 0.000000;;;
    }
  }
  Animation {
    {Armature_Head}
    AnimationKey { // Rotation
      0;
      1;
      0;4;-0.998606, 0.000000, 0.000000, 0.052788;;;
    }
    AnimationKey { // Scale
      1;
      1;
      0;3; 1.000000, 1.000000, 1.000000;;;
    }
    AnimationKey { // Position
      2;
      1;
      0;3; 0.390803,25.474693,-0.000000;;;
    }
  }
  Animation {
    {Armature_Eyeball}
    AnimationKey { // Rotation
      0;
      1;
      0;4;-0.553910, 0.553910,-0.439527,-0.439526;;;
    }
    AnimationKey { // Scale
      1;
      1;
      0;3; 1.000000, 1.000000, 1.000000;;;
    }
    AnimationKey { // Position
      2;
      1;
      0;3; 0.000002,13.390953,-0.000000;;;
    }
  }
  Animation {
    {Armature_UpperCover}
    AnimationKey { // Rotation
      0;
      1;
      0;4;-0.570509, 0.570508,-0.417756,-0.417756;;;
    }
    AnimationKey { // Scale
      1;
      1;
      0;3; 1.000000, 1.000000, 1.000000;;;
    }
    AnimationKey { // Position
      2;
      1;
      0;3; 0.000002,13.390953,-0.000000;;;
    }
  }
  Animation {
    {Armature_BottomCover}
    AnimationKey { // Rotation
      0;
      1;
      0;4;-0.316261, 0.316261,-0.632439,-0.632439;;;
    }
    AnimationKey { // Scale
      1;
      1;
      0;3; 1.000000, 1.000000, 1.000000;;;
    }
    AnimationKey { // Position
      2;
      1;
      0;3; 0.000002,13.390953,-0.000000;;;
    }
  }
  Animation {
    {Armature_Shell}
    AnimationKey { // Rotation
      0;
      1;
      0;4;-0.000000, 0.674862, 0.737944,-0.000000;;;
    }
    AnimationKey { // Scale
      1;
      1;
      0;3; 1.000000, 1.000000, 1.000000;;;
    }
    AnimationKey { // Position
      2;
      1;
      0;3;37.512909,14.992229,-0.000006;;;
    }
  }
  Animation {
    {Armature_HornMid01}
    AnimationKey { // Rotation
      0;
      1;
      0;4; 0.000000,-0.507490, 0.861658, 0.000000;;;
    }
    AnimationKey { // Scale
      1;
      1;
      0;3; 1.000000, 1.000000, 1.000000;;;
    }
    AnimationKey { // Position
      2;
      1;
      0;3;-7.171382,-15.038781, 0.000009;;;
    }
  }
  Animation {
    {Armature_HornMidTip01}
    AnimationKey { // Rotation
      0;
      1;
      0;4;-0.610774, 0.610775, 0.356307, 0.356307;;;
    }
    AnimationKey { // Scale
      1;
      1;
      0;3; 1.000000, 1.000000, 1.000000;;;
    }
    AnimationKey { // Position
      2;
      1;
      0;3; 0.000004,23.230297,-0.000000;;;
    }
  }
  Animation {
    {Armature_HornMid02}
    AnimationKey { // Rotation
      0;
      1;
      0;4; 0.000000,-0.085639, 0.996326, 0.000000;;;
    }
    AnimationKey { // Scale
      1;
      1;
      0;3; 1.000000, 1.000000, 1.000000;;;
    }
    AnimationKey { // Position
      2;
      1;
      0;3; 6.489134,-0.260424,-0.000006;;;
    }
  }
  Animation {
    {Armature_HornMidTip02}
    AnimationKey { // Rotation
      0;
      1;
      0;4;-0.704755, 0.704755, 0.057619, 0.057619;;;
    }
    AnimationKey { // Scale
      1;
      1;
      0;3; 1.000000, 1.000000, 1.000000;;;
    }
    AnimationKey { // Position
      2;
      1;
      0;3; 0.000000,23.869213, 0.000000;;;
    }
  }
  Animation {
    {Armature_HornMid03}
    AnimationKey { // Rotation
      0;
      1;
      0;4; 0.000000, 0.358515, 0.933524,-0.000000;;;
    }
    AnimationKey { // Scale
      1;
      1;
      0;3; 1.000000, 1.000000, 1.000000;;;
    }
    AnimationKey { // Position
      2;
      1;
      0;3;14.000224,-8.021652,-0.000016;;;
    }
  }
  Animation {
    {Armature_HornMidTip03}
    AnimationKey { // Rotation
      0;
      1;
      0;4;-0.659039, 0.659039,-0.256258,-0.256257;;;
    }
    AnimationKey { // Scale
      1;
      1;
      0;3; 1.000000, 1.000000, 1.000000;;;
    }
    AnimationKey { // Position
      2;
      1;
      0;3;-0.000000,23.350195,-0.000000;;;
    }
  }
  Animation {
    {Armature_HornL01}
    AnimationKey { // Rotation
      0;
      1;
      0;4;-0.002691,-0.001039, 0.927882,-0.372864;;;
    }
    AnimationKey { // Scale
      1;
      1;
      0;3; 1.000000, 1.000000, 1.000000;;;
    }
    AnimationKey { // Position
      2;
      1;
      0;3; 1.770170,-3.061640, 2.484930;;;
    }
  }
  Animation {
    {Armature_HornLTip01}
    AnimationKey { // Rotation
      0;
      1;
      0;4;-0.919769, 0.392448,-0.001196,-0.002804;;;
    }
    AnimationKey { // Scale
      1;
      1;
      0;3; 1.000000, 1.000000, 1.000000;;;
    }
    AnimationKey { // Position
      2;
      1;
      0;3; 0.000000,26.061649, 0.000003;;;
    }
  }
  Animation {
    {Armature_HornL03}
    AnimationKey { // Rotation
      0;
      1;
      0;4;-0.139617, 0.260171,-0.836142, 0.462260;;;
    }
    AnimationKey { // Scale
      1;
      1;
      0;3; 1.000000, 1.000000, 1.000000;;;
    }
    AnimationKey { // Position
      2;
      1;
      0;3;-3.644026,-10.301654,-4.988700;;;
    }
  }
  Animation {
    {Armature_HornLTip03}
    AnimationKey { // Rotation
      0;
      1;
      0;4;-0.918456, 0.265550, 0.081417, 0.281589;;;
    }
    AnimationKey { // Scale
      1;
      1;
      0;3; 1.000000, 1.000000, 1.000000;;;
    }
    AnimationKey { // Position
      2;
      1;
      0;3;-0.000000,21.928833,-0.000002;;;
    }
  }
  Animation {
    {Armature_HornL02}
    AnimationKey { // Rotation
      0;
      1;
      0;4;-0.129575, 0.226584, 0.844626,-0.467416;;;
    }
    AnimationKey { // Scale
      1;
      1;
      0;3; 1.000000, 1.000000, 1.000000;;;
    }
    AnimationKey { // Position
      2;
      1;
      0;3; 7.385054,-10.089216,-6.977462;;;
    }
  }
  Animation {
    {Armature_HornLTip02}
    AnimationKey { // Rotation
      0;
      1;
      0;4;-0.927459, 0.265676,-0.072462,-0.252952;;;
    }
    AnimationKey { // Scale
      1;
      1;
      0;3; 1.000000, 1.000000, 1.000000;;;
    }
    AnimationKey { // Position
      2;
      1;
      0;3; 0.000001,22.917959,-0.000005;;;
    }
  }
  Animation {
    {Armature_HornL04}
    AnimationKey { // Rotation
      0;
      1;
      0;4;-0.000442,-0.006122, 0.806859,-0.590712;;;
    }
    AnimationKey { // Scale
      1;
      1;
      0;3; 1.000000, 1.000000, 1.000000;;;
    }
    AnimationKey { // Position
      2;
      1;
      0;3; 3.954092,-20.985760,-9.275584;;;
    }
  }
  Animation {
    {Armature_HornLTip04}
    AnimationKey { // Rotation
      0;
      1;
      0;4;-0.988243, 0.152854, 0.000523, 0.003379;;;
    }
    AnimationKey { // Scale
      1;
      1;
      0;3; 1.000000, 1.000000, 1.000000;;;
    }
    AnimationKey { // Position
      2;
      1;
      0;3; 0.000001,25.214073, 0.000002;;;
    }
  }
  Animation {
    {Armature_HornR01}
    AnimationKey { // Rotation
      0;
      1;
      0;4; 0.002691,-0.001039, 0.927882, 0.372863;;;
    }
    AnimationKey { // Scale
      1;
      1;
      0;3; 1.000000, 1.000000, 1.000000;;;
    }
    AnimationKey { // Position
      2;
      1;
      0;3; 1.770123,-3.061685,-2.484893;;;
    }
  }
  Animation {
    {Armature_HornRTip01}
    AnimationKey { // Rotation
      0;
      1;
      0;4;-0.002804, 0.001196, 0.392450, 0.919768;;;
    }
    AnimationKey { // Scale
      1;
      1;
      0;3; 1.000000, 1.000000, 1.000000;;;
    }
    AnimationKey { // Position
      2;
      1;
      0;3; 0.000000,26.061678,-0.000003;;;
    }
  }
  Animation {
    {Armature_HornR02}
    AnimationKey { // Rotation
      0;
      1;
      0;4;-0.129576,-0.226585,-0.844626,-0.467415;;;
    }
    AnimationKey { // Scale
      1;
      1;
      0;3; 1.000000, 1.000000, 1.000000;;;
    }
    AnimationKey { // Position
      2;
      1;
      0;3; 7.384940,-10.089232, 6.977417;;;
    }
  }
  Animation {
    {Armature_HornRTip02}
    AnimationKey { // Rotation
      0;
      1;
      0;4;-0.252953, 0.072462, 0.265676, 0.927459;;;
    }
    AnimationKey { // Scale
      1;
      1;
      0;3; 1.000000, 1.000000, 1.000000;;;
    }
    AnimationKey { // Position
      2;
      1;
      0;3;-0.000000,22.917995, 0.000003;;;
    }
  }
  Animation {
    {Armature_HornR03}
    AnimationKey { // Rotation
      0;
      1;
      0;4;-0.139617,-0.260171, 0.836141, 0.462262;;;
    }
    AnimationKey { // Scale
      1;
      1;
      0;3; 1.000000, 1.000000, 1.000000;;;
    }
    AnimationKey { // Position
      2;
      1;
      0;3;-3.643965,-10.301526, 4.988736;;;
    }
  }
  Animation {
    {Armature_HornRTip03}
    AnimationKey { // Rotation
      0;
      1;
      0;4;-0.281589, 0.081417,-0.265549,-0.918457;;;
    }
    AnimationKey { // Scale
      1;
      1;
      0;3; 1.000000, 1.000000, 1.000000;;;
    }
    AnimationKey { // Position
      2;
      1;
      0;3;-0.000001,21.928846, 0.000004;;;
    }
  }
  Animation {
    {Armature_HornR04}
    AnimationKey { // Rotation
      0;
      1;
      0;4; 0.000443,-0.006122, 0.806859, 0.590713;;;
    }
    AnimationKey { // Scale
      1;
      1;
      0;3; 1.000000, 1.000000, 1.000000;;;
    }
    AnimationKey { // Position
      2;
      1;
      0;3; 3.954095,-20.985697, 9.275525;;;
    }
  }
  Animation {
    {Armature_HornRTip04}
    AnimationKey { // Rotation
      0;
      1;
      0;4; 0.003379,-0.000523, 0.152854, 0.988243;;;
    }
    AnimationKey { // Scale
      1;
      1;
      0;3; 1.000000, 1.000000, 1.000000;;;
    }
    AnimationKey { // Position
      2;
      1;
      0;3;-0.000001,25.214048,-0.000000;;;
    }
  }
  Animation {
    {TurtleShell}
    AnimationKey { // Rotation
      0;
      1;
      0;4;-1.000000, 0.000000, 0.000000, 0.000000;;;
    }
    AnimationKey { // Scale
      1;
      1;
      0;3; 1.000000, 1.000000, 1.000000;;;
    }
    AnimationKey { // Position
      2;
      1;
      0;3;-0.000000,-0.000000,-1.233471;;;
    }
  }
} // End of AnimationSet Global
