xof 0303txt 0032

Frame Root {
  FrameTransformMatrix {
     1.000000, 0.000000, 0.000000, 0.000000,
     0.000000,-0.000000,-1.000000, 0.000000,
     0.000000, 1.000000,-0.000000, 0.000000,
     0.000000, 0.000000, 0.000000, 1.000000;;
  }
  Frame Armature {
    FrameTransformMatrix {
       0.010000, 0.000000, 0.000000, 0.000000,
       0.000000, 0.010000, 0.000000, 0.000000,
       0.000000, 0.000000, 0.010000, 0.000000,
       0.000000, 0.000000, 0.000000, 1.000000;;
    }
    Frame Armature_Body {
      FrameTransformMatrix {
        -0.000000,-0.104192, 0.994557, 0.000000,
        -0.000000,-0.994557,-0.104192, 0.000000,
         0.999989, 0.000001, 0.000000, 0.000000,
        -0.000000,51.922386,13.463865, 1.000000;;
      }
      Frame Armature_Spine01 {
        FrameTransformMatrix {
           0.982884,-0.184227, 0.000000, 0.000000,
           0.184227, 0.982884, 0.000000, 0.000000,
          -0.000000, 0.000000, 1.000000, 0.000000,
           0.312575,34.319927,-0.000000, 1.000000;;
        }
        Frame Armature_Shell {
          FrameTransformMatrix {
            -0.157013, 0.987596,-0.000001, 0.000000,
             0.987597, 0.157013,-0.000000, 0.000000,
            -0.000000,-0.000001,-1.000000, 0.000000,
            37.512909,14.992227,-0.000006, 1.000000;;
          }
          Frame Armature_HornL01 {
            FrameTransformMatrix {
              -0.999983,-0.003934,-0.004219, 0.000000,
               0.000079, 0.721943,-0.691953, 0.000000,
               0.005768,-0.691942,-0.721930, 0.000000,
               1.772064,14.321976,-14.176553, 1.000000;;
            }
            Frame Armature_HornLTip01 {
              FrameTransformMatrix {
                 0.999981,-0.006097,-0.000000, 0.000000,
                 0.004219, 0.691953, 0.721931, 0.000000,
                -0.004401,-0.721917, 0.691966, 0.000000,
                -0.000001,26.061644, 0.000000, 1.000000;;
              }
            } // End of Armature_HornLTip01
          } // End of Armature_HornL01
          Frame Armature_HornL02 {
            FrameTransformMatrix {
              -0.863740, 0.261626,-0.430703, 0.000000,
               0.503888, 0.460365,-0.730863, 0.000000,
               0.007067,-0.848302,-0.529466, 0.000000,
              19.518139, 0.995868,-24.575865, 1.000000;;
            }
            Frame Armature_HornLTip02 {
              FrameTransformMatrix {
                 0.861529,-0.507708, 0.000005, 0.000000,
                 0.430702, 0.730863, 0.529466, 0.000000,
                -0.268818,-0.456149, 0.848331, 0.000000,
                 0.000000,22.917965, 0.000004, 1.000000;;
              }
            } // End of Armature_HornLTip02
          } // End of Armature_HornL02
          Frame Armature_HornL03 {
            FrameTransformMatrix {
              -0.825636,-0.306001, 0.474013, 0.000000,
              -0.564159, 0.437253,-0.700382, 0.000000,
               0.007054,-0.845679,-0.533645, 0.000000,
              -18.587284, 1.280163,-23.540195, 1.000000;;
            }
            Frame Armature_HornLTip03 {
              FrameTransformMatrix {
                 0.828158, 0.560494,-0.000004, 0.000000,
                -0.474013, 0.700382, 0.533645, 0.000000,
                 0.299108,-0.441940, 0.845709, 0.000000,
                -0.000002,21.928825,-0.000002, 1.000000;;
              }
            } // End of Armature_HornLTip03
          } // End of Armature_HornL03
          Frame Armature_HornL04 {
            FrameTransformMatrix {
              -0.999925,-0.010402, 0.006519, 0.000000,
              -0.009356, 0.302043,-0.953248, 0.000000,
               0.007946,-0.953238,-0.302117, 0.000000,
               3.728805,-13.712892,-32.228786, 1.000000;;
            }
            Frame Armature_HornLTip04 {
              FrameTransformMatrix {
                 0.999977, 0.006838,-0.000000, 0.000000,
                -0.006518, 0.953248, 0.302118, 0.000000,
                 0.002066,-0.302110, 0.953271, 0.000000,
                 0.000000,25.214069, 0.000002, 1.000000;;
              }
            } // End of Armature_HornLTip04
          } // End of Armature_HornL04
          Frame Armature_HornMid01 {
            FrameTransformMatrix {
              -0.484909,-0.874565,-0.000000, 0.000000,
              -0.874565, 0.484909, 0.000001, 0.000000,
              -0.000001, 0.000001,-1.000000, 0.000000,
              -28.229954,-3.362697, 0.000036, 1.000000;;
            }
            Frame Armature_HornMidTip01 {
              FrameTransformMatrix {
                 0.492182, 0.870492, 0.000001, 0.000000,
                 0.000000,-0.000001, 1.000000, 0.000000,
                 0.870492,-0.492182,-0.000001, 0.000000,
                -0.000002,23.230297,-0.000000, 1.000000;;
              }
            } // End of Armature_HornMidTip01
          } // End of Armature_HornMid01
          Frame Armature_HornMid02 {
            FrameTransformMatrix {
              -0.985332,-0.170649, 0.000000, 0.000000,
              -0.170649, 0.985332, 0.000000, 0.000000,
              -0.000000, 0.000000,-1.000000, 0.000000,
               2.380085,23.465324,-0.000002, 1.000000;;
            }
            Frame Armature_HornMidTip02 {
              FrameTransformMatrix {
                 0.986720, 0.162430, 0.000000, 0.000000,
                 0.000000,-0.000000, 1.000000, 0.000000,
                 0.162430,-0.986720,-0.000000, 0.000000,
                 0.000001,23.869205, 0.000000, 1.000000;;
              }
            } // End of Armature_HornMidTip02
          } // End of Armature_HornMid02
          Frame Armature_HornMid03 {
            FrameTransformMatrix {
              -0.742934, 0.669365, 0.000000, 0.000000,
               0.669365, 0.742934,-0.000001, 0.000000,
              -0.000001,-0.000001,-1.000000, 0.000000,
              30.117817, 9.867414,-0.000038, 1.000000;;
            }
            Frame Armature_HornMidTip03 {
              FrameTransformMatrix {
                 0.737328,-0.675534, 0.000001, 0.000000,
                -0.000000, 0.000001, 1.000000, 0.000000,
                -0.675534,-0.737329, 0.000001, 0.000000,
                 0.000004,23.350199,-0.000000, 1.000000;;
              }
            } // End of Armature_HornMidTip03
          } // End of Armature_HornMid03
          Frame Armature_HornR01 {
            FrameTransformMatrix {
              -0.999983,-0.003934, 0.004219, 0.000000,
               0.000079, 0.721944, 0.691951, 0.000000,
              -0.005768, 0.691940,-0.721932, 0.000000,
               1.772031,14.321959,14.176546, 1.000000;;
            }
            Frame Armature_HornRTip01 {
              FrameTransformMatrix {
                -0.999981, 0.006097,-0.000000, 0.000000,
                -0.004219,-0.691951, 0.721932, 0.000000,
                 0.004402, 0.721919, 0.691964, 0.000000,
                 0.000000,26.061670,-0.000004, 1.000000;;
              }
            } // End of Armature_HornRTip01
          } // End of Armature_HornR01
          Frame Armature_HornR02 {
            FrameTransformMatrix {
              -0.863739, 0.261627, 0.430705, 0.000000,
               0.503890, 0.460365, 0.730862, 0.000000,
              -0.007068, 0.848301,-0.529466, 0.000000,
              19.518084, 0.995860,24.575785, 1.000000;;
            }
            Frame Armature_HornRTip02 {
              FrameTransformMatrix {
                -0.861528, 0.507710, 0.000004, 0.000000,
                -0.430705,-0.730862, 0.529466, 0.000000,
                 0.268818, 0.456148, 0.848331, 0.000000,
                 0.000001,22.917997,-0.000003, 1.000000;;
              }
            } // End of Armature_HornRTip02
          } // End of Armature_HornR02
          Frame Armature_HornR03 {
            FrameTransformMatrix {
              -0.825636,-0.306000,-0.474014, 0.000000,
              -0.564159, 0.437250, 0.700383, 0.000000,
              -0.007054, 0.845681,-0.533643, 0.000000,
              -18.587240, 1.280223,23.540257, 1.000000;;
            }
            Frame Armature_HornRTip03 {
              FrameTransformMatrix {
                -0.828158,-0.560495,-0.000005, 0.000000,
                 0.474014,-0.700383, 0.533642, 0.000000,
                -0.299107, 0.441938, 0.845710, 0.000000,
                -0.000001,21.928841, 0.000005, 1.000000;;
              }
            } // End of Armature_HornRTip03
          } // End of Armature_HornR03
          Frame Armature_HornR04 {
            FrameTransformMatrix {
              -0.999925,-0.010401,-0.006518, 0.000000,
              -0.009355, 0.302042, 0.953249, 0.000000,
              -0.007946, 0.953238,-0.302116, 0.000000,
               3.728827,-13.712850,32.228737, 1.000000;;
            }
            Frame Armature_HornRTip04 {
              FrameTransformMatrix {
                -0.999977,-0.006837,-0.000000, 0.000000,
                 0.006518,-0.953249, 0.302117, 0.000000,
                -0.002066, 0.302110, 0.953271, 0.000000,
                -0.000000,25.214054,-0.000001, 1.000000;;
              }
            } // End of Armature_HornRTip04
          } // End of Armature_HornR04
        } // End of Armature_Shell
        Frame Armature_Spine02 {
          FrameTransformMatrix {
             0.967918,-0.251268, 0.000000, 0.000000,
             0.251268, 0.967918,-0.000000, 0.000000,
            -0.000000, 0.000000, 1.000000, 0.000000,
            -0.161632,35.048187,-0.000000, 1.000000;;
          }
          Frame Armature_Head {
            FrameTransformMatrix {
               0.994427, 0.105429,-0.000000, 0.000000,
              -0.105429, 0.994427, 0.000000, 0.000000,
               0.000000,-0.000000, 1.000000, 0.000000,
              -0.000001,26.597687,-0.000000, 1.000000;;
            }
            Frame Armature_BottomCover {
              FrameTransformMatrix {
                -0.239367,-0.970929, 0.000001, 0.000000,
                -0.000000, 0.000001, 1.000000, 0.000000,
                -0.970929, 0.239367,-0.000000, 0.000000,
                -0.000001,13.390950,-0.000000, 1.000000;;
              }
            } // End of Armature_BottomCover
            Frame Armature_Eyeball {
              FrameTransformMatrix {
                -0.180781,-0.983523, 0.000001, 0.000000,
                -0.000000, 0.000001, 1.000000, 0.000000,
                -0.983523, 0.180781,-0.000000, 0.000000,
                -0.000001,13.390950,-0.000000, 1.000000;;
              }
            } // End of Armature_Eyeball
            Frame Armature_UpperCover {
              FrameTransformMatrix {
                -0.275715,-0.961239, 0.000001, 0.000000,
                -0.000000, 0.000001, 1.000000, 0.000000,
                -0.961239, 0.275715,-0.000000, 0.000000,
                -0.000001,13.390950,-0.000000, 1.000000;;
              }
            } // End of Armature_UpperCover
          } // End of Armature_Head
        } // End of Armature_Spine02
      } // End of Armature_Spine01
    } // End of Armature_Body
    Frame TurtleShell {
      FrameTransformMatrix {
         1.000000, 0.000000,-0.000000, 0.000000,
         0.000000, 1.000000, 0.000000, 0.000000,
        -0.000000, 0.000000, 1.000000, 0.000000,
        -0.000000, 0.000002,-1.233471, 1.000000;;
      }
    } // End of TurtleShell
  } // End of Armature
} // End of Root
AnimationSet Global {
  Animation {
    {Armature}
    AnimationKey { // Rotation
      0;
      41;
      0;4;-1.000000, 0.000000, 0.000000, 0.000000;;,
      1;4;-1.000000, 0.000000, 0.000000, 0.000000;;,
      2;4;-1.000000, 0.000000, 0.000000, 0.000000;;,
      3;4;-1.000000, 0.000000, 0.000000, 0.000000;;,
      4;4;-1.000000, 0.000000, 0.000000, 0.000000;;,
      5;4;-1.000000, 0.000000, 0.000000, 0.000000;;,
      6;4;-1.000000, 0.000000, 0.000000, 0.000000;;,
      7;4;-1.000000, 0.000000, 0.000000, 0.000000;;,
      8;4;-1.000000, 0.000000, 0.000000, 0.000000;;,
      9;4;-1.000000, 0.000000, 0.000000, 0.000000;;,
      10;4;-1.000000, 0.000000, 0.000000, 0.000000;;,
      11;4;-1.000000, 0.000000, 0.000000, 0.000000;;,
      12;4;-1.000000, 0.000000, 0.000000, 0.000000;;,
      13;4;-1.000000, 0.000000, 0.000000, 0.000000;;,
      14;4;-1.000000, 0.000000, 0.000000, 0.000000;;,
      15;4;-1.000000, 0.000000, 0.000000, 0.000000;;,
      16;4;-1.000000, 0.000000, 0.000000, 0.000000;;,
      17;4;-1.000000, 0.000000, 0.000000, 0.000000;;,
      18;4;-1.000000, 0.000000, 0.000000, 0.000000;;,
      19;4;-1.000000, 0.000000, 0.000000, 0.000000;;,
      20;4;-1.000000, 0.000000, 0.000000, 0.000000;;,
      21;4;-1.000000, 0.000000, 0.000000, 0.000000;;,
      22;4;-1.000000, 0.000000, 0.000000, 0.000000;;,
      23;4;-1.000000, 0.000000, 0.000000, 0.000000;;,
      24;4;-1.000000, 0.000000, 0.000000, 0.000000;;,
      25;4;-1.000000, 0.000000, 0.000000, 0.000000;;,
      26;4;-1.000000, 0.000000, 0.000000, 0.000000;;,
      27;4;-1.000000, 0.000000, 0.000000, 0.000000;;,
      28;4;-1.000000, 0.000000, 0.000000, 0.000000;;,
      29;4;-1.000000, 0.000000, 0.000000, 0.000000;;,
      30;4;-1.000000, 0.000000, 0.000000, 0.000000;;,
      31;4;-1.000000, 0.000000, 0.000000, 0.000000;;,
      32;4;-1.000000, 0.000000, 0.000000, 0.000000;;,
      33;4;-1.000000, 0.000000, 0.000000, 0.000000;;,
      34;4;-1.000000, 0.000000, 0.000000, 0.000000;;,
      35;4;-1.000000, 0.000000, 0.000000, 0.000000;;,
      36;4;-1.000000, 0.000000, 0.000000, 0.000000;;,
      37;4;-1.000000, 0.000000, 0.000000, 0.000000;;,
      38;4;-1.000000, 0.000000, 0.000000, 0.000000;;,
      39;4;-1.000000, 0.000000, 0.000000, 0.000000;;,
      40;4;-1.000000, 0.000000, 0.000000, 0.000000;;;
    }
    AnimationKey { // Scale
      1;
      41;
      0;3; 0.010000, 0.010000, 0.010000;;,
      1;3; 0.010000, 0.010000, 0.010000;;,
      2;3; 0.010000, 0.010000, 0.010000;;,
      3;3; 0.010000, 0.010000, 0.010000;;,
      4;3; 0.010000, 0.010000, 0.010000;;,
      5;3; 0.010000, 0.010000, 0.010000;;,
      6;3; 0.010000, 0.010000, 0.010000;;,
      7;3; 0.010000, 0.010000, 0.010000;;,
      8;3; 0.010000, 0.010000, 0.010000;;,
      9;3; 0.010000, 0.010000, 0.010000;;,
      10;3; 0.010000, 0.010000, 0.010000;;,
      11;3; 0.010000, 0.010000, 0.010000;;,
      12;3; 0.010000, 0.010000, 0.010000;;,
      13;3; 0.010000, 0.010000, 0.010000;;,
      14;3; 0.010000, 0.010000, 0.010000;;,
      15;3; 0.010000, 0.010000, 0.010000;;,
      16;3; 0.010000, 0.010000, 0.010000;;,
      17;3; 0.010000, 0.010000, 0.010000;;,
      18;3; 0.010000, 0.010000, 0.010000;;,
      19;3; 0.010000, 0.010000, 0.010000;;,
      20;3; 0.010000, 0.010000, 0.010000;;,
      21;3; 0.010000, 0.010000, 0.010000;;,
      22;3; 0.010000, 0.010000, 0.010000;;,
      23;3; 0.010000, 0.010000, 0.010000;;,
      24;3; 0.010000, 0.010000, 0.010000;;,
      25;3; 0.010000, 0.010000, 0.010000;;,
      26;3; 0.010000, 0.010000, 0.010000;;,
      27;3; 0.010000, 0.010000, 0.010000;;,
      28;3; 0.010000, 0.010000, 0.010000;;,
      29;3; 0.010000, 0.010000, 0.010000;;,
      30;3; 0.010000, 0.010000, 0.010000;;,
      31;3; 0.010000, 0.010000, 0.010000;;,
      32;3; 0.010000, 0.010000, 0.010000;;,
      33;3; 0.010000, 0.010000, 0.010000;;,
      34;3; 0.010000, 0.010000, 0.010000;;,
      35;3; 0.010000, 0.010000, 0.010000;;,
      36;3; 0.010000, 0.010000, 0.010000;;,
      37;3; 0.010000, 0.010000, 0.010000;;,
      38;3; 0.010000, 0.010000, 0.010000;;,
      39;3; 0.010000, 0.010000, 0.010000;;,
      40;3; 0.010000, 0.010000, 0.010000;;;
    }
    AnimationKey { // Position
      2;
      41;
      0;3; 0.000000, 0.000000, 0.000000;;,
      1;3; 0.000000, 0.000000, 0.000000;;,
      2;3; 0.000000, 0.000000, 0.000000;;,
      3;3; 0.000000, 0.000000, 0.000000;;,
      4;3; 0.000000, 0.000000, 0.000000;;,
      5;3; 0.000000, 0.000000, 0.000000;;,
      6;3; 0.000000, 0.000000, 0.000000;;,
      7;3; 0.000000, 0.000000, 0.000000;;,
      8;3; 0.000000, 0.000000, 0.000000;;,
      9;3; 0.000000, 0.000000, 0.000000;;,
      10;3; 0.000000, 0.000000, 0.000000;;,
      11;3; 0.000000, 0.000000, 0.000000;;,
      12;3; 0.000000, 0.000000, 0.000000;;,
      13;3; 0.000000, 0.000000, 0.000000;;,
      14;3; 0.000000, 0.000000, 0.000000;;,
      15;3; 0.000000, 0.000000, 0.000000;;,
      16;3; 0.000000, 0.000000, 0.000000;;,
      17;3; 0.000000, 0.000000, 0.000000;;,
      18;3; 0.000000, 0.000000, 0.000000;;,
      19;3; 0.000000, 0.000000, 0.000000;;,
      20;3; 0.000000, 0.000000, 0.000000;;,
      21;3; 0.000000, 0.000000, 0.000000;;,
      22;3; 0.000000, 0.000000, 0.000000;;,
      23;3; 0.000000, 0.000000, 0.000000;;,
      24;3; 0.000000, 0.000000, 0.000000;;,
      25;3; 0.000000, 0.000000, 0.000000;;,
      26;3; 0.000000, 0.000000, 0.000000;;,
      27;3; 0.000000, 0.000000, 0.000000;;,
      28;3; 0.000000, 0.000000, 0.000000;;,
      29;3; 0.000000, 0.000000, 0.000000;;,
      30;3; 0.000000, 0.000000, 0.000000;;,
      31;3; 0.000000, 0.000000, 0.000000;;,
      32;3; 0.000000, 0.000000, 0.000000;;,
      33;3; 0.000000, 0.000000, 0.000000;;,
      34;3; 0.000000, 0.000000, 0.000000;;,
      35;3; 0.000000, 0.000000, 0.000000;;,
      36;3; 0.000000, 0.000000, 0.000000;;,
      37;3; 0.000000, 0.000000, 0.000000;;,
      38;3; 0.000000, 0.000000, 0.000000;;,
      39;3; 0.000000, 0.000000, 0.000000;;,
      40;3; 0.000000, 0.000000, 0.000000;;;
    }
  }
  Animation {
    {Armature_Body}
    AnimationKey { // Rotation
      0;
      41;
      0;4;-0.036887,-0.706148, 0.036887,-0.706140;;,
      1;4;-0.036887,-0.706148, 0.036887,-0.706140;;,
      2;4;-0.036887,-0.706148, 0.036887,-0.706140;;,
      3;4;-0.036887,-0.706148, 0.036887,-0.706140;;,
      4;4;-0.036887,-0.706148, 0.036887,-0.706140;;,
      5;4;-0.036887,-0.706148, 0.036887,-0.706140;;,
      6;4;-0.036887,-0.706148, 0.036887,-0.706140;;,
      7;4;-0.036887,-0.706148, 0.036887,-0.706140;;,
      8;4;-0.036887,-0.706148, 0.036887,-0.706140;;,
      9;4;-0.036887,-0.706148, 0.036887,-0.706140;;,
      10;4;-0.036887,-0.706148, 0.036887,-0.706140;;,
      11;4;-0.036887,-0.706148, 0.036887,-0.706140;;,
      12;4;-0.036887,-0.706148, 0.036887,-0.706140;;,
      13;4;-0.036887,-0.706148, 0.036887,-0.706140;;,
      14;4;-0.036887,-0.706148, 0.036887,-0.706140;;,
      15;4;-0.036887,-0.706148, 0.036887,-0.706140;;,
      16;4;-0.036887,-0.706148, 0.036887,-0.706140;;,
      17;4;-0.036887,-0.706148, 0.036887,-0.706140;;,
      18;4;-0.036887,-0.706148, 0.036887,-0.706140;;,
      19;4;-0.036887,-0.706148, 0.036887,-0.706140;;,
      20;4;-0.036887,-0.706148, 0.036887,-0.706140;;,
      21;4;-0.036887,-0.706148, 0.036887,-0.706140;;,
      22;4;-0.036887,-0.706148, 0.036887,-0.706140;;,
      23;4;-0.036887,-0.706148, 0.036887,-0.706140;;,
      24;4;-0.036887,-0.706148, 0.036887,-0.706140;;,
      25;4;-0.036887,-0.706148, 0.036887,-0.706140;;,
      26;4;-0.036887,-0.706148, 0.036887,-0.706140;;,
      27;4;-0.036887,-0.706148, 0.036887,-0.706140;;,
      28;4;-0.036887,-0.706148, 0.036887,-0.706140;;,
      29;4;-0.036887,-0.706148, 0.036887,-0.706140;;,
      30;4;-0.036887,-0.706148, 0.036887,-0.706140;;,
      31;4;-0.036887,-0.706148, 0.036887,-0.706140;;,
      32;4;-0.036887,-0.706148, 0.036887,-0.706140;;,
      33;4;-0.036887,-0.706148, 0.036887,-0.706140;;,
      34;4;-0.036887,-0.706148, 0.036887,-0.706140;;,
      35;4;-0.036887,-0.706148, 0.036887,-0.706140;;,
      36;4;-0.036887,-0.706148, 0.036887,-0.706140;;,
      37;4;-0.036887,-0.706148, 0.036887,-0.706140;;,
      38;4;-0.036887,-0.706148, 0.036887,-0.706140;;,
      39;4;-0.036887,-0.706148, 0.036887,-0.706140;;,
      40;4;-0.036887,-0.706148, 0.036887,-0.706140;;;
    }
    AnimationKey { // Scale
      1;
      41;
      0;3; 1.000000, 1.000000, 0.999989;;,
      1;3; 1.000000, 1.000000, 0.999989;;,
      2;3; 1.000000, 1.000000, 0.999989;;,
      3;3; 1.000000, 1.000000, 0.999989;;,
      4;3; 1.000000, 1.000000, 0.999989;;,
      5;3; 1.000000, 1.000000, 0.999989;;,
      6;3; 1.000000, 1.000000, 0.999989;;,
      7;3; 1.000000, 1.000000, 0.999989;;,
      8;3; 1.000000, 1.000000, 0.999989;;,
      9;3; 1.000000, 1.000000, 0.999989;;,
      10;3; 1.000000, 1.000000, 0.999989;;,
      11;3; 1.000000, 1.000000, 0.999989;;,
      12;3; 1.000000, 1.000000, 0.999989;;,
      13;3; 1.000000, 1.000000, 0.999989;;,
      14;3; 1.000000, 1.000000, 0.999989;;,
      15;3; 1.000000, 1.000000, 0.999989;;,
      16;3; 1.000000, 1.000000, 0.999989;;,
      17;3; 1.000000, 1.000000, 0.999989;;,
      18;3; 1.000000, 1.000000, 0.999989;;,
      19;3; 1.000000, 1.000000, 0.999989;;,
      20;3; 1.000000, 1.000000, 0.999989;;,
      21;3; 1.000000, 1.000000, 0.999989;;,
      22;3; 1.000000, 1.000000, 0.999989;;,
      23;3; 1.000000, 1.000000, 0.999989;;,
      24;3; 1.000000, 1.000000, 0.999989;;,
      25;3; 1.000000, 1.000000, 0.999989;;,
      26;3; 1.000000, 1.000000, 0.999989;;,
      27;3; 1.000000, 1.000000, 0.999989;;,
      28;3; 1.000000, 1.000000, 0.999989;;,
      29;3; 1.000000, 1.000000, 0.999989;;,
      30;3; 1.000000, 1.000000, 0.999989;;,
      31;3; 1.000000, 1.000000, 0.999989;;,
      32;3; 1.000000, 1.000000, 0.999989;;,
      33;3; 1.000000, 1.000000, 0.999989;;,
      34;3; 1.000000, 1.000000, 0.999989;;,
      35;3; 1.000000, 1.000000, 0.999989;;,
      36;3; 1.000000, 1.000000, 0.999989;;,
      37;3; 1.000000, 1.000000, 0.999989;;,
      38;3; 1.000000, 1.000000, 0.999989;;,
      39;3; 1.000000, 1.000000, 0.999989;;,
      40;3; 1.000000, 1.000000, 0.999989;;;
    }
    AnimationKey { // Position
      2;
      41;
      0;3;-0.000000,51.922386,13.463865;;,
      1;3; 0.695874,51.994888,13.463865;;,
      2;3; 1.398414,52.202389,13.463865;;,
      3;3; 2.088799,52.529884,13.463865;;,
      4;3; 2.748203,52.962387,13.463865;;,
      5;3; 3.357804,53.484890,13.463866;;,
      6;3; 3.898779,54.082390,13.463866;;,
      7;3; 4.352304,54.739887,13.463866;;,
      8;3; 4.699555,55.442390,13.463866;;,
      9;3; 4.921710,56.174892,13.463866;;,
      10;3; 4.999944,56.922390,13.463866;;,
      11;3; 4.932639,57.669891,13.463866;;,
      12;3; 4.738412,58.402393,13.463866;;,
      13;3; 4.428803,59.104889,13.463865;;,
      14;3; 4.015351,59.762390,13.463865;;,
      15;3; 3.509590,60.359890,13.463866;;,
      16;3; 2.923060,60.882385,13.463865;;,
      17;3; 2.267299,61.314884,13.463866;;,
      18;3; 1.553843,61.642387,13.463865;;,
      19;3; 0.794231,61.849884,13.463865;;,
      20;3; 0.000000,61.922386,13.463865;;,
      21;3;-0.794225,61.849884,13.463865;;,
      22;3;-1.553835,61.642380,13.463865;;,
      23;3;-2.267289,61.314880,13.463865;;,
      24;3;-2.923051,60.882381,13.463864;;,
      25;3;-3.509582,60.359882,13.463864;;,
      26;3;-4.015345,59.762383,13.463864;;,
      27;3;-4.428799,59.104877,13.463864;;,
      28;3;-4.738410,58.402382,13.463865;;,
      29;3;-4.932638,57.669884,13.463864;;,
      30;3;-4.999944,56.922379,13.463864;;,
      31;3;-4.934465,56.174881,13.463865;;,
      32;3;-4.744906,55.442379,13.463864;;,
      33;3;-4.441588,54.739876,13.463864;;,
      34;3;-4.034832,54.082382,13.463864;;,
      35;3;-3.534958,53.484882,13.463865;;,
      36;3;-2.952282,52.962379,13.463864;;,
      37;3;-2.297130,52.529881,13.463864;;,
      38;3;-1.579820,52.202385,13.463865;;,
      39;3;-0.810671,51.994884,13.463865;;,
      40;3;-0.000000,51.922386,13.463865;;;
    }
  }
  Animation {
    {Armature_Spine01}
    AnimationKey { // Rotation
      0;
      41;
      0;4;-0.995712,-0.000000,-0.000000,-0.092510;;,
      1;4;-0.995712,-0.000000,-0.000000,-0.092510;;,
      2;4;-0.995712,-0.000000,-0.000000,-0.092510;;,
      3;4;-0.995712,-0.000000,-0.000000,-0.092510;;,
      4;4;-0.995712,-0.000000,-0.000000,-0.092510;;,
      5;4;-0.995712,-0.000000,-0.000000,-0.092510;;,
      6;4;-0.995712,-0.000000,-0.000000,-0.092510;;,
      7;4;-0.995712,-0.000000,-0.000000,-0.092510;;,
      8;4;-0.995712,-0.000000,-0.000000,-0.092510;;,
      9;4;-0.995712,-0.000000,-0.000000,-0.092510;;,
      10;4;-0.995712,-0.000000,-0.000000,-0.092510;;,
      11;4;-0.995712,-0.000000,-0.000000,-0.092510;;,
      12;4;-0.995712,-0.000000,-0.000000,-0.092510;;,
      13;4;-0.995712,-0.000000,-0.000000,-0.092510;;,
      14;4;-0.995712,-0.000000,-0.000000,-0.092510;;,
      15;4;-0.995712,-0.000000,-0.000000,-0.092510;;,
      16;4;-0.995712,-0.000000,-0.000000,-0.092510;;,
      17;4;-0.995712,-0.000000,-0.000000,-0.092510;;,
      18;4;-0.995712,-0.000000,-0.000000,-0.092510;;,
      19;4;-0.995712,-0.000000,-0.000000,-0.092510;;,
      20;4;-0.995712,-0.000000,-0.000000,-0.092510;;,
      21;4;-0.995712,-0.000000,-0.000000,-0.092510;;,
      22;4;-0.995712,-0.000000,-0.000000,-0.092510;;,
      23;4;-0.995712,-0.000000,-0.000000,-0.092510;;,
      24;4;-0.995712,-0.000000,-0.000000,-0.092510;;,
      25;4;-0.995712,-0.000000,-0.000000,-0.092510;;,
      26;4;-0.995712,-0.000000,-0.000000,-0.092510;;,
      27;4;-0.995712,-0.000000,-0.000000,-0.092510;;,
      28;4;-0.995712,-0.000000,-0.000000,-0.092510;;,
      29;4;-0.995712,-0.000000,-0.000000,-0.092510;;,
      30;4;-0.995712,-0.000000,-0.000000,-0.092510;;,
      31;4;-0.995712,-0.000000,-0.000000,-0.092510;;,
      32;4;-0.995712,-0.000000,-0.000000,-0.092510;;,
      33;4;-0.995712,-0.000000,-0.000000,-0.092510;;,
      34;4;-0.995712,-0.000000,-0.000000,-0.092510;;,
      35;4;-0.995712,-0.000000,-0.000000,-0.092510;;,
      36;4;-0.995712,-0.000000,-0.000000,-0.092510;;,
      37;4;-0.995712,-0.000000,-0.000000,-0.092510;;,
      38;4;-0.995712,-0.000000,-0.000000,-0.092510;;,
      39;4;-0.995712,-0.000000,-0.000000,-0.092510;;,
      40;4;-0.995712,-0.000000,-0.000000,-0.092510;;;
    }
    AnimationKey { // Scale
      1;
      41;
      0;3; 1.000000, 1.000000, 1.000000;;,
      1;3; 1.000000, 1.000000, 1.000000;;,
      2;3; 1.000000, 1.000000, 1.000000;;,
      3;3; 1.000000, 1.000000, 1.000000;;,
      4;3; 1.000000, 1.000000, 1.000000;;,
      5;3; 1.000000, 1.000000, 1.000000;;,
      6;3; 1.000000, 1.000000, 1.000000;;,
      7;3; 1.000000, 1.000000, 1.000000;;,
      8;3; 1.000000, 1.000000, 1.000000;;,
      9;3; 1.000000, 1.000000, 1.000000;;,
      10;3; 1.000000, 1.000000, 1.000000;;,
      11;3; 1.000000, 1.000000, 1.000000;;,
      12;3; 1.000000, 1.000000, 1.000000;;,
      13;3; 1.000000, 1.000000, 1.000000;;,
      14;3; 1.000000, 1.000000, 1.000000;;,
      15;3; 1.000000, 1.000000, 1.000000;;,
      16;3; 1.000000, 1.000000, 1.000000;;,
      17;3; 1.000000, 1.000000, 1.000000;;,
      18;3; 1.000000, 1.000000, 1.000000;;,
      19;3; 1.000000, 1.000000, 1.000000;;,
      20;3; 1.000000, 1.000000, 1.000000;;,
      21;3; 1.000000, 1.000000, 1.000000;;,
      22;3; 1.000000, 1.000000, 1.000000;;,
      23;3; 1.000000, 1.000000, 1.000000;;,
      24;3; 1.000000, 1.000000, 1.000000;;,
      25;3; 1.000000, 1.000000, 1.000000;;,
      26;3; 1.000000, 1.000000, 1.000000;;,
      27;3; 1.000000, 1.000000, 1.000000;;,
      28;3; 1.000000, 1.000000, 1.000000;;,
      29;3; 1.000000, 1.000000, 1.000000;;,
      30;3; 1.000000, 1.000000, 1.000000;;,
      31;3; 1.000000, 1.000000, 1.000000;;,
      32;3; 1.000000, 1.000000, 1.000000;;,
      33;3; 1.000000, 1.000000, 1.000000;;,
      34;3; 1.000000, 1.000000, 1.000000;;,
      35;3; 1.000000, 1.000000, 1.000000;;,
      36;3; 1.000000, 1.000000, 1.000000;;,
      37;3; 1.000000, 1.000000, 1.000000;;,
      38;3; 1.000000, 1.000000, 1.000000;;,
      39;3; 1.000000, 1.000000, 1.000000;;,
      40;3; 1.000000, 1.000000, 1.000000;;;
    }
    AnimationKey { // Position
      2;
      41;
      0;3; 0.312575,34.319927,-0.000000;;,
      1;3; 0.308458,34.280628, 0.426134;;,
      2;3; 0.296644,34.167866, 0.838602;;,
      3;3; 0.277946,33.989376, 1.231732;;,
      4;3; 0.253172,33.752899, 1.599851;;,
      5;3; 0.223133,33.466164, 1.937289;;,
      6;3; 0.188639,33.136902, 2.238375;;,
      7;3; 0.150499,32.772839, 2.497436;;,
      8;3; 0.109525,32.381725, 2.708800;;,
      9;3; 0.066525,31.971272, 2.866796;;,
      10;3; 0.022310,31.549217, 2.965755;;,
      11;3;-0.022310,31.123299, 3.000000;;,
      12;3;-0.066525,30.701254, 2.964027;;,
      13;3;-0.109524,30.290798, 2.858763;;,
      14;3;-0.150499,29.899677, 2.688191;;,
      15;3;-0.188638,29.535620, 2.456290;;,
      16;3;-0.223132,29.206350, 2.167045;;,
      17;3;-0.253172,28.919615, 1.824436;;,
      18;3;-0.277945,28.683146, 1.432444;;,
      19;3;-0.296644,28.504658, 0.995054;;,
      20;3;-0.308457,28.391893, 0.516244;;,
      21;3;-0.312575,28.352585, 0.000000;;,
      22;3;-0.307561,28.400436,-0.516244;;,
      23;3;-0.293251,28.537027,-0.995051;;,
      24;3;-0.270739,28.751919,-1.432442;;,
      25;3;-0.241118,29.034670,-1.824432;;,
      26;3;-0.205481,29.374838,-2.167042;;,
      27;3;-0.164923,29.761988,-2.456289;;,
      28;3;-0.120536,30.185680,-2.688190;;,
      29;3;-0.073415,30.635466,-2.858763;;,
      30;3;-0.024653,31.100922,-2.964027;;,
      31;3; 0.024655,31.571592,-3.000000;;,
      32;3; 0.073417,32.037048,-2.942554;;,
      33;3; 0.120538,32.486835,-2.780421;;,
      34;3; 0.164925,32.910530,-2.528907;;,
      35;3; 0.205481,33.297676,-2.203319;;,
      36;3; 0.241119,33.637852,-1.818962;;,
      37;3; 0.270741,33.920597,-1.391146;;,
      38;3; 0.293253,34.135487,-0.935176;;,
      39;3; 0.307563,34.272083,-0.466359;;,
      40;3; 0.312575,34.319927,-0.000000;;;
    }
  }
  Animation {
    {Armature_Spine02}
    AnimationKey { // Rotation
      0;
      41;
      0;4;-0.991947,-0.000000,-0.000000,-0.126654;;,
      1;4;-0.991947,-0.000000,-0.000000,-0.126654;;,
      2;4;-0.991947,-0.000000,-0.000000,-0.126654;;,
      3;4;-0.991947,-0.000000,-0.000000,-0.126654;;,
      4;4;-0.991947,-0.000000,-0.000000,-0.126654;;,
      5;4;-0.991947,-0.000000,-0.000000,-0.126654;;,
      6;4;-0.991947,-0.000000,-0.000000,-0.126654;;,
      7;4;-0.991947,-0.000000,-0.000000,-0.126654;;,
      8;4;-0.991947,-0.000000,-0.000000,-0.126654;;,
      9;4;-0.991947,-0.000000,-0.000000,-0.126654;;,
      10;4;-0.991947,-0.000000,-0.000000,-0.126654;;,
      11;4;-0.991947,-0.000000,-0.000000,-0.126654;;,
      12;4;-0.991947,-0.000000,-0.000000,-0.126654;;,
      13;4;-0.991947,-0.000000,-0.000000,-0.126654;;,
      14;4;-0.991947,-0.000000,-0.000000,-0.126654;;,
      15;4;-0.991947,-0.000000,-0.000000,-0.126654;;,
      16;4;-0.991947,-0.000000,-0.000000,-0.126654;;,
      17;4;-0.991947,-0.000000,-0.000000,-0.126654;;,
      18;4;-0.991947,-0.000000,-0.000000,-0.126654;;,
      19;4;-0.991947,-0.000000,-0.000000,-0.126654;;,
      20;4;-0.991947,-0.000000,-0.000000,-0.126654;;,
      21;4;-0.991947,-0.000000,-0.000000,-0.126654;;,
      22;4;-0.991947,-0.000000,-0.000000,-0.126654;;,
      23;4;-0.991947,-0.000000,-0.000000,-0.126654;;,
      24;4;-0.991947,-0.000000,-0.000000,-0.126654;;,
      25;4;-0.991947,-0.000000,-0.000000,-0.126654;;,
      26;4;-0.991947,-0.000000,-0.000000,-0.126654;;,
      27;4;-0.991947,-0.000000,-0.000000,-0.126654;;,
      28;4;-0.991947,-0.000000,-0.000000,-0.126654;;,
      29;4;-0.991947,-0.000000,-0.000000,-0.126654;;,
      30;4;-0.991947,-0.000000,-0.000000,-0.126654;;,
      31;4;-0.991947,-0.000000,-0.000000,-0.126654;;,
      32;4;-0.991947,-0.000000,-0.000000,-0.126654;;,
      33;4;-0.991947,-0.000000,-0.000000,-0.126654;;,
      34;4;-0.991947,-0.000000,-0.000000,-0.126654;;,
      35;4;-0.991947,-0.000000,-0.000000,-0.126654;;,
      36;4;-0.991947,-0.000000,-0.000000,-0.126654;;,
      37;4;-0.991947,-0.000000,-0.000000,-0.126654;;,
      38;4;-0.991947,-0.000000,-0.000000,-0.126654;;,
      39;4;-0.991947,-0.000000,-0.000000,-0.126654;;,
      40;4;-0.991947,-0.000000,-0.000000,-0.126654;;;
    }
    AnimationKey { // Scale
      1;
      41;
      0;3; 1.000000, 1.000000, 1.000000;;,
      1;3; 1.000000, 1.000000, 1.000000;;,
      2;3; 1.000000, 1.000000, 1.000000;;,
      3;3; 1.000000, 1.000000, 1.000000;;,
      4;3; 1.000000, 1.000000, 1.000000;;,
      5;3; 1.000000, 1.000000, 1.000000;;,
      6;3; 1.000000, 1.000000, 1.000000;;,
      7;3; 1.000000, 1.000000, 1.000000;;,
      8;3; 1.000000, 1.000000, 1.000000;;,
      9;3; 1.000000, 1.000000, 1.000000;;,
      10;3; 1.000000, 1.000000, 1.000000;;,
      11;3; 1.000000, 1.000000, 1.000000;;,
      12;3; 1.000000, 1.000000, 1.000000;;,
      13;3; 1.000000, 1.000000, 1.000000;;,
      14;3; 1.000000, 1.000000, 1.000000;;,
      15;3; 1.000000, 1.000000, 1.000000;;,
      16;3; 1.000000, 1.000000, 1.000000;;,
      17;3; 1.000000, 1.000000, 1.000000;;,
      18;3; 1.000000, 1.000000, 1.000000;;,
      19;3; 1.000000, 1.000000, 1.000000;;,
      20;3; 1.000000, 1.000000, 1.000000;;,
      21;3; 1.000000, 1.000000, 1.000000;;,
      22;3; 1.000000, 1.000000, 1.000000;;,
      23;3; 1.000000, 1.000000, 1.000000;;,
      24;3; 1.000000, 1.000000, 1.000000;;,
      25;3; 1.000000, 1.000000, 1.000000;;,
      26;3; 1.000000, 1.000000, 1.000000;;,
      27;3; 1.000000, 1.000000, 1.000000;;,
      28;3; 1.000000, 1.000000, 1.000000;;,
      29;3; 1.000000, 1.000000, 1.000000;;,
      30;3; 1.000000, 1.000000, 1.000000;;,
      31;3; 1.000000, 1.000000, 1.000000;;,
      32;3; 1.000000, 1.000000, 1.000000;;,
      33;3; 1.000000, 1.000000, 1.000000;;,
      34;3; 1.000000, 1.000000, 1.000000;;,
      35;3; 1.000000, 1.000000, 1.000000;;,
      36;3; 1.000000, 1.000000, 1.000000;;,
      37;3; 1.000000, 1.000000, 1.000000;;,
      38;3; 1.000000, 1.000000, 1.000000;;,
      39;3; 1.000000, 1.000000, 1.000000;;,
      40;3; 1.000000, 1.000000, 1.000000;;;
    }
    AnimationKey { // Position
      2;
      41;
      0;3;-0.161632,35.048187,-0.000000;;,
      1;3;-0.159689,35.024223, 0.292257;;,
      2;3;-0.154104,34.955334, 0.566174;;,
      3;3;-0.145238,34.845997, 0.820401;;,
      4;3;-0.133460,34.700718, 1.053591;;,
      5;3;-0.119130,34.523987, 1.264396;;,
      6;3;-0.102614,34.320301, 1.451467;;,
      7;3;-0.084277,34.094143, 1.613457;;,
      8;3;-0.064485,33.850018, 1.749019;;,
      9;3;-0.043596,33.592415, 1.856800;;,
      10;3;-0.021981,33.325817, 1.935457;;,
      11;3;-0.000001,33.054729, 1.983641;;,
      12;3; 0.021979,32.783646, 2.000000;;,
      13;3; 0.043595,32.517052, 1.978753;;,
      14;3; 0.064482,32.259445, 1.915563;;,
      15;3; 0.084277,32.015316, 1.811263;;,
      16;3; 0.102613,31.789164, 1.666687;;,
      17;3; 0.119128,31.585474, 1.482666;;,
      18;3; 0.133458,31.408745, 1.260030;;,
      19;3; 0.145237,31.263464, 0.999614;;,
      20;3; 0.154102,31.154127, 0.702249;;,
      21;3; 0.159688,31.085238, 0.368767;;,
      22;3; 0.161631,31.061270, 0.000000;;,
      23;3; 0.158749,31.096821,-0.368769;;,
      24;3; 0.150546,31.198000,-0.702252;;,
      25;3; 0.137686,31.356598,-0.999618;;,
      26;3; 0.120836,31.564423,-1.260035;;,
      27;3; 0.100659,31.813261,-1.482668;;,
      28;3; 0.077822,32.094917,-1.666690;;,
      29;3; 0.052991,32.401180,-1.811266;;,
      30;3; 0.026828,32.723858,-1.915564;;,
      31;3; 0.000000,33.054729,-1.978753;;,
      32;3;-0.026828,33.385605,-2.000001;;,
      33;3;-0.052990,33.708275,-1.950289;;,
      34;3;-0.077823,34.014542,-1.811700;;,
      35;3;-0.100659,34.296196,-1.600064;;,
      36;3;-0.120836,34.545040,-1.331200;;,
      37;3;-0.137687,34.752861,-1.020938;;,
      38;3;-0.150547,34.911465,-0.685100;;,
      39;3;-0.158749,35.012638,-0.339513;;,
      40;3;-0.161632,35.048187,-0.000000;;;
    }
  }
  Animation {
    {Armature_Head}
    AnimationKey { // Rotation
      0;
      41;
      0;4;-0.998606, 0.000000, 0.000000, 0.052788;;,
      1;4;-0.998606, 0.000000, 0.000000, 0.052788;;,
      2;4;-0.998606, 0.000000, 0.000000, 0.052788;;,
      3;4;-0.998606, 0.000000, 0.000000, 0.052788;;,
      4;4;-0.998606, 0.000000, 0.000000, 0.052788;;,
      5;4;-0.998606, 0.000000, 0.000000, 0.052788;;,
      6;4;-0.998606, 0.000000, 0.000000, 0.052788;;,
      7;4;-0.998606, 0.000000, 0.000000, 0.052788;;,
      8;4;-0.998606, 0.000000, 0.000000, 0.052788;;,
      9;4;-0.998606, 0.000000, 0.000000, 0.052788;;,
      10;4;-0.998606, 0.000000, 0.000000, 0.052788;;,
      11;4;-0.998606, 0.000000, 0.000000, 0.052788;;,
      12;4;-0.998606, 0.000000, 0.000000, 0.052788;;,
      13;4;-0.998606, 0.000000, 0.000000, 0.052788;;,
      14;4;-0.998606, 0.000000, 0.000000, 0.052788;;,
      15;4;-0.998606, 0.000000, 0.000000, 0.052788;;,
      16;4;-0.998606, 0.000000, 0.000000, 0.052788;;,
      17;4;-0.998606, 0.000000, 0.000000, 0.052788;;,
      18;4;-0.998606, 0.000000, 0.000000, 0.052788;;,
      19;4;-0.998606, 0.000000, 0.000000, 0.052788;;,
      20;4;-0.998606, 0.000000, 0.000000, 0.052788;;,
      21;4;-0.998606, 0.000000, 0.000000, 0.052788;;,
      22;4;-0.998606, 0.000000, 0.000000, 0.052788;;,
      23;4;-0.998606, 0.000000, 0.000000, 0.052788;;,
      24;4;-0.998606, 0.000000, 0.000000, 0.052788;;,
      25;4;-0.998606, 0.000000, 0.000000, 0.052788;;,
      26;4;-0.998606, 0.000000, 0.000000, 0.052788;;,
      27;4;-0.998606, 0.000000, 0.000000, 0.052788;;,
      28;4;-0.998606, 0.000000, 0.000000, 0.052788;;,
      29;4;-0.998606, 0.000000, 0.000000, 0.052788;;,
      30;4;-0.998606, 0.000000, 0.000000, 0.052788;;,
      31;4;-0.998606, 0.000000, 0.000000, 0.052788;;,
      32;4;-0.998606, 0.000000, 0.000000, 0.052788;;,
      33;4;-0.998606, 0.000000, 0.000000, 0.052788;;,
      34;4;-0.998606, 0.000000, 0.000000, 0.052788;;,
      35;4;-0.998606, 0.000000, 0.000000, 0.052788;;,
      36;4;-0.998606, 0.000000, 0.000000, 0.052788;;,
      37;4;-0.998606, 0.000000, 0.000000, 0.052788;;,
      38;4;-0.998606, 0.000000, 0.000000, 0.052788;;,
      39;4;-0.998606, 0.000000, 0.000000, 0.052788;;,
      40;4;-0.998606, 0.000000, 0.000000, 0.052788;;;
    }
    AnimationKey { // Scale
      1;
      41;
      0;3; 1.000000, 1.000000, 1.000000;;,
      1;3; 1.000000, 1.000000, 1.000000;;,
      2;3; 1.000000, 1.000000, 1.000000;;,
      3;3; 1.000000, 1.000000, 1.000000;;,
      4;3; 1.000000, 1.000000, 1.000000;;,
      5;3; 1.000000, 1.000000, 1.000000;;,
      6;3; 1.000000, 1.000000, 1.000000;;,
      7;3; 1.000000, 1.000000, 1.000000;;,
      8;3; 1.000000, 1.000000, 1.000000;;,
      9;3; 1.000000, 1.000000, 1.000000;;,
      10;3; 1.000000, 1.000000, 1.000000;;,
      11;3; 1.000000, 1.000000, 1.000000;;,
      12;3; 1.000000, 1.000000, 1.000000;;,
      13;3; 1.000000, 1.000000, 1.000000;;,
      14;3; 1.000000, 1.000000, 1.000000;;,
      15;3; 1.000000, 1.000000, 1.000000;;,
      16;3; 1.000000, 1.000000, 1.000000;;,
      17;3; 1.000000, 1.000000, 1.000000;;,
      18;3; 1.000000, 1.000000, 1.000000;;,
      19;3; 1.000000, 1.000000, 1.000000;;,
      20;3; 1.000000, 1.000000, 1.000000;;,
      21;3; 1.000000, 1.000000, 1.000000;;,
      22;3; 1.000000, 1.000000, 1.000000;;,
      23;3; 1.000000, 1.000000, 1.000000;;,
      24;3; 1.000000, 1.000000, 1.000000;;,
      25;3; 1.000000, 1.000000, 1.000000;;,
      26;3; 1.000000, 1.000000, 1.000000;;,
      27;3; 1.000000, 1.000000, 1.000000;;,
      28;3; 1.000000, 1.000000, 1.000000;;,
      29;3; 1.000000, 1.000000, 1.000000;;,
      30;3; 1.000000, 1.000000, 1.000000;;,
      31;3; 1.000000, 1.000000, 1.000000;;,
      32;3; 1.000000, 1.000000, 1.000000;;,
      33;3; 1.000000, 1.000000, 1.000000;;,
      34;3; 1.000000, 1.000000, 1.000000;;,
      35;3; 1.000000, 1.000000, 1.000000;;,
      36;3; 1.000000, 1.000000, 1.000000;;,
      37;3; 1.000000, 1.000000, 1.000000;;,
      38;3; 1.000000, 1.000000, 1.000000;;,
      39;3; 1.000000, 1.000000, 1.000000;;,
      40;3; 1.000000, 1.000000, 1.000000;;;
    }
    AnimationKey { // Position
      2;
      41;
      0;3;-0.000001,26.597687,-0.000000;;,
      1;3;-0.000002,26.597689,-0.000000;;,
      2;3;-0.000003,26.597687, 0.000000;;,
      3;3;-0.000002,26.597685,-0.000001;;,
      4;3;-0.000001,26.597687,-0.000000;;,
      5;3;-0.000001,26.597687,-0.000001;;,
      6;3;-0.000000,26.597685,-0.000001;;,
      7;3;-0.000001,26.597687,-0.000001;;,
      8;3;-0.000002,26.597683,-0.000000;;,
      9;3; 0.000000,26.597687,-0.000001;;,
