xof 0303txt 0032

Frame Root {
  FrameTransformMatrix {
     1.000000, 0.000000, 0.000000, 0.000000,
     0.000000,-0.000000,-1.000000, 0.000000,
     0.000000, 1.000000,-0.000000, 0.000000,
     0.000000, 0.000000, 0.000000, 1.000000;;
  }
  Frame Armature {
    FrameTransformMatrix {
       0.010000, 0.000000, 0.000000, 0.000000,
       0.000000, 0.010000, 0.000000, 0.000000,
       0.000000, 0.000000, 0.010000, 0.000000,
       0.000000, 0.000000, 0.000000, 1.000000;;
    }
    Frame Armature_Body {
      FrameTransformMatrix {
         0.007278,-0.103937, 0.994557, 0.000000,
         0.069476,-0.992127,-0.104192, 0.000000,
         0.997546, 0.069858, 0.000000, 0.000000,
        -3.097168,56.814068,13.463864, 1.000000;;
      }
      Frame Armature_Spine01 {
        FrameTransformMatrix {
           0.982617,-0.184199, 0.023138, 0.000000,
           0.184205, 0.982886, 0.001876, 0.000000,
          -0.023088, 0.002419, 0.999731, 0.000000,
          -0.000000,31.336254, 0.000000, 1.000000;;
        }
        Frame Armature_Shell {
          FrameTransformMatrix {
            -0.089119, 0.996021,-0.000227, 0.000000,
             0.995654, 0.089092, 0.027126, 0.000000,
             0.027039, 0.002191,-0.999632, 0.000000,
            37.512913,14.992227,-0.000006, 1.000000;;
          }
          Frame Armature_HornL01 {
            FrameTransformMatrix {
              -0.999983,-0.003934,-0.004219, 0.000000,
               0.000079, 0.721943,-0.691953, 0.000000,
               0.005768,-0.691942,-0.721930, 0.000000,
               1.772912,22.098848,-21.630365, 1.000000;;
            }
            Frame Armature_HornLTip01 {
              FrameTransformMatrix {
                 0.999981,-0.006097,-0.000000, 0.000000,
                 0.004219, 0.691953, 0.721931, 0.000000,
                -0.004401,-0.721917, 0.691966, 0.000000,
                 0.000000,26.061649,-0.000004, 1.000000;;
              }
            } // End of Armature_HornLTip01
          } // End of Armature_HornL01
          Frame Armature_HornL02 {
            FrameTransformMatrix {
              -0.863740, 0.261626,-0.430703, 0.000000,
               0.503888, 0.460365,-0.730863, 0.000000,
               0.007067,-0.848302,-0.529466, 0.000000,
              24.946093, 5.954986,-32.448826, 1.000000;;
            }
            Frame Armature_HornLTip02 {
              FrameTransformMatrix {
                 0.861529,-0.507708, 0.000005, 0.000000,
                 0.430702, 0.730863, 0.529466, 0.000000,
                -0.268818,-0.456149, 0.848331, 0.000000,
                 0.000000,22.917961,-0.000005, 1.000000;;
              }
            } // End of Armature_HornLTip02
          } // End of Armature_HornL02
          Frame Armature_HornL03 {
            FrameTransformMatrix {
              -0.825636,-0.306001, 0.474013, 0.000000,
              -0.564159, 0.437253,-0.700382, 0.000000,
               0.007054,-0.845679,-0.533645, 0.000000,
              -25.218187, 6.419471,-31.772211, 1.000000;;
            }
            Frame Armature_HornLTip03 {
              FrameTransformMatrix {
                 0.828158, 0.560494,-0.000004, 0.000000,
                -0.474013, 0.700382, 0.533645, 0.000000,
                 0.299108,-0.441940, 0.845709, 0.000000,
                 0.000000,21.928822,-0.000002, 1.000000;;
              }
            } // End of Armature_HornLTip03
          } // End of Armature_HornL03
          Frame Armature_HornL04 {
            FrameTransformMatrix {
              -0.999925,-0.010402, 0.006519, 0.000000,
              -0.009356, 0.302043,-0.953248, 0.000000,
               0.007946,-0.953238,-0.302117, 0.000000,
               3.628018,-10.459241,-42.497307, 1.000000;;
            }
            Frame Armature_HornLTip04 {
              FrameTransformMatrix {
                 0.999977, 0.006838,-0.000000, 0.000000,
                -0.006518, 0.953248, 0.302118, 0.000000,
                 0.002066,-0.302110, 0.953271, 0.000000,
                -0.000000,25.214083, 0.000000, 1.000000;;
              }
            } // End of Armature_HornLTip04
          } // End of Armature_HornL04
          Frame Armature_HornMid01 {
            FrameTransformMatrix {
              -0.484909,-0.874565,-0.000000, 0.000000,
              -0.874565, 0.484909, 0.000001, 0.000000,
              -0.000001, 0.000001,-1.000000, 0.000000,
              -37.650898, 1.860809, 0.000048, 1.000000;;
            }
            Frame Armature_HornMidTip01 {
              FrameTransformMatrix {
                 0.492182, 0.870492, 0.000001, 0.000000,
                 0.000000,-0.000001, 1.000000, 0.000000,
                 0.870492,-0.492182,-0.000001, 0.000000,
                 0.000006,23.230293, 0.000000, 1.000000;;
              }
            } // End of Armature_HornMidTip01
          } // End of Armature_HornMid01
          Frame Armature_HornMid02 {
            FrameTransformMatrix {
              -0.985332,-0.170649, 0.000000, 0.000000,
              -0.170649, 0.985332, 0.000000, 0.000000,
              -0.000000, 0.000000,-1.000000, 0.000000,
               0.541828,34.079460, 0.000000, 1.000000;;
            }
            Frame Armature_HornMidTip02 {
              FrameTransformMatrix {
                 0.986720, 0.162430, 0.000000, 0.000000,
                -0.000000,-0.000000, 1.000000, 0.000000,
                 0.162430,-0.986720,-0.000000, 0.000000,
                 0.000000,23.869213,-0.000000, 1.000000;;
              }
            } // End of Armature_HornMidTip02
          } // End of Armature_HornMid02
          Frame Armature_HornMid03 {
            FrameTransformMatrix {
              -0.742934, 0.669365, 0.000000, 0.000000,
               0.669365, 0.742934,-0.000001, 0.000000,
              -0.000001,-0.000001,-1.000000, 0.000000,
              37.328312,17.870403,-0.000047, 1.000000;;
            }
            Frame Armature_HornMidTip03 {
              FrameTransformMatrix {
                 0.737329,-0.675534, 0.000001, 0.000000,
                -0.000000, 0.000001, 1.000000, 0.000000,
                -0.675534,-0.737329, 0.000001, 0.000000,
                 0.000004,23.350191, 0.000000, 1.000000;;
              }
            } // End of Armature_HornMidTip03
          } // End of Armature_HornMid03
          Frame Armature_HornR01 {
            FrameTransformMatrix {
              -0.999983,-0.003934, 0.004219, 0.000000,
               0.000079, 0.721944, 0.691951, 0.000000,
              -0.005768, 0.691940,-0.721932, 0.000000,
               1.772883,22.098852,21.630341, 1.000000;;
            }
            Frame Armature_HornRTip01 {
              FrameTransformMatrix {
                -0.999981, 0.006097,-0.000000, 0.000000,
                -0.004219,-0.691951, 0.721932, 0.000000,
                 0.004402, 0.721919, 0.691964, 0.000000,
                -0.000002,26.061680,-0.000004, 1.000000;;
              }
            } // End of Armature_HornRTip01
          } // End of Armature_HornR01
          Frame Armature_HornR02 {
            FrameTransformMatrix {
              -0.863739, 0.261627, 0.430705, 0.000000,
               0.503890, 0.460365, 0.730862, 0.000000,
              -0.007068, 0.848301,-0.529466, 0.000000,
              24.946062, 5.954976,32.448727, 1.000000;;
            }
            Frame Armature_HornRTip02 {
              FrameTransformMatrix {
                -0.861528, 0.507710, 0.000004, 0.000000,
                -0.430705,-0.730862, 0.529466, 0.000000,
                 0.268818, 0.456148, 0.848331, 0.000000,
                 0.000000,22.917995,-0.000004, 1.000000;;
              }
            } // End of Armature_HornRTip02
          } // End of Armature_HornR02
          Frame Armature_HornR03 {
            FrameTransformMatrix {
              -0.825636,-0.306000,-0.474014, 0.000000,
              -0.564159, 0.437250, 0.700383, 0.000000,
              -0.007054, 0.845681,-0.533643, 0.000000,
              -25.218153, 6.419502,31.772285, 1.000000;;
            }
            Frame Armature_HornRTip03 {
              FrameTransformMatrix {
                -0.828158,-0.560495,-0.000005, 0.000000,
                 0.474014,-0.700383, 0.533642, 0.000000,
                -0.299107, 0.441938, 0.845710, 0.000000,
                -0.000001,21.928858,-0.000005, 1.000000;;
              }
            } // End of Armature_HornRTip03
          } // End of Armature_HornR03
          Frame Armature_HornR04 {
            FrameTransformMatrix {
              -0.999925,-0.010401,-0.006518, 0.000000,
              -0.009355, 0.302042, 0.953249, 0.000000,
              -0.007946, 0.953238,-0.302116, 0.000000,
               3.628048,-10.459207,42.497269, 1.000000;;
            }
            Frame Armature_HornRTip04 {
              FrameTransformMatrix {
                -0.999977,-0.006837,-0.000000, 0.000000,
                 0.006518,-0.953249, 0.302117, 0.000000,
                -0.002066, 0.302110, 0.953271, 0.000000,
                 0.000001,25.214064,-0.000003, 1.000000;;
              }
            } // End of Armature_HornRTip04
          } // End of Armature_HornR04
        } // End of Armature_Shell
        Frame Armature_Spine02 {
          FrameTransformMatrix {
             0.967809,-0.249926,-0.029715, 0.000000,
             0.251580, 0.964062, 0.085387, 0.000000,
             0.007306,-0.090114, 0.995905, 0.000000,
             0.000002,33.054729, 0.000000, 1.000000;;
          }
          Frame Armature_Head {
            FrameTransformMatrix {
               0.993231, 0.108866,-0.040509, 0.000000,
              -0.100304, 0.979699, 0.173580, 0.000000,
               0.058583,-0.168341, 0.983986, 0.000000,
               0.000000,26.597687,-0.000000, 1.000000;;
            }
            Frame Armature_BottomCover {
              FrameTransformMatrix {
                 0.227265,-0.973833, 0.000001, 0.000000,
                -0.000000, 0.000001, 1.000000, 0.000000,
                -0.973833,-0.227265, 0.000000, 0.000000,
                -0.000001,13.390957,-0.000001, 1.000000;;
              }
            } // End of Armature_BottomCover
            Frame Armature_Eyeball {
              FrameTransformMatrix {
                 0.271617,-0.882516,-0.383913, 0.000000,
                 0.087429,-0.374634, 0.923042, 0.000000,
                -0.958426,-0.284279,-0.024599, 0.000000,
                -0.000001,13.390957,-0.000001, 1.000000;;
              }
            } // End of Armature_Eyeball
            Frame Armature_UpperCover {
              FrameTransformMatrix {
                -0.412173,-0.911106, 0.000001, 0.000000,
                -0.000000, 0.000001, 1.000000, 0.000000,
                -0.911106, 0.412173,-0.000000, 0.000000,
                -0.000001,13.390957,-0.000001, 1.000000;;
              }
            } // End of Armature_UpperCover
          } // End of Armature_Head
        } // End of Armature_Spine02
      } // End of Armature_Spine01
    } // End of Armature_Body
    Frame TurtleShell {
      FrameTransformMatrix {
         1.000000,-0.000000, 0.000000, 0.000000,
        -0.000000, 1.000000, 0.000000, 0.000000,
         0.000000, 0.000000, 1.000000, 0.000000,
        -0.000000,-0.000000,-1.233471, 1.000000;;
      }
    } // End of TurtleShell
  } // End of Armature
} // End of Root
AnimationSet Global {
  Animation {
    {Armature}
    AnimationKey { // Rotation
      0;
      71;
      0;4;-1.000000, 0.000000, 0.000000, 0.000000;;,
      1;4;-1.000000, 0.000000, 0.000000, 0.000000;;,
      2;4;-1.000000, 0.000000, 0.000000, 0.000000;;,
      3;4;-1.000000, 0.000000, 0.000000, 0.000000;;,
      4;4;-1.000000, 0.000000, 0.000000, 0.000000;;,
      5;4;-1.000000, 0.000000, 0.000000, 0.000000;;,
      6;4;-1.000000, 0.000000, 0.000000, 0.000000;;,
      7;4;-1.000000, 0.000000, 0.000000, 0.000000;;,
      8;4;-1.000000, 0.000000, 0.000000, 0.000000;;,
      9;4;-1.000000, 0.000000, 0.000000, 0.000000;;,
      10;4;-1.000000, 0.000000, 0.000000, 0.000000;;,
      11;4;-1.000000, 0.000000, 0.000000, 0.000000;;,
      12;4;-1.000000, 0.000000, 0.000000, 0.000000;;,
      13;4;-1.000000, 0.000000, 0.000000, 0.000000;;,
      14;4;-1.000000, 0.000000, 0.000000, 0.000000;;,
      15;4;-1.000000, 0.000000, 0.000000, 0.000000;;,
      16;4;-1.000000, 0.000000, 0.000000, 0.000000;;,
      17;4;-1.000000, 0.000000, 0.000000, 0.000000;;,
      18;4;-1.000000, 0.000000, 0.000000, 0.000000;;,
      19;4;-1.000000, 0.000000, 0.000000, 0.000000;;,
      20;4;-1.000000, 0.000000, 0.000000, 0.000000;;,
      21;4;-1.000000, 0.000000, 0.000000, 0.000000;;,
      22;4;-1.000000, 0.000000, 0.000000, 0.000000;;,
      23;4;-1.000000, 0.000000, 0.000000, 0.000000;;,
      24;4;-1.000000, 0.000000, 0.000000, 0.000000;;,
      25;4;-1.000000, 0.000000, 0.000000, 0.000000;;,
      26;4;-1.000000, 0.000000, 0.000000, 0.000000;;,
      27;4;-1.000000, 0.000000, 0.000000, 0.000000;;,
      28;4;-1.000000, 0.000000, 0.000000, 0.000000;;,
      29;4;-1.000000, 0.000000, 0.000000, 0.000000;;,
      30;4;-1.000000, 0.000000, 0.000000, 0.000000;;,
      31;4;-1.000000, 0.000000, 0.000000, 0.000000;;,
      32;4;-1.000000, 0.000000, 0.000000, 0.000000;;,
      33;4;-1.000000, 0.000000, 0.000000, 0.000000;;,
      34;4;-1.000000, 0.000000, 0.000000, 0.000000;;,
      35;4;-1.000000, 0.000000, 0.000000, 0.000000;;,
      36;4;-1.000000, 0.000000, 0.000000, 0.000000;;,
      37;4;-1.000000, 0.000000, 0.000000, 0.000000;;,
      38;4;-1.000000, 0.000000, 0.000000, 0.000000;;,
      39;4;-1.000000, 0.000000, 0.000000, 0.000000;;,
      40;4;-1.000000, 0.000000, 0.000000, 0.000000;;,
      41;4;-1.000000, 0.000000, 0.000000, 0.000000;;,
      42;4;-1.000000, 0.000000, 0.000000, 0.000000;;,
      43;4;-1.000000, 0.000000, 0.000000, 0.000000;;,
      44;4;-1.000000, 0.000000, 0.000000, 0.000000;;,
      45;4;-1.000000, 0.000000, 0.000000, 0.000000;;,
      46;4;-1.000000, 0.000000, 0.000000, 0.000000;;,
      47;4;-1.000000, 0.000000, 0.000000, 0.000000;;,
      48;4;-1.000000, 0.000000, 0.000000, 0.000000;;,
      49;4;-1.000000, 0.000000, 0.000000, 0.000000;;,
      50;4;-1.000000, 0.000000, 0.000000, 0.000000;;,
      51;4;-1.000000, 0.000000, 0.000000, 0.000000;;,
      52;4;-1.000000, 0.000000, 0.000000, 0.000000;;,
      53;4;-1.000000, 0.000000, 0.000000, 0.000000;;,
      54;4;-1.000000, 0.000000, 0.000000, 0.000000;;,
      55;4;-1.000000, 0.000000, 0.000000, 0.000000;;,
      56;4;-1.000000, 0.000000, 0.000000, 0.000000;;,
      57;4;-1.000000, 0.000000, 0.000000, 0.000000;;,
      58;4;-1.000000, 0.000000, 0.000000, 0.000000;;,
      59;4;-1.000000, 0.000000, 0.000000, 0.000000;;,
      60;4;-1.000000, 0.000000, 0.000000, 0.000000;;,
      61;4;-1.000000, 0.000000, 0.000000, 0.000000;;,
      62;4;-1.000000, 0.000000, 0.000000, 0.000000;;,
      63;4;-1.000000, 0.000000, 0.000000, 0.000000;;,
      64;4;-1.000000, 0.000000, 0.000000, 0.000000;;,
      65;4;-1.000000, 0.000000, 0.000000, 0.000000;;,
      66;4;-1.000000, 0.000000, 0.000000, 0.000000;;,
      67;4;-1.000000, 0.000000, 0.000000, 0.000000;;,
      68;4;-1.000000, 0.000000, 0.000000, 0.000000;;,
      69;4;-1.000000, 0.000000, 0.000000, 0.000000;;,
      70;4;-1.000000, 0.000000, 0.000000, 0.000000;;;
    }
    AnimationKey { // Scale
      1;
      71;
      0;3; 0.010000, 0.010000, 0.010000;;,
      1;3; 0.010000, 0.010000, 0.010000;;,
      2;3; 0.010000, 0.010000, 0.010000;;,
      3;3; 0.010000, 0.010000, 0.010000;;,
      4;3; 0.010000, 0.010000, 0.010000;;,
      5;3; 0.010000, 0.010000, 0.010000;;,
      6;3; 0.010000, 0.010000, 0.010000;;,
      7;3; 0.010000, 0.010000, 0.010000;;,
      8;3; 0.010000, 0.010000, 0.010000;;,
      9;3; 0.010000, 0.010000, 0.010000;;,
      10;3; 0.010000, 0.010000, 0.010000;;,
      11;3; 0.010000, 0.010000, 0.010000;;,
      12;3; 0.010000, 0.010000, 0.010000;;,
      13;3; 0.010000, 0.010000, 0.010000;;,
      14;3; 0.010000, 0.010000, 0.010000;;,
      15;3; 0.010000, 0.010000, 0.010000;;,
      16;3; 0.010000, 0.010000, 0.010000;;,
      17;3; 0.010000, 0.010000, 0.010000;;,
      18;3; 0.010000, 0.010000, 0.010000;;,
      19;3; 0.010000, 0.010000, 0.010000;;,
      20;3; 0.010000, 0.010000, 0.010000;;,
      21;3; 0.010000, 0.010000, 0.010000;;,
      22;3; 0.010000, 0.010000, 0.010000;;,
      23;3; 0.010000, 0.010000, 0.010000;;,
      24;3; 0.010000, 0.010000, 0.010000;;,
      25;3; 0.010000, 0.010000, 0.010000;;,
      26;3; 0.010000, 0.010000, 0.010000;;,
      27;3; 0.010000, 0.010000, 0.010000;;,
      28;3; 0.010000, 0.010000, 0.010000;;,
      29;3; 0.010000, 0.010000, 0.010000;;,
      30;3; 0.010000, 0.010000, 0.010000;;,
      31;3; 0.010000, 0.010000, 0.010000;;,
      32;3; 0.010000, 0.010000, 0.010000;;,
      33;3; 0.010000, 0.010000, 0.010000;;,
      34;3; 0.010000, 0.010000, 0.010000;;,
      35;3; 0.010000, 0.010000, 0.010000;;,
      36;3; 0.010000, 0.010000, 0.010000;;,
      37;3; 0.010000, 0.010000, 0.010000;;,
      38;3; 0.010000, 0.010000, 0.010000;;,
      39;3; 0.010000, 0.010000, 0.010000;;,
      40;3; 0.010000, 0.010000, 0.010000;;,
      41;3; 0.010000, 0.010000, 0.010000;;,
      42;3; 0.010000, 0.010000, 0.010000;;,
      43;3; 0.010000, 0.010000, 0.010000;;,
      44;3; 0.010000, 0.010000, 0.010000;;,
      45;3; 0.010000, 0.010000, 0.010000;;,
      46;3; 0.010000, 0.010000, 0.010000;;,
      47;3; 0.010000, 0.010000, 0.010000;;,
      48;3; 0.010000, 0.010000, 0.010000;;,
      49;3; 0.010000, 0.010000, 0.010000;;,
      50;3; 0.010000, 0.010000, 0.010000;;,
      51;3; 0.010000, 0.010000, 0.010000;;,
      52;3; 0.010000, 0.010000, 0.010000;;,
      53;3; 0.010000, 0.010000, 0.010000;;,
      54;3; 0.010000, 0.010000, 0.010000;;,
      55;3; 0.010000, 0.010000, 0.010000;;,
      56;3; 0.010000, 0.010000, 0.010000;;,
      57;3; 0.010000, 0.010000, 0.010000;;,
      58;3; 0.010000, 0.010000, 0.010000;;,
      59;3; 0.010000, 0.010000, 0.010000;;,
      60;3; 0.010000, 0.010000, 0.010000;;,
      61;3; 0.010000, 0.010000, 0.010000;;,
      62;3; 0.010000, 0.010000, 0.010000;;,
      63;3; 0.010000, 0.010000, 0.010000;;,
      64;3; 0.010000, 0.010000, 0.010000;;,
      65;3; 0.010000, 0.010000, 0.010000;;,
      66;3; 0.010000, 0.010000, 0.010000;;,
      67;3; 0.010000, 0.010000, 0.010000;;,
      68;3; 0.010000, 0.010000, 0.010000;;,
      69;3; 0.010000, 0.010000, 0.010000;;,
      70;3; 0.010000, 0.010000, 0.010000;;;
    }
    AnimationKey { // Position
      2;
      71;
      0;3; 0.000000, 0.000000, 0.000000;;,
      1;3; 0.000000, 0.000000, 0.000000;;,
      2;3; 0.000000, 0.000000, 0.000000;;,
      3;3; 0.000000, 0.000000, 0.000000;;,
      4;3; 0.000000, 0.000000, 0.000000;;,
      5;3; 0.000000, 0.000000, 0.000000;;,
      6;3; 0.000000, 0.000000, 0.000000;;,
      7;3; 0.000000, 0.000000, 0.000000;;,
      8;3; 0.000000, 0.000000, 0.000000;;,
      9;3; 0.000000, 0.000000, 0.000000;;,
      10;3; 0.000000, 0.000000, 0.000000;;,
      11;3; 0.000000, 0.000000, 0.000000;;,
      12;3; 0.000000, 0.000000, 0.000000;;,
      13;3; 0.000000, 0.000000, 0.000000;;,
      14;3; 0.000000, 0.000000, 0.000000;;,
      15;3; 0.000000, 0.000000, 0.000000;;,
      16;3; 0.000000, 0.000000, 0.000000;;,
      17;3; 0.000000, 0.000000, 0.000000;;,
      18;3; 0.000000, 0.000000, 0.000000;;,
      19;3; 0.000000, 0.000000, 0.000000;;,
      20;3; 0.000000, 0.000000, 0.000000;;,
      21;3; 0.000000, 0.000000, 0.000000;;,
      22;3; 0.000000, 0.000000, 0.000000;;,
      23;3; 0.000000, 0.000000, 0.000000;;,
      24;3; 0.000000, 0.000000, 0.000000;;,
      25;3; 0.000000, 0.000000, 0.000000;;,
      26;3; 0.000000, 0.000000, 0.000000;;,
      27;3; 0.000000, 0.000000, 0.000000;;,
      28;3; 0.000000, 0.000000, 0.000000;;,
      29;3; 0.000000, 0.000000, 0.000000;;,
      30;3; 0.000000, 0.000000, 0.000000;;,
      31;3; 0.000000, 0.000000, 0.000000;;,
      32;3; 0.000000, 0.000000, 0.000000;;,
      33;3; 0.000000, 0.000000, 0.000000;;,
      34;3; 0.000000, 0.000000, 0.000000;;,
      35;3; 0.000000, 0.000000, 0.000000;;,
      36;3; 0.000000, 0.000000, 0.000000;;,
      37;3; 0.000000, 0.000000, 0.000000;;,
      38;3; 0.000000, 0.000000, 0.000000;;,
      39;3; 0.000000, 0.000000, 0.000000;;,
      40;3; 0.000000, 0.000000, 0.000000;;,
      41;3; 0.000000, 0.000000, 0.000000;;,
      42;3; 0.000000, 0.000000, 0.000000;;,
      43;3; 0.000000, 0.000000, 0.000000;;,
      44;3; 0.000000, 0.000000, 0.000000;;,
      45;3; 0.000000, 0.000000, 0.000000;;,
      46;3; 0.000000, 0.000000, 0.000000;;,
      47;3; 0.000000, 0.000000, 0.000000;;,
      48;3; 0.000000, 0.000000, 0.000000;;,
      49;3; 0.000000, 0.000000, 0.000000;;,
      50;3; 0.000000, 0.000000, 0.000000;;,
      51;3; 0.000000, 0.000000, 0.000000;;,
      52;3; 0.000000, 0.000000, 0.000000;;,
      53;3; 0.000000, 0.000000, 0.000000;;,
      54;3; 0.000000, 0.000000, 0.000000;;,
      55;3; 0.000000, 0.000000, 0.000000;;,
      56;3; 0.000000, 0.000000, 0.000000;;,
      57;3; 0.000000, 0.000000, 0.000000;;,
      58;3; 0.000000, 0.000000, 0.000000;;,
      59;3; 0.000000, 0.000000, 0.000000;;,
      60;3; 0.000000, 0.000000, 0.000000;;,
      61;3; 0.000000, 0.000000, 0.000000;;,
      62;3; 0.000000, 0.000000, 0.000000;;,
      63;3; 0.000000, 0.000000, 0.000000;;,
      64;3; 0.000000, 0.000000, 0.000000;;,
      65;3; 0.000000, 0.000000, 0.000000;;,
      66;3; 0.000000, 0.000000, 0.000000;;,
      67;3; 0.000000, 0.000000, 0.000000;;,
      68;3; 0.000000, 0.000000, 0.000000;;,
      69;3; 0.000000, 0.000000, 0.000000;;,
      70;3; 0.000000, 0.000000, 0.000000;;;
    }
  }
  Animation {
    {Armature_Body}
    AnimationKey { // Rotation
      0;
      71;
      0;4;-0.061544,-0.707007, 0.012185,-0.704418;;,
      1;4;-0.060360,-0.706986, 0.013374,-0.704521;;,
      2;4;-0.057113,-0.706917, 0.016631,-0.704791;;,
      3;4;-0.052263,-0.706785, 0.021493,-0.705168;;,
      4;4;-0.046271,-0.706577, 0.027497,-0.705587;;,
      5;4;-0.039596,-0.706284, 0.034179,-0.705993;;,
      6;4;-0.032701,-0.705916, 0.041074,-0.706347;;,
      7;4;-0.026049,-0.705497, 0.047719,-0.706625;;,
      8;4;-0.020102,-0.705069, 0.053653,-0.706820;;,
      9;4;-0.015328,-0.704688, 0.058414,-0.706942;;,
      10;4;-0.012185,-0.704419, 0.061545,-0.707006;;,
      11;4;-0.010114,-0.704234, 0.063607,-0.707041;;,
      12;4;-0.008231,-0.704068, 0.065484,-0.707059;;,
      13;4;-0.006530,-0.703909, 0.067178,-0.707077;;,
      14;4;-0.005001,-0.703762, 0.068700,-0.707089;;,
      15;4;-0.003634,-0.703627, 0.070060,-0.707098;;,
      16;4;-0.002422,-0.703506, 0.071266,-0.707103;;,
      17;4;-0.001354,-0.703398, 0.072328,-0.707106;;,
      18;4;-0.000422,-0.703302, 0.073256,-0.707107;;,
      19;4; 0.000384,-0.703218, 0.074057,-0.707107;;,
      20;4; 0.001072,-0.703146, 0.074741,-0.707106;;,
      21;4; 0.001651,-0.703084, 0.075317,-0.707105;;,
      22;4; 0.002131,-0.703033, 0.075795,-0.707104;;,
      23;4; 0.002521,-0.702991, 0.076182,-0.707102;;,
      24;4; 0.002829,-0.702958, 0.076488,-0.707101;;,
      25;4; 0.003065,-0.702932, 0.076723,-0.707100;;,
      26;4; 0.003238,-0.702913, 0.076895,-0.707099;;,
      27;4; 0.003357,-0.702900, 0.077013,-0.707099;;,
      28;4; 0.003430,-0.702892, 0.077086,-0.707099;;,
      29;4; 0.003468,-0.702888, 0.077123,-0.707098;;,
      30;4; 0.003478,-0.702887, 0.077134,-0.707098;;,
      31;4; 0.002249,-0.703020, 0.075911,-0.707103;;,
      32;4;-0.001111,-0.703373, 0.072570,-0.707106;;,
      33;4;-0.006108,-0.703868, 0.067597,-0.707080;;,
      34;4;-0.012251,-0.704425, 0.061481,-0.707005;;,
      35;4;-0.019038,-0.704987, 0.054715,-0.706850;;,
      36;4;-0.025979,-0.705492, 0.047788,-0.706627;;,
      37;4;-0.032583,-0.705909, 0.041192,-0.706352;;,
      38;4;-0.038352,-0.706223, 0.035423,-0.706062;;,
      39;4;-0.042798,-0.706432, 0.030974,-0.705806;;,
      40;4;-0.045428,-0.706543, 0.028341,-0.705641;;,
      41;4;-0.046937,-0.706602, 0.026831,-0.705543;;,
      42;4;-0.048348,-0.706655, 0.025417,-0.705447;;,
      43;4;-0.049666,-0.706701, 0.024097,-0.705356;;,
      44;4;-0.050892,-0.706742, 0.022868,-0.705268;;,
      45;4;-0.052031,-0.706778, 0.021726,-0.705185;;,
      46;4;-0.053086,-0.706810, 0.020668,-0.705106;;,
      47;4;-0.054061,-0.706838, 0.019692,-0.705032;;,
      48;4;-0.054957,-0.706862, 0.018793,-0.704963;;,
      49;4;-0.055779,-0.706884, 0.017969,-0.704898;;,
      50;4;-0.056529,-0.706902, 0.017216,-0.704838;;,
      51;4;-0.057212,-0.706919, 0.016532,-0.704783;;,
      52;4;-0.057830,-0.706933, 0.015912,-0.704733;;,
      53;4;-0.058386,-0.706945, 0.015354,-0.704687;;,
      54;4;-0.058884,-0.706956, 0.014854,-0.704646;;,
      55;4;-0.059327,-0.706965, 0.014410,-0.704608;;,
      56;4;-0.059717,-0.706973, 0.014018,-0.704575;;,
      57;4;-0.060059,-0.706980, 0.013674,-0.704546;;,
      58;4;-0.060356,-0.706986, 0.013377,-0.704521;;,
      59;4;-0.060611,-0.706990, 0.013121,-0.704499;;,
      60;4;-0.060827,-0.706994, 0.012905,-0.704480;;,
      61;4;-0.061006,-0.706998, 0.012725,-0.704465;;,
      62;4;-0.061153,-0.707000, 0.012577,-0.704452;;,
      63;4;-0.061272,-0.707002, 0.012459,-0.704442;;,
      64;4;-0.061363,-0.707004, 0.012367,-0.704434;;,
      65;4;-0.061432,-0.707005, 0.012298,-0.704428;;,
      66;4;-0.061481,-0.707006, 0.012248,-0.704424;;,
      67;4;-0.061514,-0.707007, 0.012216,-0.704421;;,
      68;4;-0.061533,-0.707007, 0.012196,-0.704419;;,
      69;4;-0.061542,-0.707007, 0.012188,-0.704418;;,
      70;4;-0.061544,-0.707007, 0.012185,-0.704418;;;
    }
    AnimationKey { // Scale
      1;
      71;
      0;3; 1.000000, 1.000000, 0.999989;;,
      1;3; 1.000000, 1.000000, 0.999989;;,
      2;3; 1.000000, 1.000000, 0.999989;;,
      3;3; 1.000000, 1.000000, 0.999989;;,
      4;3; 1.000000, 1.000000, 0.999989;;,
      5;3; 1.000000, 1.000000, 0.999989;;,
      6;3; 1.000000, 1.000000, 0.999989;;,
      7;3; 1.000000, 1.000000, 0.999989;;,
      8;3; 1.000000, 1.000000, 0.999989;;,
      9;3; 1.000000, 1.000000, 0.999989;;,
      10;3; 1.000000, 1.000000, 0.999989;;,
      11;3; 1.000000, 1.000000, 0.999989;;,
      12;3; 1.000000, 1.000000, 0.999989;;,
      13;3; 1.000000, 1.000000, 0.999989;;,
      14;3; 1.000000, 1.000000, 0.999989;;,
      15;3; 1.000000, 1.000000, 0.999989;;,
      16;3; 1.000000, 1.000000, 0.999989;;,
      17;3; 1.000000, 1.000000, 0.999989;;,
      18;3; 1.000000, 1.000000, 0.999989;;,
      19;3; 1.000000, 1.000000, 0.999989;;,
      20;3; 1.000000, 1.000000, 0.999989;;,
      21;3; 1.000000, 1.000000, 0.999989;;,
      22;3; 1.000000, 1.000000, 0.999989;;,
      23;3; 1.000000, 1.000000, 0.999989;;,
      24;3; 1.000000, 1.000000, 0.999989;;,
      25;3; 1.000000, 1.000000, 0.999989;;,
      26;3; 1.000000, 1.000000, 0.999989;;,
      27;3; 1.000000, 1.000000, 0.999989;;,
      28;3; 1.000000, 1.000000, 0.999989;;,
      29;3; 1.000000, 1.000000, 0.999989;;,
      30;3; 1.000000, 1.000000, 0.999989;;,
      31;3; 1.000000, 1.000000, 0.999989;;,
      32;3; 1.000000, 1.000000, 0.999989;;,
      33;3; 1.000000, 1.000000, 0.999989;;,
      34;3; 1.000000, 1.000000, 0.999989;;,
      35;3; 1.000000, 1.000000, 0.999989;;,
      36;3; 1.000000, 1.000000, 0.999989;;,
      37;3; 1.000000, 1.000000, 0.999989;;,
      38;3; 1.000000, 1.000000, 0.999989;;,
      39;3; 1.000000, 1.000000, 0.999989;;,
      40;3; 1.000000, 1.000000, 0.999989;;,
      41;3; 1.000000, 1.000000, 0.999989;;,
      42;3; 1.000000, 1.000000, 0.999989;;,
      43;3; 1.000000, 1.000000, 0.999989;;,
      44;3; 1.000000, 1.000000, 0.999989;;,
      45;3; 1.000000, 1.000000, 0.999989;;,
      46;3; 1.000000, 1.000000, 0.999989;;,
      47;3; 1.000000, 1.000000, 0.999989;;,
      48;3; 1.000000, 1.000000, 0.999989;;,
      49;3; 1.000000, 1.000000, 0.999989;;,
      50;3; 1.000000, 1.000000, 0.999989;;,
      51;3; 1.000000, 1.000000, 0.999989;;,
      52;3; 1.000000, 1.000000, 0.999989;;,
      53;3; 1.000000, 1.000000, 0.999989;;,
      54;3; 1.000000, 1.000000, 0.999989;;,
      55;3; 1.000000, 1.000000, 0.999989;;,
      56;3; 1.000000, 1.000000, 0.999989;;,
      57;3; 1.000000, 1.000000, 0.999989;;,
      58;3; 1.000000, 1.000000, 0.999989;;,
      59;3; 1.000000, 1.000000, 0.999989;;,
      60;3; 1.000000, 1.000000, 0.999989;;,
      61;3; 1.000000, 1.000000, 0.999989;;,
      62;3; 1.000000, 1.000000, 0.999989;;,
      63;3; 1.000000, 1.000000, 0.999989;;,
      64;3; 1.000000, 1.000000, 0.999989;;,
      65;3; 1.000000, 1.000000, 0.999989;;,
      66;3; 1.000000, 1.000000, 0.999989;;,
      67;3; 1.000000, 1.000000, 0.999989;;,
      68;3; 1.000000, 1.000000, 0.999989;;,
      69;3; 1.000000, 1.000000, 0.999989;;,
      70;3; 1.000000, 1.000000, 0.999989;;;
    }
    AnimationKey { // Position
      2;
      71;
      0;3;-3.097168,56.814068,13.463864;;,
      1;3;-2.948419,56.824234,13.463864;;,
      2;3;-2.540626,56.849525,13.463865;;,
      3;3;-1.931415,56.880291,13.463864;;,
      4;3;-1.178549,56.906719,13.463865;;,
      5;3;-0.340066,56.921082,13.463865;;,
      6;3; 0.525750,56.919266,13.463865;;,
      7;3; 1.360525,56.901505,13.463865;;,
      8;3; 2.106001,56.872341,13.463865;;,
      9;3; 2.704180,56.839844,13.463866;;,
      10;3; 3.097343,56.814064,13.463866;;,
      11;3; 3.356487,56.795151,13.463866;;,
      12;3; 3.591768,56.776657,13.463866;;,
      13;3; 3.804340,56.758869,13.463866;;,
      14;3; 3.995358,56.742001,13.463866;;,
      15;3; 4.165971,56.726227,13.463866;;,
      16;3; 4.317330,56.711678,13.463866;;,
      17;3; 4.450582,56.698441,13.463866;;,
      18;3; 4.566871,56.686554,13.463866;;,
      19;3; 4.667340,56.676033,13.463866;;,
      20;3; 4.753128,56.666870,13.463866;;,
      21;3; 4.825372,56.659016,13.463866;;,
      22;3; 4.885209,56.652420,13.463866;;,
      23;3; 4.933772,56.647011,13.463866;;,
      24;3; 4.972194,56.642693,13.463866;;,
      25;3; 5.001606,56.639362,13.463866;;,
      26;3; 5.023140,56.636917,13.463866;;,
      27;3; 5.037923,56.635223,13.463866;;,
      28;3; 5.047085,56.634174,13.463866;;,
      29;3; 5.051755,56.633640,13.463866;;,
      30;3; 5.053061,56.633488,13.463866;;,
      31;3; 4.899828,56.650803,13.463866;;,
      32;3; 4.480832,56.695377,13.463866;;,
      33;3; 3.856992,56.754299,13.463866;;,
      34;3; 3.089379,56.814621,13.463865;;,
      35;3; 2.239466,56.865791,13.463865;;,
      36;3; 1.369151,56.901237,13.463865;;,
      37;3; 0.540618,56.919090,13.463865;;,
      38;3;-0.183903,56.922005,13.463865;;,
      39;3;-0.742309,56.916172,13.463865;;,
      40;3;-1.072692,56.909405,13.463865;;,
      41;3;-1.262222,56.904415,13.463865;;,
      42;3;-1.439542,56.899010,13.463865;;,
      43;3;-1.605058,56.893322,13.463865;;,
      44;3;-1.759178,56.887466,13.463864;;,
      45;3;-1.902308,56.881550,13.463864;;,
      46;3;-2.034854,56.875660,13.463865;;,
      47;3;-2.157225,56.869869,13.463865;;,
      48;3;-2.269828,56.864239,13.463865;;,
      49;3;-2.373069,56.858826,13.463865;;,
      50;3;-2.467355,56.853672,13.463865;;,
      51;3;-2.553094,56.848808,13.463864;;,
      52;3;-2.630691,56.844265,13.463865;;,
      53;3;-2.700552,56.840057,13.463865;;,
      54;3;-2.763085,56.836197,13.463864;;,
      55;3;-2.818694,56.832687,13.463864;;,
      56;3;-2.867784,56.829533,13.463864;;,
      57;3;-2.910761,56.826729,13.463865;;,
      58;3;-2.948030,56.824261,13.463864;;,
      59;3;-2.979996,56.822117,13.463865;;,
      60;3;-3.007062,56.820286,13.463865;;,
      61;3;-3.029634,56.818745,13.463865;;,
      62;3;-3.048114,56.817474,13.463864;;,
      63;3;-3.062909,56.816452,13.463864;;,
      64;3;-3.074420,56.815651,13.463864;;,
      65;3;-3.083054,56.815056,13.463865;;,
      66;3;-3.089211,56.814625,13.463865;;,
      67;3;-3.093298,56.814339,13.463864;;,
      68;3;-3.095717,56.814171,13.463865;;,
      69;3;-3.096873,56.814087,13.463864;;,
      70;3;-3.097168,56.814068,13.463864;;;
    }
  }
  Animation {
    {Armature_Spine01}
    AnimationKey { // Rotation
      0;
      71;
      0;4;-0.995645,-0.000136,-0.011607,-0.092504;;,
      1;4;-0.995652,-0.000129,-0.010957,-0.092505;;,
      2;4;-0.995670,-0.000108,-0.009193,-0.092506;;,
      3;4;-0.995690,-0.000077,-0.006593,-0.092508;;,
      4;4;-0.995706,-0.000040,-0.003436,-0.092510;;,
      5;4;-0.995712,-0.000000,-0.000001,-0.092510;;,
      6;4;-0.995706, 0.000040, 0.003435,-0.092510;;,
      7;4;-0.995690, 0.000077, 0.006592,-0.092508;;,
      8;4;-0.995670, 0.000108, 0.009191,-0.092506;;,
      9;4;-0.995652, 0.000129, 0.010955,-0.092505;;,
      10;4;-0.995645, 0.000136, 0.011605,-0.092504;;,
      11;4;-0.995641, 0.000136, 0.011605,-0.092548;;,
      12;4;-0.995629, 0.000134, 0.011605,-0.092673;;,
      13;4;-0.995611, 0.000132, 0.011605,-0.092870;;,
      14;4;-0.995586, 0.000129, 0.011605,-0.093131;;,
      15;4;-0.995557, 0.000125, 0.011605,-0.093445;;,
      16;4;-0.995523, 0.000121, 0.011605,-0.093806;;,
      17;4;-0.995485, 0.000116, 0.011605,-0.094202;;,
      18;4;-0.995445, 0.000112, 0.011606,-0.094625;;,
      19;4;-0.995403, 0.000106, 0.011606,-0.095066;;,
      20;4;-0.995360, 0.000101, 0.011606,-0.095517;;,
      21;4;-0.995317, 0.000096, 0.011606,-0.095967;;,
      22;4;-0.995274, 0.000091, 0.011606,-0.096408;;,
      23;4;-0.995233, 0.000086, 0.011606,-0.096831;;,
      24;4;-0.995194, 0.000081, 0.011606,-0.097228;;,
      25;4;-0.995159, 0.000077, 0.011606,-0.097587;;,
      26;4;-0.995128, 0.000073, 0.011606,-0.097902;;,
      27;4;-0.995103, 0.000070, 0.011606,-0.098163;;,
      28;4;-0.995083, 0.000068, 0.011606,-0.098360;;,
      29;4;-0.995071, 0.000066, 0.011606,-0.098485;;,
      30;4;-0.995067, 0.000066, 0.011606,-0.098529;;,
      31;4;-0.995091, 0.000064, 0.010926,-0.098361;;,
      32;4;-0.995154, 0.000057, 0.009082,-0.097905;;,
      33;4;-0.995241, 0.000045, 0.006364,-0.097232;;,
      34;4;-0.995337, 0.000024, 0.003063,-0.096414;;,
      35;4;-0.995427,-0.000005,-0.000528,-0.095523;;,
      36;4;-0.995504,-0.000040,-0.004120,-0.094631;;,
      37;4;-0.995563,-0.000077,-0.007420,-0.093809;;,
      38;4;-0.995602,-0.000113,-0.010138,-0.093132;;,
      39;4;-0.995625,-0.000139,-0.011982,-0.092672;;,
      40;4;-0.995632,-0.000149,-0.012662,-0.092503;;,
      41;4;-0.995632,-0.000149,-0.012662,-0.092503;;,
      42;4;-0.995632,-0.000149,-0.012662,-0.092503;;,
      43;4;-0.995632,-0.000149,-0.012661,-0.092503;;,
      44;4;-0.995632,-0.000149,-0.012660,-0.092503;;,
      45;4;-0.995632,-0.000149,-0.012658,-0.092503;;,
      46;4;-0.995632,-0.000149,-0.012655,-0.092503;;,
      47;4;-0.995632,-0.000149,-0.012651,-0.092503;;,
      48;4;-0.995632,-0.000148,-0.012645,-0.092503;;,
      49;4;-0.995632,-0.000148,-0.012637,-0.092503;;,
      50;4;-0.995632,-0.000148,-0.012627,-0.092503;;,
      51;4;-0.995633,-0.000148,-0.012615,-0.092503;;,
      52;4;-0.995633,-0.000148,-0.012600,-0.092503;;,
      53;4;-0.995633,-0.000148,-0.012582,-0.092503;;,
      54;4;-0.995633,-0.000147,-0.012562,-0.092503;;,
      55;4;-0.995633,-0.000147,-0.012537,-0.092503;;,
      56;4;-0.995634,-0.000147,-0.012510,-0.092503;;,
      57;4;-0.995634,-0.000146,-0.012478,-0.092503;;,
      58;4;-0.995635,-0.000146,-0.012443,-0.092503;;,
      59;4;-0.995635,-0.000146,-0.012403,-0.092503;;,
      60;4;-0.995636,-0.000145,-0.012358,-0.092503;;,
      61;4;-0.995636,-0.000144,-0.012309,-0.092503;;,
      62;4;-0.995637,-0.000144,-0.012254,-0.092503;;,
      63;4;-0.995638,-0.000143,-0.012195,-0.092503;;,
      64;4;-0.995638,-0.000142,-0.012129,-0.092503;;,
      65;4;-0.995639,-0.000142,-0.012058,-0.092503;;,
      66;4;-0.995640,-0.000141,-0.011981,-0.092503;;,
      67;4;-0.995641,-0.000140,-0.011898,-0.092504;;,
      68;4;-0.995642,-0.000139,-0.011808,-0.092504;;,
      69;4;-0.995644,-0.000137,-0.011711,-0.092504;;,
      70;4;-0.995645,-0.000136,-0.011607,-0.092504;;;
    }
    AnimationKey { // Scale
      1;
      71;
      0;3; 1.000000, 1.000000, 1.000000;;,
      1;3; 1.000000, 1.000000, 1.000000;;,
      2;3; 1.000000, 1.000000, 1.000000;;,
      3;3; 1.000000, 1.000000, 1.000000;;,
      4;3; 1.000000, 1.000000, 1.000000;;,
      5;3; 1.000000, 1.000000, 1.000000;;,
      6;3; 1.000000, 1.000000, 1.000000;;,
      7;3; 1.000000, 1.000000, 1.000000;;,
      8;3; 1.000000, 1.000000, 1.000000;;,
      9;3; 1.000000, 1.000000, 1.000000;;,
      10;3; 1.000000, 1.000000, 1.000000;;,
      11;3; 1.000000, 1.000000, 1.000000;;,
      12;3; 1.000000, 1.000000, 1.000000;;,
      13;3; 1.000000, 1.000000, 1.000000;;,
      14;3; 1.000000, 1.000000, 1.000000;;,
      15;3; 1.000000, 1.000000, 1.000000;;,
      16;3; 1.000000, 1.000000, 1.000000;;,
      17;3; 1.000000, 1.000000, 1.000000;;,
      18;3; 1.000000, 1.000000, 1.000000;;,
      19;3; 1.000000, 1.000000, 1.000000;;,
      20;3; 1.000000, 1.000000, 1.000000;;,
      21;3; 1.000000, 1.000000, 1.000000;;,
      22;3; 1.000000, 1.000000, 1.000000;;,
      23;3; 1.000000, 1.000000, 1.000000;;,
      24;3; 1.000000, 1.000000, 1.000000;;,
      25;3; 1.000000, 1.000000, 1.000000;;,
      26;3; 1.000000, 1.000000, 1.000000;;,
      27;3; 1.000000, 1.000000, 1.000000;;,
      28;3; 1.000000, 1.000000, 1.000000;;,
      29;3; 1.000000, 1.000000, 1.000000;;,
      30;3; 1.000000, 1.000000, 1.000000;;,
      31;3; 1.000000, 1.000000, 1.000000;;,
      32;3; 1.000000, 1.000000, 1.000000;;,
      33;3; 1.000000, 1.000000, 1.000000;;,
      34;3; 1.000000, 1.000000, 1.000000;;,
      35;3; 1.000000, 1.000000, 1.000000;;,
      36;3; 1.000000, 1.000000, 1.000000;;,
      37;3; 1.000000, 1.000000, 1.000000;;,
      38;3; 1.000000, 1.000000, 1.000000;;,
      39;3; 1.000000, 1.000000, 1.000000;;,
      40;3; 1.000000, 1.000000, 1.000000;;,
      41;3; 1.000000, 1.000000, 1.000000;;,
      42;3; 1.000000, 1.000000, 1.000000;;,
      43;3; 1.000000, 1.000000, 1.000000;;,
      44;3; 1.000000, 1.000000, 1.000000;;,
      45;3; 1.000000, 1.000000, 1.000000;;,
      46;3; 1.000000, 1.000000, 1.000000;;,
      47;3; 1.000000, 1.000000, 1.000000;;,
      48;3; 1.000000, 1.000000, 1.000000;;,
      49;3; 1.000000, 1.000000, 1.000000;;,
      50;3; 1.000000, 1.000000, 1.000000;;,
      51;3; 1.000000, 1.000000, 1.000000;;,
      52;3; 1.000000, 1.000000, 1.000000;;,
      53;3; 1.000000, 1.000000, 1.000000;;,
      54;3; 1.000000, 1.000000, 1.000000;;,
      55;3; 1.000000, 1.000000, 1.000000;;,
      56;3; 1.000000, 1.000000, 1.000000;;,
      57;3; 1.000000, 1.000000, 1.000000;;,
      58;3; 1.000000, 1.000000, 1.000000;;,
      59;3; 1.000000, 1.000000, 1.000000;;,
      60;3; 1.000000, 1.000000, 1.000000;;,
      61;3; 1.000000, 1.000000, 1.000000;;,
      62;3; 1.000000, 1.000000, 1.000000;;,
      63;3; 1.000000, 1.000000, 1.000000;;,
      64;3; 1.000000, 1.000000, 1.000000;;,
      65;3; 1.000000, 1.000000, 1.000000;;,
      66;3; 1.000000, 1.000000, 1.000000;;,
      67;3; 1.000000, 1.000000, 1.000000;;,
      68;3; 1.000000, 1.000000, 1.000000;;,
      69;3; 1.000000, 1.000000, 1.000000;;,
      70;3; 1.000000, 1.000000, 1.000000;;;
    }
    AnimationKey { // Position
      2;
      71;
      0;3;-0.000000,31.336254, 0.000000;;,
      1;3;-0.000001,31.336254, 0.000000;;,
      2;3;-0.000001,31.336258,-0.000000;;,
      3;3; 0.000002,31.336254,-0.000000;;,
      4;3;-0.000000,31.336262, 0.000000;;,
      5;3; 0.000000,31.336256, 0.000000;;,
      6;3; 0.000000,31.336254,-0.000000;;,
      7;3;-0.000001,31.336258,-0.000000;;,
      8;3; 0.000000,31.336262, 0.000000;;,
      9;3; 0.000001,31.336262, 0.000000;;,
      10;3; 0.000001,31.336262, 0.000000;;,
      11;3; 0.000000,31.336258,-0.000000;;,
      12;3; 0.000000,31.336258, 0.000000;;,
      13;3; 0.000000,31.336258, 0.000000;;,
      14;3; 0.000001,31.336256,-0.000000;;,
      15;3;-0.000000,31.336258,-0.000000;;,
      16;3; 0.000001,31.336258, 0.000000;;,
      17;3; 0.000001,31.336262,-0.000000;;,
      18;3; 0.000001,31.336260,-0.000000;;,
      19;3;-0.000000,31.336260, 0.000000;;,
      20;3; 0.000000,31.336258, 0.000000;;,
      21;3; 0.000002,31.336262, 0.000000;;,
      22;3;-0.000000,31.336260, 0.000000;;,
