xof 0303txt 0032

Frame Root {
  FrameTransformMatrix {
     1.000000, 0.000000, 0.000000, 0.000000,
     0.000000,-0.000000,-1.000000, 0.000000,
     0.000000, 1.000000,-0.000000, 0.000000,
     0.000000, 0.000000, 0.000000, 1.000000;;
  }
  Frame Armature {
    FrameTransformMatrix {
       0.010000, 0.000000, 0.000000, 0.000000,
       0.000000, 0.010000, 0.000000, 0.000000,
       0.000000, 0.000000, 0.010000, 0.000000,
       0.000000, 0.000000, 0.000000, 1.000000;;
    }
    Frame Armature_Body {
      FrameTransformMatrix {
        -0.000000,-0.104192, 0.994557, 0.000000,
        -0.000000,-0.994557,-0.104192, 0.000000,
         0.999989, 0.000001, 0.000000, 0.000000,
         0.000000,56.922386,13.463865, 1.000000;;
      }
      Frame Armature_Spine01 {
        FrameTransformMatrix {
           0.982884,-0.184227, 0.000000, 0.000000,
           0.184227, 0.982884, 0.000000, 0.000000,
          -0.000000, 0.000000, 1.000000, 0.000000,
           0.000001,31.336260,-0.000000, 1.000000;;
        }
        Frame Armature_Shell {
          FrameTransformMatrix {
            -0.089122, 0.996021,-0.000001, 0.000000,
             0.996021, 0.089122,-0.000000, 0.000000,
            -0.000000,-0.000001,-1.000000, 0.000000,
            37.512909,14.992228,-0.000006, 1.000000;;
          }
          Frame Armature_HornL01 {
            FrameTransformMatrix {
              -0.999983,-0.003934,-0.004219, 0.000000,
               0.000079, 0.721943,-0.691953, 0.000000,
               0.005768,-0.691942,-0.721930, 0.000000,
               1.772913,22.098843,-21.630371, 1.000000;;
            }
            Frame Armature_HornLTip01 {
              FrameTransformMatrix {
                 0.999981,-0.006097,-0.000000, 0.000000,
                 0.004219, 0.691953, 0.721931, 0.000000,
                -0.004401,-0.721917, 0.691966, 0.000000,
                 0.000000,26.061644,-0.000005, 1.000000;;
              }
            } // End of Armature_HornLTip01
          } // End of Armature_HornL01
          Frame Armature_HornL02 {
            FrameTransformMatrix {
              -0.863740, 0.261626,-0.430703, 0.000000,
               0.503888, 0.460365,-0.730863, 0.000000,
               0.007067,-0.848302,-0.529466, 0.000000,
              24.946095, 5.954980,-32.448830, 1.000000;;
            }
            Frame Armature_HornLTip02 {
              FrameTransformMatrix {
                 0.861529,-0.507708, 0.000005, 0.000000,
                 0.430702, 0.730863, 0.529466, 0.000000,
                -0.268818,-0.456149, 0.848331, 0.000000,
                -0.000002,22.917961,-0.000002, 1.000000;;
              }
            } // End of Armature_HornLTip02
          } // End of Armature_HornL02
          Frame Armature_HornL03 {
            FrameTransformMatrix {
              -0.825636,-0.306001, 0.474013, 0.000000,
              -0.564159, 0.437253,-0.700382, 0.000000,
               0.007054,-0.845679,-0.533645, 0.000000,
              -25.218187, 6.419462,-31.772219, 1.000000;;
            }
            Frame Armature_HornLTip03 {
              FrameTransformMatrix {
                 0.828158, 0.560494,-0.000004, 0.000000,
                -0.474013, 0.700382, 0.533645, 0.000000,
                 0.299108,-0.441940, 0.845709, 0.000000,
                -0.000001,21.928827,-0.000002, 1.000000;;
              }
            } // End of Armature_HornLTip03
          } // End of Armature_HornL03
          Frame Armature_HornL04 {
            FrameTransformMatrix {
              -0.999925,-0.010402, 0.006519, 0.000000,
              -0.009356, 0.302043,-0.953249, 0.000000,
               0.007946,-0.953238,-0.302117, 0.000000,
               3.628018,-10.459241,-42.497318, 1.000000;;
            }
            Frame Armature_HornLTip04 {
              FrameTransformMatrix {
                 0.999977, 0.006838,-0.000000, 0.000000,
                -0.006518, 0.953248, 0.302117, 0.000000,
                 0.002066,-0.302110, 0.953270, 0.000000,
                 0.000002,25.214075,-0.000002, 1.000000;;
              }
            } // End of Armature_HornLTip04
          } // End of Armature_HornL04
          Frame Armature_HornMid01 {
            FrameTransformMatrix {
              -0.484909,-0.874565,-0.000000, 0.000000,
              -0.874565, 0.484909, 0.000001, 0.000000,
              -0.000001, 0.000001,-1.000000, 0.000000,
              -37.650902, 1.860807, 0.000048, 1.000000;;
            }
            Frame Armature_HornMidTip01 {
              FrameTransformMatrix {
                 0.492182, 0.870492, 0.000001, 0.000000,
                 0.000000,-0.000001, 1.000000, 0.000000,
                 0.870492,-0.492182,-0.000001, 0.000000,
                -0.000002,23.230297,-0.000000, 1.000000;;
              }
            } // End of Armature_HornMidTip01
          } // End of Armature_HornMid01
          Frame Armature_HornMid02 {
            FrameTransformMatrix {
              -0.985332,-0.170649, 0.000000, 0.000000,
              -0.170649, 0.985332, 0.000000, 0.000000,
              -0.000000, 0.000000,-1.000000, 0.000000,
               0.541829,34.079460, 0.000000, 1.000000;;
            }
            Frame Armature_HornMidTip02 {
              FrameTransformMatrix {
                 0.986720, 0.162430, 0.000000, 0.000000,
                 0.000000,-0.000000, 1.000000, 0.000000,
                 0.162430,-0.986720,-0.000000, 0.000000,
                 0.000001,23.869209, 0.000000, 1.000000;;
              }
            } // End of Armature_HornMidTip02
          } // End of Armature_HornMid02
          Frame Armature_HornMid03 {
            FrameTransformMatrix {
              -0.742934, 0.669365, 0.000000, 0.000000,
               0.669365, 0.742934,-0.000001, 0.000000,
              -0.000001,-0.000001,-1.000000, 0.000000,
              37.328312,17.870409,-0.000047, 1.000000;;
            }
            Frame Armature_HornMidTip03 {
              FrameTransformMatrix {
                 0.737328,-0.675534, 0.000001, 0.000000,
                -0.000000, 0.000001, 1.000000, 0.000000,
                -0.675534,-0.737328, 0.000001, 0.000000,
                 0.000004,23.350195,-0.000000, 1.000000;;
              }
            } // End of Armature_HornMidTip03
          } // End of Armature_HornMid03
          Frame Armature_HornR01 {
            FrameTransformMatrix {
              -0.999983,-0.003934, 0.004219, 0.000000,
               0.000079, 0.721944, 0.691951, 0.000000,
              -0.005768, 0.691940,-0.721932, 0.000000,
               1.772884,22.098848,21.630346, 1.000000;;
            }
            Frame Armature_HornRTip01 {
              FrameTransformMatrix {
                -0.999981, 0.006097,-0.000000, 0.000000,
                -0.004219,-0.691951, 0.721932, 0.000000,
                 0.004402, 0.721919, 0.691964, 0.000000,
                 0.000000,26.061678, 0.000001, 1.000000;;
              }
            } // End of Armature_HornRTip01
          } // End of Armature_HornR01
          Frame Armature_HornR02 {
            FrameTransformMatrix {
              -0.863739, 0.261627, 0.430705, 0.000000,
               0.503891, 0.460365, 0.730862, 0.000000,
              -0.007068, 0.848301,-0.529466, 0.000000,
              24.946064, 5.954971,32.448730, 1.000000;;
            }
            Frame Armature_HornRTip02 {
              FrameTransformMatrix {
                -0.861528, 0.507710, 0.000004, 0.000000,
                -0.430705,-0.730862, 0.529466, 0.000000,
                 0.268818, 0.456148, 0.848331, 0.000000,
                -0.000004,22.917984,-0.000007, 1.000000;;
              }
            } // End of Armature_HornRTip02
          } // End of Armature_HornR02
          Frame Armature_HornR03 {
            FrameTransformMatrix {
              -0.825636,-0.306000,-0.474014, 0.000000,
              -0.564159, 0.437250, 0.700383, 0.000000,
              -0.007054, 0.845681,-0.533643, 0.000000,
              -25.218151, 6.419503,31.772291, 1.000000;;
            }
            Frame Armature_HornRTip03 {
              FrameTransformMatrix {
                -0.828158,-0.560495,-0.000005, 0.000000,
                 0.474014,-0.700383, 0.533642, 0.000000,
                -0.299107, 0.441938, 0.845710, 0.000000,
                 0.000004,21.928848, 0.000005, 1.000000;;
              }
            } // End of Armature_HornRTip03
          } // End of Armature_HornR03
          Frame Armature_HornR04 {
            FrameTransformMatrix {
              -0.999925,-0.010401,-0.006518, 0.000000,
              -0.009355, 0.302042, 0.953249, 0.000000,
              -0.007946, 0.953238,-0.302116, 0.000000,
               3.628050,-10.459208,42.497276, 1.000000;;
            }
            Frame Armature_HornRTip04 {
              FrameTransformMatrix {
                -0.999977,-0.006837,-0.000000, 0.000000,
                 0.006518,-0.953249, 0.302117, 0.000000,
                -0.002066, 0.302110, 0.953271, 0.000000,
                -0.000000,25.214046, 0.000001, 1.000000;;
              }
            } // End of Armature_HornRTip04
          } // End of Armature_HornR04
        } // End of Armature_Shell
        Frame Armature_Spine02 {
          FrameTransformMatrix {
             0.967918,-0.251268, 0.000000, 0.000000,
             0.251268, 0.967918,-0.000000, 0.000000,
            -0.000000, 0.000000, 1.000000, 0.000000,
            -0.000000,33.054729,-0.000000, 1.000000;;
          }
          Frame Armature_Head {
            FrameTransformMatrix {
               0.994427, 0.105429,-0.000000, 0.000000,
              -0.105429, 0.994427, 0.000000, 0.000000,
               0.000000,-0.000000, 1.000000, 0.000000,
              -0.000002,26.597687,-0.000000, 1.000000;;
            }
            Frame Armature_BottomCover {
              FrameTransformMatrix {
                -0.158736,-0.987321, 0.000001, 0.000000,
                -0.000000, 0.000001, 1.000000, 0.000000,
                -0.987321, 0.158736,-0.000000, 0.000000,
                 0.000000,13.390946,-0.000000, 1.000000;;
              }
            } // End of Armature_BottomCover
            Frame Armature_Eyeball {
              FrameTransformMatrix {
                 0.227265,-0.973833, 0.000001, 0.000000,
                -0.000000, 0.000001, 1.000000, 0.000000,
                -0.973833,-0.227265, 0.000000, 0.000000,
                 0.000000,13.390946,-0.000000, 1.000000;;
              }
            } // End of Armature_Eyeball
            Frame Armature_UpperCover {
              FrameTransformMatrix {
                 0.227265,-0.973833, 0.000001, 0.000000,
                -0.000000, 0.000001, 1.000000, 0.000000,
                -0.973833,-0.227265, 0.000000, 0.000000,
                 0.000000,13.390946,-0.000000, 1.000000;;
              }
            } // End of Armature_UpperCover
          } // End of Armature_Head
        } // End of Armature_Spine02
      } // End of Armature_Spine01
    } // End of Armature_Body
    Frame TurtleShell {
      FrameTransformMatrix {
         1.000000, 0.000000,-0.000000, 0.000000,
         0.000000, 1.000000,-0.000000, 0.000000,
        -0.000000,-0.000000, 1.000000, 0.000000,
         0.000002, 0.000002,-1.233468, 1.000000;;
      }
    } // End of TurtleShell
  } // End of Armature
} // End of Root
AnimationSet Global {
  Animation {
    {Armature}
    AnimationKey { // Rotation
      0;
      18;
      0;4;-1.000000, 0.000000, 0.000000, 0.000000;;,
      1;4;-1.000000, 0.000000, 0.000000, 0.000000;;,
      2;4;-1.000000, 0.000000, 0.000000, 0.000000;;,
      3;4;-1.000000, 0.000000, 0.000000, 0.000000;;,
      4;4;-1.000000, 0.000000, 0.000000, 0.000000;;,
      5;4;-1.000000, 0.000000, 0.000000, 0.000000;;,
      6;4;-1.000000, 0.000000, 0.000000, 0.000000;;,
      7;4;-1.000000, 0.000000, 0.000000, 0.000000;;,
      8;4;-1.000000, 0.000000, 0.000000, 0.000000;;,
      9;4;-1.000000, 0.000000, 0.000000, 0.000000;;,
      10;4;-1.000000, 0.000000, 0.000000, 0.000000;;,
      11;4;-1.000000, 0.000000, 0.000000, 0.000000;;,
      12;4;-1.000000, 0.000000, 0.000000, 0.000000;;,
      13;4;-1.000000, 0.000000, 0.000000, 0.000000;;,
      14;4;-1.000000, 0.000000, 0.000000, 0.000000;;,
      15;4;-1.000000, 0.000000, 0.000000, 0.000000;;,
      16;4;-1.000000, 0.000000, 0.000000, 0.000000;;,
      17;4;-1.000000, 0.000000, 0.000000, 0.000000;;;
    }
    AnimationKey { // Scale
      1;
      18;
      0;3; 0.010000, 0.010000, 0.010000;;,
      1;3; 0.010000, 0.010000, 0.010000;;,
      2;3; 0.010000, 0.010000, 0.010000;;,
      3;3; 0.010000, 0.010000, 0.010000;;,
      4;3; 0.010000, 0.010000, 0.010000;;,
      5;3; 0.010000, 0.010000, 0.010000;;,
      6;3; 0.010000, 0.010000, 0.010000;;,
      7;3; 0.010000, 0.010000, 0.010000;;,
      8;3; 0.010000, 0.010000, 0.010000;;,
      9;3; 0.010000, 0.010000, 0.010000;;,
      10;3; 0.010000, 0.010000, 0.010000;;,
      11;3; 0.010000, 0.010000, 0.010000;;,
      12;3; 0.010000, 0.010000, 0.010000;;,
      13;3; 0.010000, 0.010000, 0.010000;;,
      14;3; 0.010000, 0.010000, 0.010000;;,
      15;3; 0.010000, 0.010000, 0.010000;;,
      16;3; 0.010000, 0.010000, 0.010000;;,
      17;3; 0.010000, 0.010000, 0.010000;;;
    }
    AnimationKey { // Position
      2;
      18;
      0;3; 0.000000, 0.000000, 0.000000;;,
      1;3; 0.000000, 0.000000, 0.000000;;,
      2;3; 0.000000, 0.000000, 0.000000;;,
      3;3; 0.000000, 0.000000, 0.000000;;,
      4;3; 0.000000, 0.000000, 0.000000;;,
      5;3; 0.000000, 0.000000, 0.000000;;,
      6;3; 0.000000, 0.000000, 0.000000;;,
      7;3; 0.000000, 0.000000, 0.000000;;,
      8;3; 0.000000, 0.000000, 0.000000;;,
      9;3; 0.000000, 0.000000, 0.000000;;,
      10;3; 0.000000, 0.000000, 0.000000;;,
      11;3; 0.000000, 0.000000, 0.000000;;,
      12;3; 0.000000, 0.000000, 0.000000;;,
      13;3; 0.000000, 0.000000, 0.000000;;,
      14;3; 0.000000, 0.000000, 0.000000;;,
      15;3; 0.000000, 0.000000, 0.000000;;,
      16;3; 0.000000, 0.000000, 0.000000;;,
      17;3; 0.000000, 0.000000, 0.000000;;;
    }
  }
  Animation {
    {Armature_Body}
    AnimationKey { // Rotation
      0;
      18;
      0;4;-0.036887,-0.706148, 0.036887,-0.706140;;,
      1;4; 0.213755,-0.648087, 0.282826,-0.674019;;,
      2;4; 0.404755,-0.534476, 0.462966,-0.579804;;,
      3;4; 0.535570,-0.403384, 0.580758,-0.461699;;,
      4;4; 0.617294,-0.278699, 0.649866,-0.344891;;,
      5;4; 0.663996,-0.172622, 0.685712,-0.243125;;,
      6;4; 0.688259,-0.089581, 0.701409,-0.162172;;,
      7;4; 0.699559,-0.029591, 0.706487,-0.103038;;,
      8;4; 0.704182, 0.009471, 0.707043,-0.064248;;,
      9;4; 0.705786, 0.030567, 0.706446,-0.043204;;,
      10;4; 0.706144, 0.036887, 0.706144,-0.036888;;,
      11;4; 0.706144, 0.036887, 0.706144,-0.036888;;,
      12;4; 0.706144, 0.036887, 0.706144,-0.036888;;,
      13;4; 0.706144, 0.036887, 0.706144,-0.036888;;,
      14;4; 0.706144, 0.036887, 0.706144,-0.036888;;,
      15;4; 0.706144, 0.036887, 0.706144,-0.036888;;,
      16;4; 0.706144, 0.036887, 0.706144,-0.036888;;,
      17;4; 0.706144, 0.036887, 0.706144,-0.036888;;;
    }
    AnimationKey { // Scale
      1;
      18;
      0;3; 1.000000, 1.000000, 0.999989;;,
      1;3; 1.000000, 0.999996, 0.999993;;,
      2;3; 1.000000, 0.999990, 0.999999;;,
      3;3; 1.000000, 0.999989, 1.000000;;,
      4;3; 1.000000, 0.999992, 0.999996;;,
      5;3; 1.000000, 0.999996, 0.999993;;,
      6;3; 1.000000, 0.999998, 0.999991;;,
      7;3; 1.000000, 0.999999, 0.999990;;,
      8;3; 1.000000, 1.000000, 0.999989;;,
      9;3; 1.000000, 1.000000, 0.999989;;,
      10;3; 1.000000, 1.000000, 0.999989;;,
      11;3; 1.000000, 1.000000, 0.999989;;,
      12;3; 1.000000, 1.000000, 0.999989;;,
      13;3; 1.000000, 1.000000, 0.999989;;,
      14;3; 1.000000, 1.000000, 0.999989;;,
      15;3; 1.000000, 1.000000, 0.999989;;,
      16;3; 1.000000, 1.000000, 0.999989;;,
      17;3; 1.000000, 1.000000, 0.999989;;;
    }
    AnimationKey { // Position
      2;
      18;
      0;3; 0.000000,56.922386,13.463865;;,
      1;3;29.187321,45.959602,13.463870;;,
      2;3;42.984524,23.448856,13.463873;;,
      3;3;42.932701, 1.520294,13.463873;;,
      4;3;35.129223,-14.462372,13.463872;;,
      5;3;24.946367,-24.065979,13.463870;;,
      6;3;15.553353,-28.932564,13.463868;;,
      7;3; 8.290398,-30.968231,13.463868;;,
      8;3; 3.436563,-31.616867,13.463866;;,
      9;3; 0.793355,-31.743164,13.463866;;,
      10;3;-0.000000,-31.750267,13.463866;;,
      11;3;-0.000000,-31.750267,13.463866;;,
      12;3;-0.000000,-31.750267,13.463866;;,
      13;3;-0.000000,-31.750267,13.463866;;,
      14;3;-0.000000,-31.750267,13.463866;;,
      15;3;-0.000000,-31.750267,13.463866;;,
      16;3;-0.000000,-31.750267,13.463866;;,
      17;3;-0.000000,-31.750267,13.463866;;;
    }
  }
  Animation {
    {Armature_Spine01}
    AnimationKey { // Rotation
      0;
      18;
      0;4;-0.995712,-0.000000,-0.000000,-0.092510;;,
      1;4;-0.995489, 0.021161,-0.000249,-0.092489;;,
      2;4;-0.993429, 0.067668,-0.000794,-0.092298;;,
      3;4;-0.989216, 0.114029,-0.001339,-0.091907;;,
      4;4;-0.986592, 0.135026,-0.001585,-0.091663;;,
      5;4;-0.987891, 0.125079,-0.001468,-0.091784;;,
      6;4;-0.990704, 0.100158,-0.001176,-0.092045;;,
      7;4;-0.993429, 0.067668,-0.000794,-0.092298;;,
      8;4;-0.995098, 0.035107,-0.000412,-0.092453;;,
      9;4;-0.995662, 0.010032,-0.000118,-0.092505;;,
      10;4;-0.995712,-0.000000,-0.000000,-0.092510;;,
      11;4;-0.995712,-0.000000,-0.000000,-0.092510;;,
      12;4;-0.995712,-0.000000,-0.000000,-0.092510;;,
      13;4;-0.995712,-0.000000,-0.000000,-0.092510;;,
      14;4;-0.995712,-0.000000,-0.000000,-0.092510;;,
      15;4;-0.995712,-0.000000,-0.000000,-0.092510;;,
      16;4;-0.995712,-0.000000,-0.000000,-0.092510;;,
      17;4;-0.995712,-0.000000,-0.000000,-0.092510;;;
    }
    AnimationKey { // Scale
      1;
      18;
      0;3; 1.000000, 1.000000, 1.000000;;,
      1;3; 1.000000, 1.000000, 1.000000;;,
      2;3; 1.000000, 1.000000, 1.000000;;,
      3;3; 1.000000, 1.000000, 1.000000;;,
      4;3; 1.000000, 1.000000, 1.000000;;,
      5;3; 1.000000, 1.000000, 1.000000;;,
      6;3; 1.000000, 1.000000, 1.000000;;,
      7;3; 1.000000, 1.000000, 1.000000;;,
      8;3; 1.000000, 1.000000, 1.000000;;,
      9;3; 1.000000, 1.000000, 1.000000;;,
      10;3; 1.000000, 1.000000, 1.000000;;,
      11;3; 1.000000, 1.000000, 1.000000;;,
      12;3; 1.000000, 1.000000, 1.000000;;,
      13;3; 1.000000, 1.000000, 1.000000;;,
      14;3; 1.000000, 1.000000, 1.000000;;,
      15;3; 1.000000, 1.000000, 1.000000;;,
      16;3; 1.000000, 1.000000, 1.000000;;,
      17;3; 1.000000, 1.000000, 1.000000;;;
    }
    AnimationKey { // Position
      2;
      18;
      0;3; 0.000001,31.336260,-0.000000;;,
      1;3;-0.051691,30.842840,-0.000001;;,
      2;3;-0.080079,30.571856,-0.000000;;,
      3;3;-0.092058,30.457508,-0.000000;;,
      4;3;-0.094522,30.434013, 0.000000;;,
      5;3;-0.087519,30.500851,-0.000002;;,
      6;3;-0.070014,30.667931, 0.000001;;,
      7;3;-0.047261,30.885136,-0.000000;;,
      8;3;-0.024507,31.102341, 0.000000;;,
      9;3;-0.007002,31.269424, 0.000000;;,
      10;3;-0.000000,31.336258,-0.000000;;,
      11;3;-0.029546,31.054234, 0.000000;;,
      12;3;-0.094546,30.433781, 0.000000;;,
      13;3;-0.159545,29.813328, 0.000000;;,
      14;3;-0.189091,29.531305, 0.000000;;,
      15;3;-0.189091,29.531305, 0.000000;;,
      16;3;-0.189091,29.531305, 0.000000;;,
      17;3;-0.189091,29.531305, 0.000000;;;
    }
  }
  Animation {
    {Armature_Spine02}
    AnimationKey { // Rotation
      0;
      18;
      0;4;-0.991947,-0.000000,-0.000000,-0.126654;;,
      1;4;-0.991886, 0.010892, 0.002297,-0.126646;;,
      2;4;-0.991318, 0.034846, 0.007351,-0.126574;;,
      3;4;-0.990156, 0.058780, 0.012399,-0.126425;;,
      4;4;-0.989431, 0.069648, 0.014692,-0.126333;;,
      5;4;-0.989790, 0.064497, 0.013605,-0.126378;;,
      6;4;-0.990566, 0.051611, 0.010887,-0.126478;;,
      7;4;-0.991318, 0.034846, 0.007351,-0.126574;;,
      8;4;-0.991778, 0.018071, 0.003812,-0.126632;;,
      9;4;-0.991933, 0.005163, 0.001089,-0.126652;;,
      10;4;-0.991947,-0.000000,-0.000000,-0.126654;;,
      11;4;-0.991947,-0.000000,-0.000000,-0.126654;;,
      12;4;-0.991947,-0.000000,-0.000000,-0.126654;;,
      13;4;-0.991947,-0.000000,-0.000000,-0.126654;;,
      14;4;-0.991947,-0.000000,-0.000000,-0.126654;;,
      15;4;-0.991947,-0.000000,-0.000000,-0.126654;;,
      16;4;-0.991947,-0.000000,-0.000000,-0.126654;;,
      17;4;-0.991947,-0.000000,-0.000000,-0.126654;;;
    }
    AnimationKey { // Scale
      1;
      18;
      0;3; 1.000000, 1.000000, 1.000000;;,
      1;3; 1.000000, 1.000000, 1.000000;;,
      2;3; 1.000000, 1.000000, 1.000000;;,
      3;3; 1.000000, 1.000000, 1.000000;;,
      4;3; 1.000000, 1.000000, 1.000000;;,
      5;3; 1.000000, 1.000000, 1.000000;;,
      6;3; 1.000000, 1.000000, 1.000000;;,
      7;3; 1.000000, 1.000000, 1.000000;;,
      8;3; 1.000000, 1.000000, 1.000000;;,
      9;3; 1.000000, 1.000000, 1.000000;;,
      10;3; 1.000000, 1.000000, 1.000000;;,
      11;3; 1.000000, 1.000000, 1.000000;;,
      12;3; 1.000000, 1.000000, 1.000000;;,
      13;3; 1.000000, 1.000000, 1.000000;;,
      14;3; 1.000000, 1.000000, 1.000000;;,
      15;3; 1.000000, 1.000000, 1.000000;;,
      16;3; 1.000000, 1.000000, 1.000000;;,
      17;3; 1.000000, 1.000000, 1.000000;;;
    }
    AnimationKey { // Position
      2;
      18;
      0;3;-0.000000,33.054729,-0.000000;;,
      1;3; 0.030604,32.677288, 0.000000;;,
      2;3; 0.047412,32.469994,-0.000001;;,
      3;3; 0.054503,32.382519, 0.000000;;,
      4;3; 0.055961,32.364544,-0.000000;;,
      5;3; 0.051815,32.415668, 0.000001;;,
      6;3; 0.041452,32.543484, 0.000001;;,
      7;3; 0.027980,32.709637, 0.000001;;,
      8;3; 0.014510,32.875793, 0.000000;;,
      9;3; 0.004146,33.003609,-0.000000;;,
      10;3;-0.000000,33.054733,-0.000000;;,
      11;3; 0.012592,32.899429, 0.000000;;,
      12;3; 0.042620,32.529091, 0.000000;;,
      13;3; 0.078459,32.087074, 0.000000;;,
      14;3; 0.108486,31.716738, 0.000000;;,
      15;3; 0.121078,31.561434, 0.000000;;,
      16;3; 0.121078,31.561434, 0.000000;;,
      17;3; 0.121078,31.561434, 0.000000;;;
    }
  }
  Animation {
    {Armature_Head}
    AnimationKey { // Rotation
      0;
      18;
      0;4;-0.998606, 0.000000, 0.000000, 0.052788;;,
      1;4;-0.998583, 0.006527, 0.001891, 0.052787;;,
      2;4;-0.998370, 0.020883, 0.006052, 0.052776;;,
      3;4;-0.997934, 0.035236, 0.010212, 0.052753;;,
      4;4;-0.997662, 0.041757, 0.012102, 0.052738;;,
      5;4;-0.997796, 0.038666, 0.011206, 0.052745;;,
      6;4;-0.998088, 0.030935, 0.008965, 0.052761;;,
      7;4;-0.998370, 0.020883, 0.006052, 0.052776;;,
      8;4;-0.998542, 0.010829, 0.003138, 0.052785;;,
      9;4;-0.998601, 0.003094, 0.000897, 0.052788;;,
      10;4;-0.998606, 0.000000, 0.000000, 0.052788;;,
      11;4;-0.998606, 0.000000, 0.000000, 0.052788;;,
      12;4;-0.998606, 0.000000, 0.000000, 0.052788;;,
      13;4;-0.998606, 0.000000, 0.000000, 0.052788;;,
      14;4;-0.998606, 0.000000, 0.000000, 0.052788;;,
      15;4;-0.998606, 0.000000, 0.000000, 0.052788;;,
      16;4;-0.998606, 0.000000, 0.000000, 0.052788;;,
      17;4;-0.998606, 0.000000, 0.000000, 0.052788;;;
    }
    AnimationKey { // Scale
      1;
      18;
      0;3; 1.000000, 1.000000, 1.000000;;,
      1;3; 1.000000, 1.000000, 1.000000;;,
      2;3; 1.000000, 1.000000, 1.000000;;,
      3;3; 1.000000, 1.000000, 1.000000;;,
      4;3; 1.000000, 1.000000, 1.000000;;,
      5;3; 1.000000, 1.000000, 1.000000;;,
      6;3; 1.000000, 1.000000, 1.000000;;,
      7;3; 1.000000, 1.000000, 1.000000;;,
      8;3; 1.000000, 1.000000, 1.000000;;,
      9;3; 1.000000, 1.000000, 1.000000;;,
      10;3; 1.000000, 1.000000, 1.000000;;,
      11;3; 1.000000, 1.000000, 1.000000;;,
      12;3; 1.000000, 1.000000, 1.000000;;,
      13;3; 1.000000, 1.000000, 1.000000;;,
      14;3; 1.000000, 1.000000, 1.000000;;,
      15;3; 1.000000, 1.000000, 1.000000;;,
      16;3; 1.000000, 1.000000, 1.000000;;,
      17;3; 1.000000, 1.000000, 1.000000;;;
    }
    AnimationKey { // Position
      2;
      18;
      0;3;-0.000002,26.597687,-0.000000;;,
      1;3; 0.140489,26.193987,-0.000001;;,
      2;3; 0.228360,25.941481, 0.000001;;,
      3;3; 0.273690,25.811220,-0.000001;;,
      4;3; 0.286563,25.774235,-0.000002;;,
      5;3; 0.279341,25.794985, 0.000001;;,
      6;3; 0.261287,25.846870,-0.000002;;,
      7;3; 0.237814,25.914322, 0.000001;;,
      8;3; 0.214340,25.981766,-0.000001;;,
      9;3; 0.196285,26.033651, 0.000000;;,
      10;3; 0.189059,26.054409,-0.000000;;,
      11;3; 0.210042,25.994110,-0.000000;;,
      12;3; 0.260075,25.850348,-0.000000;;,
      13;3; 0.319789,25.678755,-0.000000;;,
      14;3; 0.369819,25.534986,-0.000000;;,
      15;3; 0.390803,25.474693,-0.000000;;,
      16;3; 0.390803,25.474693,-0.000000;;,
      17;3; 0.390803,25.474693,-0.000000;;;
    }
  }
  Animation {
    {Armature_Eyeball}
    AnimationKey { // Rotation
      0;
      18;
      0;4;-0.553910, 0.553910,-0.439527,-0.439526;;,
      1;4;-0.553910, 0.553910,-0.439527,-0.439526;;,
      2;4;-0.553910, 0.553910,-0.439527,-0.439526;;,
      3;4;-0.553910, 0.553910,-0.439527,-0.439526;;,
      4;4;-0.553910, 0.553910,-0.439527,-0.439526;;,
      5;4;-0.553910, 0.553910,-0.439527,-0.439526;;,
      6;4;-0.553910, 0.553910,-0.439527,-0.439527;;,
      7;4;-0.553910, 0.553910,-0.439527,-0.439526;;,
      8;4;-0.553910, 0.553910,-0.439527,-0.439526;;,
      9;4;-0.553910, 0.553910,-0.439527,-0.439526;;,
      10;4;-0.553910, 0.553910,-0.439527,-0.439526;;,
      11;4;-0.553910, 0.553910,-0.439527,-0.439526;;,
      12;4;-0.553910, 0.553910,-0.439527,-0.439526;;,
      13;4;-0.553910, 0.553910,-0.439527,-0.439526;;,
      14;4;-0.553910, 0.553910,-0.439527,-0.439526;;,
      15;4;-0.553910, 0.553910,-0.439527,-0.439526;;,
      16;4;-0.553910, 0.553910,-0.439527,-0.439526;;,
      17;4;-0.553910, 0.553910,-0.439527,-0.439526;;;
    }
    AnimationKey { // Scale
      1;
      18;
      0;3; 1.000000, 1.000000, 1.000000;;,
      1;3; 1.000000, 1.000000, 1.000000;;,
      2;3; 1.000000, 1.000000, 1.000000;;,
      3;3; 1.000000, 1.000000, 1.000000;;,
      4;3; 1.000000, 1.000000, 1.000000;;,
      5;3; 1.000000, 1.000000, 1.000000;;,
      6;3; 1.000000, 1.000000, 1.000000;;,
      7;3; 1.000000, 1.000000, 1.000000;;,
      8;3; 1.000000, 1.000000, 1.000000;;,
      9;3; 1.000000, 1.000000, 1.000000;;,
      10;3; 1.000000, 1.000000, 1.000000;;,
      11;3; 1.000000, 1.000000, 1.000000;;,
      12;3; 1.000000, 1.000000, 1.000000;;,
      13;3; 1.000000, 1.000000, 1.000000;;,
      14;3; 1.000000, 1.000000, 1.000000;;,
      15;3; 1.000000, 1.000000, 1.000000;;,
      16;3; 1.000000, 1.000000, 1.000000;;,
      17;3; 1.000000, 1.000000, 1.000000;;;
    }
    AnimationKey { // Position
      2;
      18;
      0;3; 0.000000,13.390946,-0.000000;;,
      1;3; 0.000002,13.390949, 0.000001;;,
      2;3; 0.000001,13.390947,-0.000000;;,
      3;3;-0.000003,13.390955,-0.000000;;,
      4;3;-0.000002,13.390950, 0.000001;;,
      5;3;-0.000000,13.390953, 0.000002;;,
      6;3;-0.000001,13.390951, 0.000002;;,
      7;3; 0.000001,13.390955, 0.000005;;,
      8;3;-0.000001,13.390947,-0.000001;;,
      9;3; 0.000002,13.390947, 0.000001;;,
      10;3; 0.000002,13.390948,-0.000000;;,
      11;3; 0.000003,13.390944,-0.000000;;,
      12;3; 0.000003,13.390945,-0.000000;;,
      13;3; 0.000003,13.390945,-0.000000;;,
      14;3; 0.000003,13.390942,-0.000000;;,
      15;3; 0.000002,13.390953,-0.000000;;,
      16;3; 0.000002,13.390953,-0.000000;;,
      17;3; 0.000002,13.390953,-0.000000;;;
    }
  }
  Animation {
    {Armature_UpperCover}
    AnimationKey { // Rotation
      0;
      18;
      0;4;-0.553910, 0.553910,-0.439527,-0.439526;;,
      1;4;-0.554182, 0.554181,-0.439184,-0.439184;;,
      2;4;-0.554901, 0.554900,-0.438276,-0.438276;;,
      3;4;-0.555922, 0.555922,-0.436979,-0.436979;;,
      4;4;-0.557102, 0.557101,-0.435475,-0.435474;;,
      5;4;-0.558438, 0.558437,-0.433760,-0.433759;;,
      6;4;-0.559966, 0.559965,-0.431785,-0.431785;;,
      7;4;-0.561594, 0.561594,-0.429665,-0.429665;;,
      8;4;-0.563228, 0.563228,-0.427521,-0.427521;;,
      9;4;-0.564771, 0.564771,-0.425481,-0.425480;;,
      10;4;-0.566127, 0.566126,-0.423676,-0.423675;;,
      11;4;-0.567368, 0.567367,-0.422012,-0.422012;;,
      12;4;-0.568553, 0.568552,-0.420415,-0.420414;;,
      13;4;-0.569555, 0.569555,-0.419055,-0.419055;;,
      14;4;-0.570249, 0.570249,-0.418110,-0.418110;;,
      15;4;-0.570509, 0.570508,-0.417756,-0.417756;;,
      16;4;-0.570509, 0.570508,-0.417756,-0.417756;;,
      17;4;-0.570509, 0.570508,-0.417756,-0.417756;;;
    }
    AnimationKey { // Scale
      1;
      18;
      0;3; 1.000000, 1.000000, 1.000000;;,
      1;3; 1.000000, 1.000000, 1.000000;;,
      2;3; 1.000000, 1.000000, 1.000000;;,
      3;3; 1.000000, 1.000000, 1.000000;;,
      4;3; 1.000000, 1.000000, 1.000000;;,
      5;3; 1.000000, 1.000000, 1.000000;;,
      6;3; 1.000000, 1.000000, 1.000000;;,
      7;3; 1.000000, 1.000000, 1.000000;;,
      8;3; 1.000000, 1.000000, 1.000000;;,
      9;3; 1.000000, 1.000000, 1.000000;;,
      10;3; 1.000000, 1.000000, 1.000000;;,
      11;3; 1.000000, 1.000000, 1.000000;;,
      12;3; 1.000000, 1.000000, 1.000000;;,
      13;3; 1.000000, 1.000000, 1.000000;;,
      14;3; 1.000000, 1.000000, 1.000000;;,
      15;3; 1.000000, 1.000000, 1.000000;;,
      16;3; 1.000000, 1.000000, 1.000000;;,
      17;3; 1.000000, 1.000000, 1.000000;;;
    }
    AnimationKey { // Position
      2;
      18;
      0;3; 0.000000,13.390946,-0.000000;;,
      1;3; 0.000002,13.390949, 0.000001;;,
      2;3; 0.000001,13.390947,-0.000000;;,
      3;3;-0.000003,13.390955,-0.000000;;,
      4;3;-0.000002,13.390950, 0.000001;;,
      5;3;-0.000000,13.390953, 0.000002;;,
      6;3;-0.000001,13.390951, 0.000002;;,
      7;3; 0.000001,13.390955, 0.000005;;,
      8;3;-0.000001,13.390947,-0.000001;;,
      9;3; 0.000002,13.390947, 0.000001;;,
      10;3; 0.000002,13.390948,-0.000000;;,
      11;3; 0.000003,13.390944,-0.000000;;,
      12;3; 0.000003,13.390945,-0.000000;;,
      13;3; 0.000003,13.390945,-0.000000;;,
      14;3; 0.000003,13.390942,-0.000000;;,
      15;3; 0.000002,13.390953,-0.000000;;,
      16;3; 0.000002,13.390953,-0.000000;;,
      17;3; 0.000002,13.390953,-0.000000;;;
    }
  }
  Animation {
    {Armature_BottomCover}
    AnimationKey { // Rotation
      0;
      18;
      0;4;-0.458602, 0.458602,-0.538223,-0.538223;;,
      1;4;-0.455333, 0.455333,-0.540992,-0.540991;;,
      2;4;-0.446628, 0.446627,-0.548201,-0.548200;;,
      3;4;-0.434172, 0.434172,-0.558118,-0.558117;;,
      4;4;-0.419811, 0.419810,-0.568999,-0.568998;;,
      5;4;-0.403794, 0.403794,-0.580475,-0.580474;;,
      6;4;-0.386134, 0.386134,-0.592369,-0.592368;;,
      7;4;-0.368543, 0.368542,-0.603471,-0.603470;;,
      8;4;-0.352657, 0.352657,-0.612890,-0.612889;;,
      9;4;-0.339733, 0.339733,-0.620147,-0.620146;;,
      10;4;-0.330389, 0.330389,-0.625175,-0.625174;;,
      11;4;-0.323718, 0.323717,-0.628655,-0.628655;;,
      12;4;-0.319225, 0.319225,-0.630949,-0.630948;;,
      13;4;-0.316979, 0.316979,-0.632080,-0.632079;;,
      14;4;-0.316315, 0.316315,-0.632412,-0.632412;;,
      15;4;-0.316261, 0.316261,-0.632439,-0.632439;;,
      16;4;-0.316261, 0.316261,-0.632439,-0.632439;;,
      17;4;-0.316261, 0.316261,-0.632439,-0.632439;;;
    }
    AnimationKey { // Scale
      1;
      18;
      0;3; 1.000000, 1.000000, 1.000000;;,
      1;3; 1.000000, 1.000000, 1.000000;;,
      2;3; 1.000000, 1.000000, 1.000000;;,
      3;3; 1.000000, 1.000000, 1.000000;;,
      4;3; 1.000000, 1.000000, 1.000000;;,
      5;3; 1.000000, 1.000000, 1.000000;;,
      6;3; 1.000000, 1.000000, 1.000000;;,
      7;3; 1.000000, 1.000000, 1.000000;;,
      8;3; 1.000000, 1.000000, 1.000000;;,
      9;3; 1.000000, 1.000000, 1.000000;;,
      10;3; 1.000000, 1.000000, 1.000000;;,
      11;3; 1.000000, 1.000000, 1.000000;;,
      12;3; 1.000000, 1.000000, 1.000000;;,
      13;3; 1.000000, 1.000000, 1.000000;;,
      14;3; 1.000000, 1.000000, 1.000000;;,
      15;3; 1.000000, 1.000000, 1.000000;;,
      16;3; 1.000000, 1.000000, 1.000000;;,
      17;3; 1.000000, 1.000000, 1.000000;;;
    }
    AnimationKey { // Position
      2;
      18;
      0;3; 0.000000,13.390946,-0.000000;;,
      1;3; 0.000002,13.390949, 0.000001;;,
      2;3; 0.000001,13.390947,-0.000000;;,
      3;3;-0.000003,13.390955,-0.000000;;,
      4;3;-0.000002,13.390950, 0.000001;;,
      5;3;-0.000000,13.390953, 0.000002;;,
      6;3;-0.000001,13.390951, 0.000002;;,
      7;3; 0.000001,13.390955, 0.000005;;,
      8;3;-0.000001,13.390947,-0.000001;;,
      9;3; 0.000002,13.390947, 0.000001;;,
      10;3; 0.000002,13.390948,-0.000000;;,
      11;3; 0.000003,13.390944,-0.000000;;,
      12;3; 0.000003,13.390945,-0.000000;;,
      13;3; 0.000003,13.390945,-0.000000;;,
      14;3; 0.000003,13.390942,-0.000000;;,
      15;3; 0.000002,13.390953,-0.000000;;,
      16;3; 0.000002,13.390953,-0.000000;;,
      17;3; 0.000002,13.390953,-0.000000;;;
    }
  }
  Animation {
    {Armature_Shell}
    AnimationKey { // Rotation
      0;
      18;
      0;4;-0.000000, 0.674862, 0.737944,-0.000000;;,
      1;4;-0.000000, 0.674862, 0.737944,-0.000000;;,
      2;4;-0.000000, 0.674862, 0.737944,-0.000000;;,
      3;4;-0.000000, 0.674862, 0.737944,-0.000000;;,
      4;4;-0.000000, 0.674862, 0.737944,-0.000000;;,
      5;4;-0.000000, 0.674862, 0.737944,-0.000000;;,
      6;4;-0.000000, 0.674862, 0.737944,-0.000000;;,
      7;4;-0.000000, 0.674862, 0.737944,-0.000000;;,
      8;4;-0.000000, 0.674862, 0.737944,-0.000000;;,
      9;4;-0.000000, 0.674862, 0.737944,-0.000000;;,
      10;4;-0.000000, 0.674862, 0.737944,-0.000000;;,
      11;4;-0.000000, 0.674862, 0.737944,-0.000000;;,
      12;4;-0.000000, 0.674862, 0.737944,-0.000000;;,
      13;4;-0.000000, 0.674862, 0.737944,-0.000000;;,
      14;4;-0.000000, 0.674862, 0.737944,-0.000000;;,
      15;4;-0.000000, 0.674862, 0.737944,-0.000000;;,
      16;4;-0.000000, 0.674862, 0.737944,-0.000000;;,
      17;4;-0.000000, 0.674862, 0.737944,-0.000000;;;
    }
    AnimationKey { // Scale
      1;
      18;
      0;3; 1.000000, 1.000000, 1.000000;;,
      1;3; 1.000000, 1.000000, 1.000000;;,
      2;3; 1.000000, 1.000000, 1.000000;;,
      3;3; 1.000000, 1.000000, 1.000000;;,
      4;3; 1.000000, 1.000000, 1.000000;;,
      5;3; 1.000000, 1.000000, 1.000000;;,
      6;3; 1.000000, 1.000000, 1.000000;;,
      7;3; 1.000000, 1.000000, 1.000000;;,
      8;3; 1.000000, 1.000000, 1.000000;;,
      9;3; 1.000000, 1.000000, 1.000000;;,
      10;3; 1.000000, 1.000000, 1.000000;;,
      11;3; 1.000000, 1.000000, 1.000000;;,
      12;3; 1.000000, 1.000000, 1.000000;;,
      13;3; 1.000000, 1.000000, 1.000000;;,
      14;3; 1.000000, 1.000000, 1.000000;;,
      15;3; 1.000000, 1.000000, 1.000000;;,
      16;3; 1.000000, 1.000000, 1.000000;;,
      17;3; 1.000000, 1.000000, 1.000000;;;
    }
    AnimationKey { // Position
      2;
      18;
      0;3;37.512909,14.992228,-0.000006;;,
      1;3;37.512905,14.992229,-0.000007;;,
      2;3;37.512909,14.992228,-0.000006;;,
      3;3;37.512913,14.992229,-0.000005;;,
      4;3;37.512909,14.992229,-0.000006;;,
      5;3;37.512909,14.992229,-0.000006;;,
      6;3;37.512909,14.992229,-0.000006;;,
      7;3;37.512913,14.992229,-0.000006;;,
      8;3;37.512913,14.992228,-0.000007;;,
      9;3;37.512913,14.992229,-0.000006;;,
      10;3;37.512909,14.992229,-0.000006;;,
      11;3;36.897182,14.942305,-0.000006;;,
      12;3;35.542580,14.832472,-0.000006;;,
      13;3;34.187981,14.722640,-0.000006;;,
      14;3;33.572250,14.672715,-0.000006;;,
      15;3;37.841785,15.018892,-0.000006;;,
      16;3;39.506367,15.153860,-0.000007;;,
      17;3;37.512909,14.992229,-0.000006;;;
    }
  }
  Animation {
    {Armature_HornMid01}
    AnimationKey { // Rotation
      0;
      18;
      0;4; 0.000000,-0.507490, 0.861658, 0.000000;;,
      1;4; 0.000000,-0.507490, 0.861658, 0.000001;;,
      2;4; 0.000000,-0.507490, 0.861658, 0.000001;;,
      3;4; 0.000000,-0.507490, 0.861658, 0.000000;;,
      4;4; 0.000000,-0.507490, 0.861658, 0.000000;;,
      5;4; 0.000000,-0.507490, 0.861658, 0.000000;;,
      6;4; 0.000000,-0.507490, 0.861658, 0.000000;;,
      7;4; 0.000000,-0.507490, 0.861658, 0.000000;;,
      8;4; 0.000000,-0.507490, 0.861658, 0.000000;;,
      9;4; 0.000000,-0.507490, 0.861658, 0.000000;;,
      10;4; 0.000000,-0.507490, 0.861658, 0.000000;;,
      11;4; 0.000000,-0.507490, 0.861658, 0.000000;;,
      12;4; 0.000000,-0.507490, 0.861658, 0.000000;;,
      13;4; 0.000000,-0.507490, 0.861658, 0.000000;;,
      14;4; 0.000000,-0.507490, 0.861658, 0.000000;;,
      15;4; 0.000000,-0.507490, 0.861658, 0.000000;;,
      16;4; 0.000000,-0.507490, 0.861658, 0.000000;;,
      17;4; 0.000000,-0.507490, 0.861658, 0.000000;;;
    }
    AnimationKey { // Scale
      1;
      18;
      0;3; 1.000000, 1.000000, 1.000000;;,
      1;3; 1.000000, 1.000000, 1.000000;;,
      2;3; 1.000000, 1.000000, 1.000000;;,
      3;3; 1.000000, 1.000000, 1.000000;;,
      4;3; 1.000000, 1.000000, 1.000000;;,
      5;3; 1.000000, 1.000000, 1.000000;;,
      6;3; 1.000000, 1.000000, 1.000000;;,
      7;3; 1.000000, 1.000000, 1.000000;;,
      8;3; 1.000000, 1.000000, 1.000000;;,
      9;3; 1.000000, 1.000000, 1.000000;;,
      10;3; 1.000000, 1.000000, 1.000000;;,
      11;3; 1.000000, 1.000000, 1.000000;;,
      12;3; 1.000000, 1.000000, 1.000000;;,
      13;3; 1.000000, 1.000000, 1.000000;;,
      14;3; 1.000000, 1.000000, 1.000000;;,
      15;3; 1.000000, 1.000000, 1.000000;;,
      16;3; 1.000000, 1.000000, 1.000000;;,
      17;3; 1.000000, 1.000000, 1.000000;;;
    }
    AnimationKey { // Position
      2;
      18;
      0;3;-37.650902, 1.860807, 0.000048;;,
      1;3;-37.650894, 1.860802, 0.000050;;,
      2;3;-37.650890, 1.860806, 0.000051;;,
      3;3;-37.650894, 1.860805, 0.000048;;,
      4;3;-37.650898, 1.860803, 0.000048;;,
      5;3;-37.650902, 1.860803, 0.000050;;,
      6;3;-37.650902, 1.860810, 0.000046;;,
      7;3;-37.650898, 1.860807, 0.000047;;,
      8;3;-37.650902, 1.860801, 0.000048;;,
      9;3;-37.650906, 1.860805, 0.000047;;,
      10;3;-37.650902, 1.860804, 0.000048;;,
      11;3;-33.503990,-0.438477, 0.000042;;,
      12;3;-19.998419,-7.926743, 0.000025;;,
      13;3;-8.773623,-14.150410, 0.000011;;,
      14;3;-7.171381,-15.038785, 0.000009;;,
      15;3;-7.171381,-15.038781, 0.000009;;,
      16;3;-7.171381,-15.038781, 0.000009;;,
      17;3;-7.171382,-15.038781, 0.000009;;;
    }
  }
  Animation {
    {Armature_HornMidTip01}
    AnimationKey { // Rotation
      0;
      18;
      0;4;-0.610774, 0.610775, 0.356307, 0.356307;;,
      1;4;-0.610774, 0.610775, 0.356306, 0.356307;;,
      2;4;-0.610774, 0.610775, 0.356307, 0.356307;;,
      3;4;-0.610774, 0.610775, 0.356307, 0.356307;;,
      4;4;-0.610774, 0.610775, 0.356307, 0.356307;;,
      5;4;-0.610774, 0.610775, 0.356307, 0.356307;;,
      6;4;-0.610774, 0.610775, 0.356306, 0.356307;;,
      7;4;-0.610774, 0.610775, 0.356307, 0.356307;;,
      8;4;-0.610774, 0.610775, 0.356307, 0.356307;;,
      9;4;-0.610774, 0.610775, 0.356307, 0.356307;;,
      10;4;-0.610774, 0.610775, 0.356307, 0.356307;;,
      11;4;-0.610774, 0.610775, 0.356307, 0.356307;;,
      12;4;-0.610774, 0.610775, 0.356307, 0.356307;;,
      13;4;-0.610774, 0.610775, 0.356307, 0.356307;;,
      14;4;-0.610774, 0.610775, 0.356307, 0.356307;;,
      15;4;-0.610774, 0.610775, 0.356307, 0.356307;;,
      16;4;-0.610774, 0.610775, 0.356307, 0.356307;;,
      17;4;-0.610774, 0.610775, 0.356307, 0.356307;;;
    }
    AnimationKey { // Scale
      1;
      18;
      0;3; 1.000000, 1.000000, 1.000000;;,
      1;3; 1.000000, 1.000000, 1.000000;;,
      2;3; 1.000000, 1.000000, 1.000000;;,
      3;3; 1.000000, 1.000000, 1.000000;;,
