xof 0303txt 0032

Frame Root {
  FrameTransformMatrix {
     1.000000, 0.000000, 0.000000, 0.000000,
     0.000000,-0.000000,-1.000000, 0.000000,
     0.000000, 1.000000,-0.000000, 0.000000,
     0.000000, 0.000000, 0.000000, 1.000000;;
  }
  Frame Armature {
    FrameTransformMatrix {
       0.010000, 0.000000, 0.000000, 0.000000,
       0.000000, 0.010000, 0.000000, 0.000000,
       0.000000, 0.000000, 0.010000, 0.000000,
       0.000000, 0.000000, 0.000000, 1.000000;;
    }
    Frame Armature_Body {
      FrameTransformMatrix {
        -0.000000,-0.104192, 0.994557, 0.000000,
        -0.000000,-0.994557,-0.104192, 0.000000,
         0.999989, 0.000001, 0.000000, 0.000000,
         0.000000,56.922386,13.463865, 1.000000;;
      }
      Frame Armature_Spine01 {
        FrameTransformMatrix {
           0.982884,-0.184227, 0.000000, 0.000000,
           0.184227, 0.982884, 0.000000, 0.000000,
          -0.000000, 0.000000, 1.000000, 0.000000,
          -0.146941,29.933632, 0.000000, 1.000000;;
        }
        Frame Armature_Shell {
          FrameTransformMatrix {
            -0.089122, 0.996021,-0.000001, 0.000000,
             0.996021, 0.089122,-0.000000, 0.000000,
            -0.000000,-0.000001,-1.000000, 0.000000,
            37.512909,14.992228,-0.000006, 1.000000;;
          }
          Frame Armature_HornL01 {
            FrameTransformMatrix {
              -0.999983,-0.003934,-0.004219, 0.000000,
               0.000079, 0.721943,-0.691953, 0.000000,
               0.005768,-0.691942,-0.721930, 0.000000,
               1.772913,22.098843,-21.630371, 1.000000;;
            }
            Frame Armature_HornLTip01 {
              FrameTransformMatrix {
                 0.999981,-0.006097,-0.000000, 0.000000,
                 0.004219, 0.691953, 0.721931, 0.000000,
                -0.004401,-0.721917, 0.691966, 0.000000,
                 0.000000,26.061651,-0.000006, 1.000000;;
              }
            } // End of Armature_HornLTip01
          } // End of Armature_HornL01
          Frame Armature_HornL02 {
            FrameTransformMatrix {
              -0.863740, 0.261626,-0.430703, 0.000000,
               0.503888, 0.460365,-0.730863, 0.000000,
               0.007067,-0.848302,-0.529466, 0.000000,
              24.946095, 5.954981,-32.448830, 1.000000;;
            }
            Frame Armature_HornLTip02 {
              FrameTransformMatrix {
                 0.861529,-0.507708, 0.000005, 0.000000,
                 0.430702, 0.730863, 0.529466, 0.000000,
                -0.268818,-0.456149, 0.848331, 0.000000,
                -0.000004,22.917959,-0.000002, 1.000000;;
              }
            } // End of Armature_HornLTip02
          } // End of Armature_HornL02
          Frame Armature_HornL03 {
            FrameTransformMatrix {
              -0.825636,-0.306001, 0.474013, 0.000000,
              -0.564159, 0.437253,-0.700382, 0.000000,
               0.007054,-0.845679,-0.533645, 0.000000,
              -25.218185, 6.419463,-31.772219, 1.000000;;
            }
            Frame Armature_HornLTip03 {
              FrameTransformMatrix {
                 0.828158, 0.560494,-0.000004, 0.000000,
                -0.474013, 0.700382, 0.533645, 0.000000,
                 0.299108,-0.441940, 0.845709, 0.000000,
                -0.000000,21.928833,-0.000003, 1.000000;;
              }
            } // End of Armature_HornLTip03
          } // End of Armature_HornL03
          Frame Armature_HornL04 {
            FrameTransformMatrix {
              -0.999925,-0.010402, 0.006519, 0.000000,
              -0.009356, 0.302043,-0.953249, 0.000000,
               0.007946,-0.953238,-0.302117, 0.000000,
               3.628018,-10.459240,-42.497318, 1.000000;;
            }
            Frame Armature_HornLTip04 {
              FrameTransformMatrix {
                 0.999977, 0.006838,-0.000000, 0.000000,
                -0.006518, 0.953248, 0.302117, 0.000000,
                 0.002066,-0.302110, 0.953270, 0.000000,
                -0.000000,25.214073,-0.000003, 1.000000;;
              }
            } // End of Armature_HornLTip04
          } // End of Armature_HornL04
          Frame Armature_HornMid01 {
            FrameTransformMatrix {
              -0.484909,-0.874565,-0.000000, 0.000000,
              -0.874565, 0.484909, 0.000001, 0.000000,
              -0.000001, 0.000001,-1.000000, 0.000000,
              -37.650898, 1.860808, 0.000048, 1.000000;;
            }
            Frame Armature_HornMidTip01 {
              FrameTransformMatrix {
                 0.492182, 0.870492, 0.000001, 0.000000,
                 0.000000,-0.000001, 1.000000, 0.000000,
                 0.870492,-0.492182,-0.000001, 0.000000,
                -0.000000,23.230301,-0.000000, 1.000000;;
              }
            } // End of Armature_HornMidTip01
          } // End of Armature_HornMid01
          Frame Armature_HornMid02 {
            FrameTransformMatrix {
              -0.985332,-0.170649, 0.000000, 0.000000,
              -0.170649, 0.985332, 0.000000, 0.000000,
              -0.000000, 0.000000,-1.000000, 0.000000,
               0.541829,34.079460, 0.000000, 1.000000;;
            }
            Frame Armature_HornMidTip02 {
              FrameTransformMatrix {
                 0.986720, 0.162430, 0.000000, 0.000000,
                 0.000000,-0.000000, 1.000000, 0.000000,
                 0.162430,-0.986720,-0.000000, 0.000000,
                 0.000002,23.869211, 0.000000, 1.000000;;
              }
            } // End of Armature_HornMidTip02
          } // End of Armature_HornMid02
          Frame Armature_HornMid03 {
            FrameTransformMatrix {
              -0.742934, 0.669365, 0.000000, 0.000000,
               0.669365, 0.742934,-0.000001, 0.000000,
              -0.000001,-0.000001,-1.000000, 0.000000,
              37.328316,17.870411,-0.000047, 1.000000;;
            }
            Frame Armature_HornMidTip03 {
              FrameTransformMatrix {
                 0.737328,-0.675534, 0.000001, 0.000000,
                -0.000000, 0.000001, 1.000000, 0.000000,
                -0.675534,-0.737328, 0.000001, 0.000000,
                 0.000000,23.350197,-0.000000, 1.000000;;
              }
            } // End of Armature_HornMidTip03
          } // End of Armature_HornMid03
          Frame Armature_HornR01 {
            FrameTransformMatrix {
              -0.999983,-0.003934, 0.004219, 0.000000,
               0.000079, 0.721944, 0.691951, 0.000000,
              -0.005768, 0.691940,-0.721932, 0.000000,
               1.772884,22.098850,21.630346, 1.000000;;
            }
            Frame Armature_HornRTip01 {
              FrameTransformMatrix {
                -0.999981, 0.006097,-0.000000, 0.000000,
                -0.004219,-0.691951, 0.721932, 0.000000,
                 0.004402, 0.721919, 0.691964, 0.000000,
                 0.000000,26.061672, 0.000003, 1.000000;;
              }
            } // End of Armature_HornRTip01
          } // End of Armature_HornR01
          Frame Armature_HornR02 {
            FrameTransformMatrix {
              -0.863739, 0.261627, 0.430705, 0.000000,
               0.503891, 0.460365, 0.730862, 0.000000,
              -0.007068, 0.848301,-0.529466, 0.000000,
              24.946064, 5.954972,32.448730, 1.000000;;
            }
            Frame Armature_HornRTip02 {
              FrameTransformMatrix {
                -0.861528, 0.507710, 0.000004, 0.000000,
                -0.430705,-0.730862, 0.529466, 0.000000,
                 0.268818, 0.456148, 0.848331, 0.000000,
                -0.000002,22.917988,-0.000005, 1.000000;;
              }
            } // End of Armature_HornRTip02
          } // End of Armature_HornR02
          Frame Armature_HornR03 {
            FrameTransformMatrix {
              -0.825636,-0.306000,-0.474014, 0.000000,
              -0.564159, 0.437250, 0.700383, 0.000000,
              -0.007054, 0.845681,-0.533643, 0.000000,
              -25.218151, 6.419503,31.772291, 1.000000;;
            }
            Frame Armature_HornRTip03 {
              FrameTransformMatrix {
                -0.828158,-0.560495,-0.000005, 0.000000,
                 0.474014,-0.700383, 0.533642, 0.000000,
                -0.299107, 0.441938, 0.845710, 0.000000,
                 0.000003,21.928844, 0.000004, 1.000000;;
              }
            } // End of Armature_HornRTip03
          } // End of Armature_HornR03
          Frame Armature_HornR04 {
            FrameTransformMatrix {
              -0.999925,-0.010401,-0.006518, 0.000000,
              -0.009355, 0.302042, 0.953249, 0.000000,
              -0.007946, 0.953238,-0.302116, 0.000000,
               3.628050,-10.459208,42.497276, 1.000000;;
            }
            Frame Armature_HornRTip04 {
              FrameTransformMatrix {
                -0.999977,-0.006837,-0.000000, 0.000000,
                 0.006518,-0.953249, 0.302117, 0.000000,
                -0.002066, 0.302110, 0.953271, 0.000000,
                -0.000000,25.214050, 0.000000, 1.000000;;
              }
            } // End of Armature_HornRTip04
          } // End of Armature_HornR04
        } // End of Armature_Shell
        Frame Armature_Spine02 {
          FrameTransformMatrix {
             0.967918,-0.251268, 0.000000, 0.000000,
             0.251268, 0.967918,-0.000000, 0.000000,
            -0.000000, 0.000000, 1.000000, 0.000000,
             0.113975,31.649040, 0.000000, 1.000000;;
          }
          Frame Armature_Head {
            FrameTransformMatrix {
               0.994427, 0.105429,-0.000000, 0.000000,
              -0.105429, 0.994427, 0.000000, 0.000000,
               0.000000,-0.000000, 1.000000, 0.000000,
               0.463521,25.265734,-0.000000, 1.000000;;
            }
            Frame Armature_BottomCover {
              FrameTransformMatrix {
                -0.158736,-0.987321, 0.000001, 0.000000,
                -0.000000, 0.000001, 1.000000, 0.000000,
                -0.987321, 0.158736,-0.000000, 0.000000,
                -0.000001,13.390950,-0.000000, 1.000000;;
              }
            } // End of Armature_BottomCover
            Frame Armature_Eyeball {
              FrameTransformMatrix {
                 0.227265,-0.973833, 0.000001, 0.000000,
                -0.000000, 0.000001, 1.000000, 0.000000,
                -0.973833,-0.227265, 0.000000, 0.000000,
                -0.000001,13.390950,-0.000000, 1.000000;;
              }
            } // End of Armature_Eyeball
            Frame Armature_UpperCover {
              FrameTransformMatrix {
                 0.227265,-0.973833, 0.000001, 0.000000,
                -0.000000, 0.000001, 1.000000, 0.000000,
                -0.973833,-0.227265, 0.000000, 0.000000,
                -0.000001,13.390950,-0.000000, 1.000000;;
              }
            } // End of Armature_UpperCover
          } // End of Armature_Head
        } // End of Armature_Spine02
      } // End of Armature_Spine01
    } // End of Armature_Body
    Frame TurtleShell {
      FrameTransformMatrix {
         1.000000, 0.000000,-0.000000, 0.000000,
         0.000000, 1.000000, 0.000000, 0.000000,
        -0.000000, 0.000000, 1.000000, 0.000000,
         0.000000,-0.000000,-1.233475, 1.000000;;
      }
    } // End of TurtleShell
  } // End of Armature
} // End of Root
AnimationSet Global {
  Animation {
    {Armature}
    AnimationKey { // Rotation
      0;
      26;
      0;4;-1.000000, 0.000000, 0.000000, 0.000000;;,
      1;4;-1.000000, 0.000000, 0.000000, 0.000000;;,
      2;4;-1.000000, 0.000000, 0.000000, 0.000000;;,
      3;4;-1.000000, 0.000000, 0.000000, 0.000000;;,
      4;4;-1.000000, 0.000000, 0.000000, 0.000000;;,
      5;4;-1.000000, 0.000000, 0.000000, 0.000000;;,
      6;4;-1.000000, 0.000000, 0.000000, 0.000000;;,
      7;4;-1.000000, 0.000000, 0.000000, 0.000000;;,
      8;4;-1.000000, 0.000000, 0.000000, 0.000000;;,
      9;4;-1.000000, 0.000000, 0.000000, 0.000000;;,
      10;4;-1.000000, 0.000000, 0.000000, 0.000000;;,
      11;4;-1.000000, 0.000000, 0.000000, 0.000000;;,
      12;4;-1.000000, 0.000000, 0.000000, 0.000000;;,
      13;4;-1.000000, 0.000000, 0.000000, 0.000000;;,
      14;4;-1.000000, 0.000000, 0.000000, 0.000000;;,
      15;4;-1.000000, 0.000000, 0.000000, 0.000000;;,
      16;4;-1.000000, 0.000000, 0.000000, 0.000000;;,
      17;4;-1.000000, 0.000000, 0.000000, 0.000000;;,
      18;4;-1.000000, 0.000000, 0.000000, 0.000000;;,
      19;4;-1.000000, 0.000000, 0.000000, 0.000000;;,
      20;4;-1.000000, 0.000000, 0.000000, 0.000000;;,
      21;4;-1.000000, 0.000000, 0.000000, 0.000000;;,
      22;4;-1.000000, 0.000000, 0.000000, 0.000000;;,
      23;4;-1.000000, 0.000000, 0.000000, 0.000000;;,
      24;4;-1.000000, 0.000000, 0.000000, 0.000000;;,
      25;4;-1.000000, 0.000000, 0.000000, 0.000000;;;
    }
    AnimationKey { // Scale
      1;
      26;
      0;3; 0.010000, 0.010000, 0.010000;;,
      1;3; 0.010000, 0.010000, 0.010000;;,
      2;3; 0.010000, 0.010000, 0.010000;;,
      3;3; 0.010000, 0.010000, 0.010000;;,
      4;3; 0.010000, 0.010000, 0.010000;;,
      5;3; 0.010000, 0.010000, 0.010000;;,
      6;3; 0.010000, 0.010000, 0.010000;;,
      7;3; 0.010000, 0.010000, 0.010000;;,
      8;3; 0.010000, 0.010000, 0.010000;;,
      9;3; 0.010000, 0.010000, 0.010000;;,
      10;3; 0.010000, 0.010000, 0.010000;;,
      11;3; 0.010000, 0.010000, 0.010000;;,
      12;3; 0.010000, 0.010000, 0.010000;;,
      13;3; 0.010000, 0.010000, 0.010000;;,
      14;3; 0.010000, 0.010000, 0.010000;;,
      15;3; 0.010000, 0.010000, 0.010000;;,
      16;3; 0.010000, 0.010000, 0.010000;;,
      17;3; 0.010000, 0.010000, 0.010000;;,
      18;3; 0.010000, 0.010000, 0.010000;;,
      19;3; 0.010000, 0.010000, 0.010000;;,
      20;3; 0.010000, 0.010000, 0.010000;;,
      21;3; 0.010000, 0.010000, 0.010000;;,
      22;3; 0.010000, 0.010000, 0.010000;;,
      23;3; 0.010000, 0.010000, 0.010000;;,
      24;3; 0.010000, 0.010000, 0.010000;;,
      25;3; 0.010000, 0.010000, 0.010000;;;
    }
    AnimationKey { // Position
      2;
      26;
      0;3; 0.000000, 0.000000, 0.000000;;,
      1;3; 0.000000, 0.000000, 0.000000;;,
      2;3; 0.000000, 0.000000, 0.000000;;,
      3;3; 0.000000, 0.000000, 0.000000;;,
      4;3; 0.000000, 0.000000, 0.000000;;,
      5;3; 0.000000, 0.000000, 0.000000;;,
      6;3; 0.000000, 0.000000, 0.000000;;,
      7;3; 0.000000, 0.000000, 0.000000;;,
      8;3; 0.000000, 0.000000, 0.000000;;,
      9;3; 0.000000, 0.000000, 0.000000;;,
      10;3; 0.000000, 0.000000, 0.000000;;,
      11;3; 0.000000, 0.000000, 0.000000;;,
      12;3; 0.000000, 0.000000, 0.000000;;,
      13;3; 0.000000, 0.000000, 0.000000;;,
      14;3; 0.000000, 0.000000, 0.000000;;,
      15;3; 0.000000, 0.000000, 0.000000;;,
      16;3; 0.000000, 0.000000, 0.000000;;,
      17;3; 0.000000, 0.000000, 0.000000;;,
      18;3; 0.000000, 0.000000, 0.000000;;,
      19;3; 0.000000, 0.000000, 0.000000;;,
      20;3; 0.000000, 0.000000, 0.000000;;,
      21;3; 0.000000, 0.000000, 0.000000;;,
      22;3; 0.000000, 0.000000, 0.000000;;,
      23;3; 0.000000, 0.000000, 0.000000;;,
      24;3; 0.000000, 0.000000, 0.000000;;,
      25;3; 0.000000, 0.000000, 0.000000;;;
    }
  }
  Animation {
    {Armature_Body}
    AnimationKey { // Rotation
      0;
      26;
      0;4;-0.036887,-0.706148, 0.036887,-0.706140;;,
      1;4;-0.029515,-0.706495, 0.029514,-0.706486;;,
      2;4;-0.016177,-0.706931, 0.016174,-0.706913;;,
      3;4;-0.001235,-0.707106, 0.001235,-0.707106;;,
      4;4; 0.010937,-0.707009,-0.010934,-0.707035;;,
      5;4; 0.015960,-0.706918,-0.015958,-0.706936;;,
      6;4; 0.004895,-0.707090,-0.004895,-0.707090;;,
      7;4;-0.015953,-0.706936, 0.015951,-0.706918;;,
      8;4;-0.028052,-0.706555, 0.028051,-0.706545;;,
      9;4;-0.029522,-0.706495, 0.029521,-0.706485;;,
      10;4;-0.030819,-0.706440, 0.030818,-0.706430;;,
      11;4;-0.031953,-0.706389, 0.031953,-0.706380;;,
      12;4;-0.032937,-0.706344, 0.032937,-0.706335;;,
      13;4;-0.033781,-0.706304, 0.033780,-0.706295;;,
      14;4;-0.034495,-0.706269, 0.034494,-0.706261;;,
      15;4;-0.035090,-0.706240, 0.035089,-0.706231;;,
      16;4;-0.035577,-0.706215, 0.035577,-0.706207;;,
      17;4;-0.035967,-0.706195, 0.035966,-0.706188;;,
      18;4;-0.036271,-0.706180, 0.036270,-0.706172;;,
      19;4;-0.036500,-0.706168, 0.036499,-0.706160;;,
      20;4;-0.036663,-0.706160, 0.036663,-0.706152;;,
      21;4;-0.036773,-0.706154, 0.036772,-0.706146;;,
      22;4;-0.036839,-0.706150, 0.036838,-0.706143;;,
      23;4;-0.036873,-0.706149, 0.036872,-0.706141;;,
      24;4;-0.036886,-0.706148, 0.036886,-0.706140;;,
      25;4;-0.036887,-0.706148, 0.036887,-0.706140;;;
    }
    AnimationKey { // Scale
      1;
      26;
      0;3; 1.000000, 1.000000, 0.999989;;,
      1;3; 1.000000, 1.000000, 0.999989;;,
      2;3; 1.000000, 1.000000, 0.999989;;,
      3;3; 1.000000, 1.000000, 0.999989;;,
      4;3; 1.000000, 1.000000, 0.999989;;,
      5;3; 1.000000, 1.000000, 0.999989;;,
      6;3; 1.000000, 1.000000, 0.999989;;,
      7;3; 1.000000, 1.000000, 0.999989;;,
      8;3; 1.000000, 1.000000, 0.999989;;,
      9;3; 1.000000, 1.000000, 0.999989;;,
      10;3; 1.000000, 1.000000, 0.999989;;,
      11;3; 1.000000, 1.000000, 0.999989;;,
      12;3; 1.000000, 1.000000, 0.999989;;,
      13;3; 1.000000, 1.000000, 0.999989;;,
      14;3; 1.000000, 1.000000, 0.999989;;,
      15;3; 1.000000, 1.000000, 0.999989;;,
      16;3; 1.000000, 1.000000, 0.999989;;,
      17;3; 1.000000, 1.000000, 0.999989;;,
      18;3; 1.000000, 1.000000, 0.999989;;,
      19;3; 1.000000, 1.000000, 0.999989;;,
      20;3; 1.000000, 1.000000, 0.999989;;,
      21;3; 1.000000, 1.000000, 0.999989;;,
      22;3; 1.000000, 1.000000, 0.999989;;,
      23;3; 1.000000, 1.000000, 0.999989;;,
      24;3; 1.000000, 1.000000, 0.999989;;,
      25;3; 1.000000, 1.000000, 0.999989;;;
    }
    AnimationKey { // Position
      2;
      26;
      0;3; 0.000000,56.922386,13.463865;;,
      1;3; 0.000000,59.530781,13.451033;;,
      2;3; 0.000000,65.750793,13.420433;;,
      3;3; 0.000000,73.174690,13.383909;;,
      4;3; 0.000000,79.394707,13.353312;;,
      5;3; 0.000000,82.003098,13.340479;;,
      6;3; 0.000000,77.826080,13.360128;;,
      7;3;-0.000000,56.274677,13.397794;;,
      8;3;-0.000000,-6.157139,13.421556;;,
      9;3;-0.000000,-9.975182,13.427444;;,
      10;3;-0.000000,-11.560654,13.432781;;,
      11;3;-0.000000,-11.171829,13.437595;;,
      12;3;-0.000000,-9.067024,13.441912;;,
      13;3;-0.000000,-5.504528,13.445753;;,
      14;3;-0.000000,-0.742664,13.449144;;,
      15;3;-0.000000, 4.960281,13.452112;;,
      16;3;-0.000000,11.346008,13.454679;;,
      17;3;-0.000000,18.156193,13.456871;;,
      18;3;-0.000000,25.132553,13.458713;;,
      19;3;-0.000000,32.016769,13.460229;;,
      20;3;-0.000000,38.550568,13.461443;;,
      21;3;-0.000000,44.475609,13.462381;;,
      22;3;-0.000000,49.533623,13.463067;;,
      23;3;-0.000000,53.466290,13.463527;;,
      24;3;-0.000000,56.015312,13.463784;;,
      25;3; 0.000000,56.922386,13.463865;;;
    }
  }
  Animation {
    {Armature_Spine01}
    AnimationKey { // Rotation
      0;
      26;
      0;4;-0.995712,-0.000000,-0.000000,-0.092510;;,
      1;4;-0.995487,-0.001720, 0.000099,-0.094881;;,
      2;4;-0.994888,-0.006020, 0.000318,-0.100804;;,
      3;4;-0.994029,-0.011615, 0.000546,-0.108499;;,
      4;4;-0.993078,-0.017214, 0.000720,-0.116187;;,
      5;4;-0.992284,-0.021523, 0.000856,-0.122097;;,
      6;4;-0.991951,-0.023250, 0.001022,-0.124462;;,
      7;4;-0.994969,-0.013624, 0.001739,-0.099234;;,
      8;4;-0.998627, 0.004271, 0.001564,-0.052180;;,
      9;4;-0.999545, 0.013877, 0.000752,-0.026780;;,
      10;4;-0.999527, 0.013721, 0.000753,-0.027520;;,
      11;4;-0.999473, 0.013279, 0.000757,-0.029610;;,
      12;4;-0.999380, 0.012592, 0.000759,-0.032857;;,
      13;4;-0.999244, 0.011702, 0.000755,-0.037068;;,
      14;4;-0.999059, 0.010649, 0.000740,-0.042050;;,
      15;4;-0.998821, 0.009474, 0.000711,-0.047609;;,
      16;4;-0.998531, 0.008218, 0.000666,-0.053551;;,
      17;4;-0.998193, 0.006923, 0.000604,-0.059684;;,
      18;4;-0.997816, 0.005628, 0.000526,-0.065814;;,
      19;4;-0.997413, 0.004376, 0.000435,-0.071748;;,
      20;4;-0.997003, 0.003206, 0.000337,-0.077295;;,
      21;4;-0.996608, 0.002158, 0.000238,-0.082263;;,
      22;4;-0.996255, 0.001274, 0.000146,-0.086459;;,
      23;4;-0.995969, 0.000593, 0.000070,-0.089693;;,
      24;4;-0.995780, 0.000155, 0.000018,-0.091774;;,
      25;4;-0.995712,-0.000000,-0.000000,-0.092510;;;
    }
    AnimationKey { // Scale
      1;
      26;
      0;3; 1.000000, 1.000000, 1.000000;;,
      1;3; 1.000000, 1.000000, 1.000000;;,
      2;3; 1.000000, 1.000000, 1.000000;;,
      3;3; 1.000000, 1.000000, 1.000000;;,
      4;3; 1.000000, 1.000000, 1.000000;;,
      5;3; 1.000000, 1.000000, 1.000000;;,
      6;3; 1.000000, 1.000000, 1.000000;;,
      7;3; 1.000000, 1.000000, 1.000000;;,
      8;3; 1.000000, 1.000000, 1.000000;;,
      9;3; 1.000000, 1.000000, 1.000000;;,
      10;3; 1.000000, 1.000000, 1.000000;;,
      11;3; 1.000000, 1.000000, 1.000000;;,
      12;3; 1.000000, 1.000000, 1.000000;;,
      13;3; 1.000000, 1.000000, 1.000000;;,
      14;3; 1.000000, 1.000000, 1.000000;;,
      15;3; 1.000000, 1.000000, 1.000000;;,
      16;3; 1.000000, 1.000000, 1.000000;;,
      17;3; 1.000000, 1.000000, 1.000000;;,
      18;3; 1.000000, 1.000000, 1.000000;;,
      19;3; 1.000000, 1.000000, 1.000000;;,
      20;3; 1.000000, 1.000000, 1.000000;;,
      21;3; 1.000000, 1.000000, 1.000000;;,
      22;3; 1.000000, 1.000000, 1.000000;;,
      23;3; 1.000000, 1.000000, 1.000000;;,
      24;3; 1.000000, 1.000000, 1.000000;;,
      25;3; 1.000000, 1.000000, 1.000000;;;
    }
    AnimationKey { // Position
      2;
      26;
      0;3;-0.146941,29.933632, 0.000000;;,
      1;3;-0.255314,28.899160, 0.000000;;,
      2;3;-0.425055,27.278910, 0.000000;;,
      3;3;-0.620008,25.418001, 0.000000;;,
      4;3;-0.804021,23.661505, 0.000000;;,
      5;3;-0.940941,22.354548, 0.000000;;,
      6;3;-0.994616,21.842201, 0.000000;;,
      7;3;-0.820401,23.505154, 0.000000;;,
      8;3;-0.491458,26.645071, 0.000000;;,
      9;3;-0.298322,28.488642, 0.000000;;,
      10;3;-0.271675,28.742994, 0.000000;;,
      11;3;-0.248355,28.965601, 0.000000;;,
      12;3;-0.228138,29.158569, 0.000000;;,
      13;3;-0.210806,29.324026, 0.000000;;,
      14;3;-0.196133,29.464077, 0.000000;;,
      15;3;-0.183900,29.580849, 0.000000;;,
      16;3;-0.173885,29.676453, 0.000000;;,
      17;3;-0.165866,29.753006, 0.000000;;,
      18;3;-0.159618,29.812624, 0.000000;;,
      19;3;-0.154926,29.857426, 0.000000;;,
      20;3;-0.151562,29.889530, 0.000000;;,
      21;3;-0.149309,29.911051, 0.000000;;,
      22;3;-0.147939,29.924103, 0.000000;;,
      23;3;-0.147238,29.930809, 0.000000;;,
      24;3;-0.146978,29.933279, 0.000000;;,
      25;3;-0.146941,29.933632, 0.000000;;;
    }
  }
  Animation {
    {Armature_Spine02}
    AnimationKey { // Rotation
      0;
      26;
      0;4;-0.991947,-0.000000,-0.000000,-0.126654;;,
      1;4;-0.991868, 0.001517, 0.000234,-0.127260;;,
      2;4;-0.991623, 0.005428, 0.000846,-0.129049;;,
      3;4;-0.991193, 0.010771, 0.001712,-0.131976;;,
      4;4;-0.990567, 0.016585, 0.002706,-0.135993;;,
      5;4;-0.989752, 0.021908, 0.003689,-0.141057;;,
      6;4;-0.988772, 0.025783, 0.004505,-0.147119;;,
      7;4;-0.987661, 0.027260, 0.004963,-0.154137;;,
      8;4;-0.985368, 0.015162, 0.003496,-0.169730;;,
      9;4;-0.981601,-0.007157,-0.000180,-0.190808;;,
      10;4;-0.979328,-0.019105,-0.002539,-0.201359;;,
      11;4;-0.979527,-0.018864,-0.002488,-0.200414;;,
      12;4;-0.980081,-0.018186,-0.002349,-0.197752;;,
      13;4;-0.980921,-0.017136,-0.002140,-0.193636;;,
      14;4;-0.981978,-0.015781,-0.001884,-0.188326;;,
      15;4;-0.983179,-0.014187,-0.001602,-0.182084;;,
      16;4;-0.984459,-0.012420,-0.001315,-0.175171;;,
      17;4;-0.985755,-0.010548,-0.001037,-0.167852;;,
      18;4;-0.987016,-0.008639,-0.000784,-0.160390;;,
      19;4;-0.988195,-0.006761,-0.000563,-0.153052;;,
      20;4;-0.989256,-0.004983,-0.000380,-0.146106;;,
      21;4;-0.990171,-0.003373,-0.000235,-0.139820;;,
      22;4;-0.990917,-0.002000,-0.000129,-0.134463;;,
      23;4;-0.991474,-0.000935,-0.000056,-0.130303;;,
      24;4;-0.991824,-0.000245,-0.000014,-0.127611;;,
      25;4;-0.991947,-0.000000,-0.000000,-0.126654;;;
    }
    AnimationKey { // Scale
      1;
      26;
      0;3; 1.000000, 1.000000, 1.000000;;,
      1;3; 1.000000, 1.000000, 1.000000;;,
      2;3; 1.000000, 1.000000, 1.000000;;,
      3;3; 1.000000, 1.000000, 1.000000;;,
      4;3; 1.000000, 1.000000, 1.000000;;,
      5;3; 1.000000, 1.000000, 1.000000;;,
      6;3; 1.000000, 1.000000, 1.000000;;,
      7;3; 1.000000, 1.000000, 1.000000;;,
      8;3; 1.000000, 1.000000, 1.000000;;,
      9;3; 1.000000, 1.000000, 1.000000;;,
      10;3; 1.000000, 1.000000, 1.000000;;,
      11;3; 1.000000, 1.000000, 1.000000;;,
      12;3; 1.000000, 1.000000, 1.000000;;,
      13;3; 1.000000, 1.000000, 1.000000;;,
      14;3; 1.000000, 1.000000, 1.000000;;,
      15;3; 1.000000, 1.000000, 1.000000;;,
      16;3; 1.000000, 1.000000, 1.000000;;,
      17;3; 1.000000, 1.000000, 1.000000;;,
      18;3; 1.000000, 1.000000, 1.000000;;,
      19;3; 1.000000, 1.000000, 1.000000;;,
      20;3; 1.000000, 1.000000, 1.000000;;,
      21;3; 1.000000, 1.000000, 1.000000;;,
      22;3; 1.000000, 1.000000, 1.000000;;,
      23;3; 1.000000, 1.000000, 1.000000;;,
      24;3; 1.000000, 1.000000, 1.000000;;,
      25;3; 1.000000, 1.000000, 1.000000;;;
    }
    AnimationKey { // Position
      2;
      26;
      0;3; 0.113975,31.649040, 0.000000;;,
      1;3; 0.159937,31.082186, 0.000000;;,
      2;3; 0.215938,30.391508, 0.000000;;,
      3;3; 0.275742,29.653908, 0.000000;;,
      4;3; 0.333113,28.946329, 0.000001;;,
      5;3; 0.381821,28.345669, 0.000001;;,
      6;3; 0.415612,27.928871, 0.000001;;,
      7;3; 0.428262,27.772839, 0.000001;;,
      8;3; 0.354214,28.686089, 0.000001;;,
      9;3; 0.215766,30.393635, 0.000000;;,
      10;3; 0.138456,31.347122, 0.000000;;,
      11;3; 0.133877,31.403566, 0.000000;;,
      12;3; 0.129911,31.452496, 0.000000;;,
      13;3; 0.126509,31.494457, 0.000000;;,
      14;3; 0.123629,31.529970, 0.000000;;,
      15;3; 0.121228,31.559586, 0.000000;;,
      16;3; 0.119263,31.583828, 0.000000;;,
      17;3; 0.117689,31.603241, 0.000000;;,
      18;3; 0.116463,31.618355, 0.000000;;,
      19;3; 0.115541,31.629721, 0.000000;;,
      20;3; 0.114882,31.637861, 0.000000;;,
      21;3; 0.114440,31.643320, 0.000000;;,
      22;3; 0.114174,31.646626, 0.000000;;,
      23;3; 0.114034,31.648329, 0.000000;;,
      24;3; 0.113983,31.648951, 0.000000;;,
      25;3; 0.113975,31.649040, 0.000000;;;
    }
  }
  Animation {
    {Armature_Head}
    AnimationKey { // Rotation
      0;
      26;
      0;4;-0.998606, 0.000000, 0.000000, 0.052788;;,
      1;4;-0.998606, 0.000000, 0.000000, 0.052788;;,
      2;4;-0.998606, 0.000000, 0.000000, 0.052788;;,
      3;4;-0.998606, 0.000000, 0.000000, 0.052788;;,
      4;4;-0.998606, 0.000000, 0.000000, 0.052788;;,
      5;4;-0.998606, 0.000000, 0.000000, 0.052788;;,
      6;4;-0.998606, 0.000000, 0.000000, 0.052788;;,
      7;4;-0.998606, 0.000000, 0.000000, 0.052788;;,
      8;4;-0.998606, 0.000000, 0.000000, 0.052788;;,
      9;4;-0.997148, 0.000000, 0.000000, 0.075469;;,
      10;4;-0.993076, 0.000000, 0.000000, 0.117477;;,
      11;4;-0.990149, 0.000000, 0.000000, 0.140016;;,
      12;4;-0.990327, 0.000000, 0.000000, 0.138750;;,
      13;4;-0.990818, 0.000000, 0.000000, 0.135206;;,
      14;4;-0.991546, 0.000000, 0.000000, 0.129759;;,
      15;4;-0.992433, 0.000000, 0.000000, 0.122787;;,
      16;4;-0.993404, 0.000000, 0.000000, 0.114666;;,
      17;4;-0.994390, 0.000000, 0.000000, 0.105775;;,
      18;4;-0.995333, 0.000000, 0.000000, 0.096495;;,
      19;4;-0.996190, 0.000000, 0.000000, 0.087205;;,
      20;4;-0.996931, 0.000000, 0.000000, 0.078291;;,
      21;4;-0.997538, 0.000000, 0.000000, 0.070135;;,
      22;4;-0.998006, 0.000000, 0.000000, 0.063122;;,
      23;4;-0.998338, 0.000000, 0.000000, 0.057637;;,
      24;4;-0.998537, 0.000000, 0.000000, 0.054064;;,
      25;4;-0.998606, 0.000000, 0.000000, 0.052788;;;
    }
    AnimationKey { // Scale
      1;
      26;
      0;3; 1.000000, 1.000000, 1.000000;;,
      1;3; 1.000000, 1.000000, 1.000000;;,
      2;3; 1.000000, 1.000000, 1.000000;;,
      3;3; 1.000000, 1.000000, 1.000000;;,
      4;3; 1.000000, 1.000000, 1.000000;;,
      5;3; 1.000000, 1.000000, 1.000000;;,
      6;3; 1.000000, 1.000000, 1.000000;;,
      7;3; 1.000000, 1.000000, 1.000000;;,
      8;3; 1.000000, 1.000000, 1.000000;;,
      9;3; 1.000000, 1.000000, 1.000000;;,
      10;3; 1.000000, 1.000000, 1.000000;;,
      11;3; 1.000000, 1.000000, 1.000000;;,
      12;3; 1.000000, 1.000000, 1.000000;;,
      13;3; 1.000000, 1.000000, 1.000000;;,
      14;3; 1.000000, 1.000000, 1.000000;;,
      15;3; 1.000000, 1.000000, 1.000000;;,
      16;3; 1.000000, 1.000000, 1.000000;;,
      17;3; 1.000000, 1.000000, 1.000000;;,
      18;3; 1.000000, 1.000000, 1.000000;;,
      19;3; 1.000000, 1.000000, 1.000000;;,
      20;3; 1.000000, 1.000000, 1.000000;;,
      21;3; 1.000000, 1.000000, 1.000000;;,
      22;3; 1.000000, 1.000000, 1.000000;;,
      23;3; 1.000000, 1.000000, 1.000000;;,
      24;3; 1.000000, 1.000000, 1.000000;;,
      25;3; 1.000000, 1.000000, 1.000000;;;
    }
    AnimationKey { // Position
      2;
      26;
      0;3; 0.463521,25.265734,-0.000000;;,
      1;3; 0.617190,24.824150,-0.000000;;,
      2;3; 0.740026,24.471188,-0.000000;;,
      3;3; 0.835206,24.197681,-0.000000;;,
      4;3; 0.905926,23.994457,-0.000001;;,
      5;3; 0.955381,23.852356,-0.000000;;,
      6;3; 0.986752,23.762213,-0.000000;;,
      7;3; 1.003238,23.714846,-0.000000;;,
      8;3; 1.008026,23.701092,-0.000000;;,
      9;3; 0.777436,24.363686,-0.000000;;,
      10;3; 0.349198,25.594252,-0.000000;;,
      11;3; 0.118611,26.256861,-0.000000;;,
      12;3; 0.123638,26.242403,-0.000000;;,
      13;3; 0.137712,26.201956,-0.000000;;,
      14;3; 0.159336,26.139828,-0.000000;;,
      15;3; 0.186988,26.060360,-0.000000;;,
      16;3; 0.219168,25.967894,-0.000000;;,
      17;3; 0.254363,25.866766,-0.000000;;,
      18;3; 0.291067,25.761297,-0.000000;;,
      19;3; 0.327771,25.655819,-0.000000;;,
      20;3; 0.362966,25.554688,-0.000000;;,
      21;3; 0.395143,25.462227,-0.000000;;,
      22;3; 0.422796,25.382759,-0.000000;;,
      23;3; 0.444417,25.320635,-0.000000;;,
      24;3; 0.458497,25.280180,-0.000000;;,
      25;3; 0.463521,25.265734,-0.000000;;;
    }
  }
  Animation {
    {Armature_Eyeball}
    AnimationKey { // Rotation
      0;
      26;
      0;4;-0.553910, 0.553910,-0.439527,-0.439526;;,
      1;4;-0.553910, 0.553910,-0.439527,-0.439526;;,
      2;4;-0.553910, 0.553910,-0.439527,-0.439526;;,
      3;4;-0.553910, 0.553910,-0.439527,-0.439526;;,
      4;4;-0.553910, 0.553910,-0.439527,-0.439526;;,
      5;4;-0.553910, 0.553910,-0.439527,-0.439526;;,
      6;4;-0.553910, 0.553910,-0.439527,-0.439526;;,
      7;4;-0.553910, 0.553910,-0.439527,-0.439526;;,
      8;4;-0.553910, 0.553910,-0.439527,-0.439526;;,
      9;4;-0.553910, 0.553910,-0.439527,-0.439526;;,
      10;4;-0.553910, 0.553910,-0.439527,-0.439526;;,
      11;4;-0.553910, 0.553910,-0.439527,-0.439526;;,
      12;4;-0.553910, 0.553910,-0.439527,-0.439526;;,
      13;4;-0.553910, 0.553910,-0.439527,-0.439526;;,
      14;4;-0.553910, 0.553910,-0.439527,-0.439526;;,
      15;4;-0.553910, 0.553910,-0.439527,-0.439526;;,
      16;4;-0.553910, 0.553910,-0.439527,-0.439526;;,
      17;4;-0.553910, 0.553910,-0.439527,-0.439526;;,
      18;4;-0.553910, 0.553910,-0.439527,-0.439526;;,
      19;4;-0.553910, 0.553910,-0.439527,-0.439526;;,
      20;4;-0.553910, 0.553910,-0.439527,-0.439526;;,
      21;4;-0.553910, 0.553910,-0.439527,-0.439526;;,
      22;4;-0.553910, 0.553910,-0.439527,-0.439526;;,
      23;4;-0.553910, 0.553910,-0.439527,-0.439526;;,
      24;4;-0.553910, 0.553910,-0.439527,-0.439526;;,
      25;4;-0.553910, 0.553910,-0.439527,-0.439526;;;
    }
    AnimationKey { // Scale
      1;
      26;
      0;3; 1.000000, 1.000000, 1.000000;;,
      1;3; 1.000000, 1.000000, 1.000000;;,
      2;3; 1.000000, 1.000000, 1.000000;;,
      3;3; 1.000000, 1.000000, 1.000000;;,
      4;3; 1.000000, 1.000000, 1.000000;;,
      5;3; 1.000000, 1.000000, 1.000000;;,
      6;3; 1.000000, 1.000000, 1.000000;;,
      7;3; 1.000000, 1.000000, 1.000000;;,
      8;3; 1.000000, 1.000000, 1.000000;;,
      9;3; 1.000000, 1.000000, 1.000000;;,
      10;3; 1.000000, 1.000000, 1.000000;;,
      11;3; 1.000000, 1.000000, 1.000000;;,
      12;3; 1.000000, 1.000000, 1.000000;;,
      13;3; 1.000000, 1.000000, 1.000000;;,
      14;3; 1.000000, 1.000000, 1.000000;;,
      15;3; 1.000000, 1.000000, 1.000000;;,
      16;3; 1.000000, 1.000000, 1.000000;;,
      17;3; 1.000000, 1.000000, 1.000000;;,
      18;3; 1.000000, 1.000000, 1.000000;;,
      19;3; 1.000000, 1.000000, 1.000000;;,
      20;3; 1.000000, 1.000000, 1.000000;;,
      21;3; 1.000000, 1.000000, 1.000000;;,
      22;3; 1.000000, 1.000000, 1.000000;;,
      23;3; 1.000000, 1.000000, 1.000000;;,
      24;3; 1.000000, 1.000000, 1.000000;;,
      25;3; 1.000000, 1.000000, 1.000000;;;
    }
    AnimationKey { // Position
      2;
      26;
      0;3;-0.000001,13.390950,-0.000000;;,
      1;3;-0.000002,13.390952,-0.000000;;,
      2;3;-0.000004,13.390949,-0.000000;;,
      3;3;-0.000001,13.390948,-0.000000;;,
      4;3; 0.000001,13.390953, 0.000000;;,
      5;3;-0.000001,13.390953,-0.000000;;,
      6;3;-0.000002,13.390949,-0.000000;;,
      7;3;-0.000001,13.390951,-0.000000;;,
      8;3; 0.000001,13.390938,-0.000000;;,
      9;3; 0.000000,13.390949, 0.000000;;,
      10;3; 0.000000,13.390954, 0.000000;;,
      11;3;-0.000000,13.390937,-0.000000;;,
      12;3; 0.000001,13.390940,-0.000000;;,
      13;3; 0.000001,13.390946, 0.000000;;,
      14;3; 0.000001,13.390941,-0.000000;;,
      15;3; 0.000000,13.390952,-0.000000;;,
      16;3; 0.000000,13.390953,-0.000000;;,
      17;3;-0.000002,13.390957, 0.000000;;,
      18;3;-0.000001,13.390946,-0.000000;;,
      19;3; 0.000002,13.390942,-0.000000;;,
      20;3; 0.000001,13.390952,-0.000000;;,
      21;3;-0.000001,13.390954,-0.000000;;,
      22;3; 0.000001,13.390955,-0.000000;;,
      23;3;-0.000001,13.390952,-0.000000;;,
      24;3;-0.000002,13.390952,-0.000000;;,
      25;3;-0.000001,13.390950,-0.000000;;;
    }
  }
  Animation {
    {Armature_UpperCover}
    AnimationKey { // Rotation
      0;
      26;
      0;4;-0.553910, 0.553910,-0.439527,-0.439526;;,
      1;4;-0.547236, 0.547235,-0.447810,-0.447810;;,
      2;4;-0.527633, 0.527633,-0.470748,-0.470748;;,
      3;4;-0.495286, 0.495286,-0.504670,-0.504669;;,
      4;4;-0.452554, 0.452553,-0.543319,-0.543318;;,
      5;4;-0.405621, 0.405620,-0.579200,-0.579199;;,
      6;4;-0.363221, 0.363220,-0.606689,-0.606688;;,
      7;4;-0.333546, 0.333545,-0.623496,-0.623496;;,
      8;4;-0.322543, 0.322543,-0.629259,-0.629258;;,
      9;4;-0.405202, 0.405202,-0.579493,-0.579492;;,
      10;4;-0.537632, 0.537632,-0.459295,-0.459295;;,
      11;4;-0.587675, 0.587674,-0.393242,-0.393241;;,
      12;4;-0.587172, 0.587171,-0.393992,-0.393992;;,
      13;4;-0.585763, 0.585763,-0.396083,-0.396082;;,
      14;4;-0.583602, 0.583601,-0.399262,-0.399261;;,
      15;4;-0.580839, 0.580838,-0.403270,-0.403269;;,
      16;4;-0.577631, 0.577631,-0.407851,-0.407851;;,
      17;4;-0.574135, 0.574135,-0.412758,-0.412758;;,
      18;4;-0.570509, 0.570508,-0.417756,-0.417756;;,
      19;4;-0.566908, 0.566908,-0.422630,-0.422629;;,
      20;4;-0.563485, 0.563484,-0.427183,-0.427183;;,
      21;4;-0.560385, 0.560384,-0.431242,-0.431242;;,
      22;4;-0.557746, 0.557746,-0.434649,-0.434648;;,
      23;4;-0.555702, 0.555702,-0.437259,-0.437259;;,
      24;4;-0.554380, 0.554380,-0.438934,-0.438933;;,
      25;4;-0.553910, 0.553910,-0.439527,-0.439526;;;
    }
    AnimationKey { // Scale
      1;
      26;
      0;3; 1.000000, 1.000000, 1.000000;;,
      1;3; 1.000000, 1.000000, 1.000000;;,
      2;3; 1.000000, 1.000000, 1.000000;;,
      3;3; 1.000000, 1.000000, 1.000000;;,
      4;3; 1.000000, 1.000000, 1.000000;;,
      5;3; 1.000000, 1.000000, 1.000000;;,
      6;3; 1.000000, 1.000000, 1.000000;;,
      7;3; 1.000000, 1.000000, 1.000000;;,
      8;3; 1.000000, 1.000000, 1.000000;;,
      9;3; 1.000000, 1.000000, 1.000000;;,
      10;3; 1.000000, 1.000000, 1.000000;;,
      11;3; 1.000000, 1.000000, 1.000000;;,
      12;3; 1.000000, 1.000000, 1.000000;;,
      13;3; 1.000000, 1.000000, 1.000000;;,
      14;3; 1.000000, 1.000000, 1.000000;;,
      15;3; 1.000000, 1.000000, 1.000000;;,
      16;3; 1.000000, 1.000000, 1.000000;;,
      17;3; 1.000000, 1.000000, 1.000000;;,
      18;3; 1.000000, 1.000000, 1.000000;;,
      19;3; 1.000000, 1.000000, 1.000000;;,
      20;3; 1.000000, 1.000000, 1.000000;;,
      21;3; 1.000000, 1.000000, 1.000000;;,
      22;3; 1.000000, 1.000000, 1.000000;;,
      23;3; 1.000000, 1.000000, 1.000000;;,
      24;3; 1.000000, 1.000000, 1.000000;;,
      25;3; 1.000000, 1.000000, 1.000000;;;
    }
    AnimationKey { // Position
      2;
      26;
      0;3;-0.000001,13.390950,-0.000000;;,
      1;3;-0.000002,13.390952,-0.000000;;,
      2;3;-0.000004,13.390949,-0.000000;;,
      3;3;-0.000001,13.390948,-0.000000;;,
      4;3; 0.000001,13.390953, 0.000000;;,
      5;3;-0.000001,13.390953,-0.000000;;,
      6;3;-0.000002,13.390949,-0.000000;;,
      7;3;-0.000001,13.390951,-0.000000;;,
      8;3; 0.000001,13.390938,-0.000000;;,
      9;3; 0.000000,13.390949, 0.000000;;,
      10;3; 0.000000,13.390954, 0.000000;;,
      11;3;-0.000000,13.390937,-0.000000;;,
      12;3; 0.000001,13.390940,-0.000000;;,
      13;3; 0.000001,13.390946, 0.000000;;,
      14;3; 0.000001,13.390941,-0.000000;;,
      15;3; 0.000000,13.390952,-0.000000;;,
      16;3; 0.000000,13.390953,-0.000000;;,
      17;3;-0.000002,13.390957, 0.000000;;,
      18;3;-0.000001,13.390946,-0.000000;;,
      19;3; 0.000002,13.390942,-0.000000;;,
      20;3; 0.000001,13.390952,-0.000000;;,
      21;3;-0.000001,13.390954,-0.000000;;,
      22;3; 0.000001,13.390955,-0.000000;;,
      23;3;-0.000001,13.390952,-0.000000;;,
      24;3;-0.000002,13.390952,-0.000000;;,
      25;3;-0.000001,13.390950,-0.000000;;;
    }
  }
  Animation {
    {Armature_BottomCover}
    AnimationKey { // Rotation
      0;
      26;
      0;4;-0.458602, 0.458602,-0.538223,-0.538223;;,
      1;4;-0.464429, 0.464429,-0.533203,-0.533203;;,
      2;4;-0.479414, 0.479413,-0.519772,-0.519771;;,
      3;4;-0.499363, 0.499363,-0.500637,-0.500636;;,
      4;4;-0.519903, 0.519902,-0.479272,-0.479272;;,
      5;4;-0.537398, 0.537397,-0.459570,-0.459569;;,
      6;4;-0.549806, 0.549805,-0.444651,-0.444650;;,
      7;4;-0.556958, 0.556957,-0.435659,-0.435658;;,
      8;4;-0.559546, 0.559546,-0.432329,-0.432328;;,
      9;4;-0.505981, 0.505981,-0.493947,-0.493946;;,
      10;4;-0.354141, 0.354141,-0.612033,-0.612032;;,
      11;4;-0.316261, 0.316261,-0.632439,-0.632439;;,
      12;4;-0.316310, 0.316310,-0.632415,-0.632414;;,
      13;4;-0.316959, 0.316958,-0.632090,-0.632089;;,
      14;4;-0.319359, 0.319359,-0.630880,-0.630880;;,
      15;4;-0.324730, 0.324729,-0.628133,-0.628132;;,
      16;4;-0.333887, 0.333886,-0.623314,-0.623313;;,
      17;4;-0.346974, 0.346974,-0.616125,-0.616124;;,
      18;4;-0.363408, 0.363408,-0.606576,-0.606576;;,
      19;4;-0.382005, 0.382004,-0.595040,-0.595040;;,
      20;4;-0.401236, 0.401235,-0.582246,-0.582246;;,
      21;4;-0.419512, 0.419512,-0.569219,-0.569218;;,
      22;4;-0.435413, 0.435413,-0.557150,-0.557149;;,
      23;4;-0.447796, 0.447795,-0.547247,-0.547247;;,
      24;4;-0.455776, 0.455775,-0.540619,-0.540619;;,
      25;4;-0.458602, 0.458602,-0.538223,-0.538223;;;
    }
    AnimationKey { // Scale
      1;
      26;
