xof 0303txt 0032

Frame Root {
  FrameTransformMatrix {
     1.000000, 0.000000, 0.000000, 0.000000,
     0.000000,-0.000000,-1.000000, 0.000000,
     0.000000, 1.000000,-0.000000, 0.000000,
     0.000000, 0.000000, 0.000000, 1.000000;;
  }
  Frame Armature {
    FrameTransformMatrix {
       0.010000, 0.000000, 0.000000, 0.000000,
       0.000000, 0.010000, 0.000000, 0.000000,
       0.000000, 0.000000, 0.010000, 0.000000,
       0.000000, 0.000000, 0.000000, 1.000000;;
    }
    Frame Armature_Body {
      FrameTransformMatrix {
        -0.000000, 0.104192, 0.994557, 0.000000,
         0.000000, 0.994557,-0.104192, 0.000000,
        -0.999989,-0.000001,-0.000000, 0.000000,
        -0.000000,-31.750267,13.463866, 1.000000;;
      }
      Frame Armature_Spine01 {
        FrameTransformMatrix {
           0.982884,-0.184227, 0.000000, 0.000000,
           0.184227, 0.982884, 0.000000, 0.000000,
          -0.000000, 0.000000, 1.000000, 0.000000,
          -0.189091,29.531305, 0.000000, 1.000000;;
        }
        Frame Armature_Shell {
          FrameTransformMatrix {
            -0.089122, 0.996021,-0.000001, 0.000000,
             0.996021, 0.089122,-0.000000, 0.000000,
            -0.000000,-0.000001,-1.000000, 0.000000,
            37.512909,14.992229,-0.000006, 1.000000;;
          }
          Frame Armature_HornL01 {
            FrameTransformMatrix {
              -0.999983,-0.003934,-0.004219, 0.000000,
               0.000079, 0.721943,-0.691953, 0.000000,
               0.005768,-0.691942,-0.721930, 0.000000,
               1.770170,-3.061640, 2.484930, 1.000000;;
            }
            Frame Armature_HornLTip01 {
              FrameTransformMatrix {
                 0.999981,-0.006097,-0.000000, 0.000000,
                 0.004219, 0.691953, 0.721931, 0.000000,
                -0.004401,-0.721917, 0.691965, 0.000000,
                 0.000000,26.061649, 0.000003, 1.000000;;
              }
            } // End of Armature_HornLTip01
          } // End of Armature_HornL01
          Frame Armature_HornL02 {
            FrameTransformMatrix {
              -0.863740, 0.261626,-0.430703, 0.000000,
               0.503888, 0.460365,-0.730863, 0.000000,
               0.007067,-0.848302,-0.529466, 0.000000,
               7.385054,-10.089216,-6.977462, 1.000000;;
            }
            Frame Armature_HornLTip02 {
              FrameTransformMatrix {
                 0.861529,-0.507708, 0.000005, 0.000000,
                 0.430702, 0.730863, 0.529466, 0.000000,
                -0.268818,-0.456149, 0.848331, 0.000000,
                 0.000001,22.917959,-0.000005, 1.000000;;
              }
            } // End of Armature_HornLTip02
          } // End of Armature_HornL02
          Frame Armature_HornL03 {
            FrameTransformMatrix {
              -0.825636,-0.306001, 0.474013, 0.000000,
              -0.564159, 0.437253,-0.700382, 0.000000,
               0.007054,-0.845679,-0.533645, 0.000000,
              -3.644026,-10.301654,-4.988700, 1.000000;;
            }
            Frame Armature_HornLTip03 {
              FrameTransformMatrix {
                 0.828158, 0.560494,-0.000004, 0.000000,
                -0.474013, 0.700382, 0.533645, 0.000000,
                 0.299108,-0.441940, 0.845709, 0.000000,
                -0.000000,21.928833,-0.000002, 1.000000;;
              }
            } // End of Armature_HornLTip03
          } // End of Armature_HornL03
          Frame Armature_HornL04 {
            FrameTransformMatrix {
              -0.999925,-0.010402, 0.006519, 0.000000,
              -0.009356, 0.302043,-0.953249, 0.000000,
               0.007946,-0.953238,-0.302117, 0.000000,
               3.954092,-20.985760,-9.275584, 1.000000;;
            }
            Frame Armature_HornLTip04 {
              FrameTransformMatrix {
                 0.999977, 0.006838,-0.000000, 0.000000,
                -0.006518, 0.953248, 0.302118, 0.000000,
                 0.002066,-0.302110, 0.953271, 0.000000,
                 0.000001,25.214073, 0.000002, 1.000000;;
              }
            } // End of Armature_HornLTip04
          } // End of Armature_HornL04
          Frame Armature_HornMid01 {
            FrameTransformMatrix {
              -0.484909,-0.874565,-0.000000, 0.000000,
              -0.874565, 0.484909, 0.000001, 0.000000,
              -0.000001, 0.000001,-1.000000, 0.000000,
              -7.171382,-15.038781, 0.000009, 1.000000;;
            }
            Frame Armature_HornMidTip01 {
              FrameTransformMatrix {
                 0.492182, 0.870492, 0.000001, 0.000000,
                 0.000000,-0.000001, 1.000000, 0.000000,
                 0.870492,-0.492182,-0.000001, 0.000000,
                 0.000004,23.230297,-0.000000, 1.000000;;
              }
            } // End of Armature_HornMidTip01
          } // End of Armature_HornMid01
          Frame Armature_HornMid02 {
            FrameTransformMatrix {
              -0.985332,-0.170649, 0.000000, 0.000000,
              -0.170649, 0.985332, 0.000000, 0.000000,
              -0.000000, 0.000000,-1.000000, 0.000000,
               6.489134,-0.260424,-0.000006, 1.000000;;
            }
            Frame Armature_HornMidTip02 {
              FrameTransformMatrix {
                 0.986720, 0.162430, 0.000000, 0.000000,
                 0.000000,-0.000000, 1.000000, 0.000000,
                 0.162430,-0.986720,-0.000000, 0.000000,
                 0.000000,23.869213, 0.000000, 1.000000;;
              }
            } // End of Armature_HornMidTip02
          } // End of Armature_HornMid02
          Frame Armature_HornMid03 {
            FrameTransformMatrix {
              -0.742934, 0.669365, 0.000000, 0.000000,
               0.669365, 0.742934,-0.000001, 0.000000,
              -0.000001,-0.000001,-1.000000, 0.000000,
              14.000224,-8.021652,-0.000016, 1.000000;;
            }
            Frame Armature_HornMidTip03 {
              FrameTransformMatrix {
                 0.737329,-0.675534, 0.000001, 0.000000,
                -0.000000, 0.000001, 1.000000, 0.000000,
                -0.675534,-0.737328, 0.000001, 0.000000,
                -0.000000,23.350195,-0.000000, 1.000000;;
              }
            } // End of Armature_HornMidTip03
          } // End of Armature_HornMid03
          Frame Armature_HornR01 {
            FrameTransformMatrix {
              -0.999983,-0.003934, 0.004219, 0.000000,
               0.000079, 0.721944, 0.691951, 0.000000,
              -0.005768, 0.691940,-0.721932, 0.000000,
               1.770123,-3.061685,-2.484893, 1.000000;;
            }
            Frame Armature_HornRTip01 {
              FrameTransformMatrix {
                -0.999981, 0.006097,-0.000000, 0.000000,
                -0.004219,-0.691951, 0.721932, 0.000000,
                 0.004402, 0.721919, 0.691964, 0.000000,
                 0.000000,26.061678,-0.000003, 1.000000;;
              }
            } // End of Armature_HornRTip01
          } // End of Armature_HornR01
          Frame Armature_HornR02 {
            FrameTransformMatrix {
              -0.863739, 0.261627, 0.430705, 0.000000,
               0.503891, 0.460365, 0.730862, 0.000000,
              -0.007068, 0.848302,-0.529466, 0.000000,
               7.384940,-10.089232, 6.977417, 1.000000;;
            }
            Frame Armature_HornRTip02 {
              FrameTransformMatrix {
                -0.861528, 0.507710, 0.000004, 0.000000,
                -0.430705,-0.730862, 0.529466, 0.000000,
                 0.268818, 0.456148, 0.848331, 0.000000,
                -0.000000,22.917995, 0.000003, 1.000000;;
              }
            } // End of Armature_HornRTip02
          } // End of Armature_HornR02
          Frame Armature_HornR03 {
            FrameTransformMatrix {
              -0.825636,-0.306000,-0.474014, 0.000000,
              -0.564159, 0.437250, 0.700383, 0.000000,
              -0.007054, 0.845681,-0.533643, 0.000000,
              -3.643965,-10.301526, 4.988736, 1.000000;;
            }
            Frame Armature_HornRTip03 {
              FrameTransformMatrix {
                -0.828158,-0.560495,-0.000005, 0.000000,
                 0.474014,-0.700383, 0.533643, 0.000000,
                -0.299107, 0.441938, 0.845710, 0.000000,
                -0.000001,21.928846, 0.000004, 1.000000;;
              }
            } // End of Armature_HornRTip03
          } // End of Armature_HornR03
          Frame Armature_HornR04 {
            FrameTransformMatrix {
              -0.999925,-0.010401,-0.006518, 0.000000,
              -0.009355, 0.302042, 0.953249, 0.000000,
              -0.007946, 0.953238,-0.302116, 0.000000,
               3.954095,-20.985697, 9.275525, 1.000000;;
            }
            Frame Armature_HornRTip04 {
              FrameTransformMatrix {
                -0.999977,-0.006837,-0.000000, 0.000000,
                 0.006518,-0.953249, 0.302117, 0.000000,
                -0.002066, 0.302110, 0.953271, 0.000000,
                -0.000001,25.214048,-0.000000, 1.000000;;
              }
            } // End of Armature_HornRTip04
          } // End of Armature_HornR04
        } // End of Armature_Shell
        Frame Armature_Spine02 {
          FrameTransformMatrix {
             0.967918,-0.251268, 0.000000, 0.000000,
             0.251268, 0.967918,-0.000000, 0.000000,
            -0.000000, 0.000000, 1.000000, 0.000000,
             0.121078,31.561434, 0.000000, 1.000000;;
          }
          Frame Armature_Head {
            FrameTransformMatrix {
               0.994427, 0.105429,-0.000000, 0.000000,
              -0.105429, 0.994427, 0.000000, 0.000000,
               0.000000,-0.000000, 1.000000, 0.000000,
               0.390803,25.474693,-0.000000, 1.000000;;
            }
            Frame Armature_BottomCover {
              FrameTransformMatrix {
                -0.599916,-0.800063, 0.000001, 0.000000,
                -0.000000, 0.000001, 1.000000, 0.000000,
                -0.800063, 0.599916,-0.000001, 0.000000,
                 0.000002,13.390953,-0.000000, 1.000000;;
              }
            } // End of Armature_BottomCover
            Frame Armature_Eyeball {
              FrameTransformMatrix {
                 0.227265,-0.973833, 0.000001, 0.000000,
                -0.000000, 0.000001, 1.000000, 0.000000,
                -0.973833,-0.227265, 0.000000, 0.000000,
                 0.000002,13.390953,-0.000000, 1.000000;;
              }
            } // End of Armature_Eyeball
            Frame Armature_UpperCover {
              FrameTransformMatrix {
                 0.301920,-0.953333, 0.000001, 0.000000,
                -0.000000, 0.000001, 1.000000, 0.000000,
                -0.953333,-0.301920, 0.000000, 0.000000,
                 0.000002,13.390953,-0.000000, 1.000000;;
              }
            } // End of Armature_UpperCover
          } // End of Armature_Head
        } // End of Armature_Spine02
      } // End of Armature_Spine01
    } // End of Armature_Body
    Frame TurtleShell {
      FrameTransformMatrix {
         1.000000,-0.000000,-0.000000, 0.000000,
        -0.000000, 1.000000, 0.000000, 0.000000,
        -0.000000, 0.000000, 1.000000, 0.000000,
        -0.000000,-0.000000,-1.233471, 1.000000;;
      }
    } // End of TurtleShell
  } // End of Armature
} // End of Root
AnimationSet Global {
  Animation {
    {Armature}
    AnimationKey { // Rotation
      0;
      8;
      0;4;-1.000000, 0.000000, 0.000000, 0.000000;;,
      1;4;-1.000000, 0.000000, 0.000000, 0.000000;;,
      2;4;-1.000000, 0.000000, 0.000000, 0.000000;;,
      3;4;-1.000000, 0.000000, 0.000000, 0.000000;;,
      4;4;-1.000000, 0.000000, 0.000000, 0.000000;;,
      5;4;-1.000000, 0.000000, 0.000000, 0.000000;;,
      6;4;-1.000000, 0.000000, 0.000000, 0.000000;;,
      7;4;-1.000000, 0.000000, 0.000000, 0.000000;;;
    }
    AnimationKey { // Scale
      1;
      8;
      0;3; 0.010000, 0.010000, 0.010000;;,
      1;3; 0.010000, 0.010000, 0.010000;;,
      2;3; 0.010000, 0.010000, 0.010000;;,
      3;3; 0.010000, 0.010000, 0.010000;;,
      4;3; 0.010000, 0.010000, 0.010000;;,
      5;3; 0.010000, 0.010000, 0.010000;;,
      6;3; 0.010000, 0.010000, 0.010000;;,
      7;3; 0.010000, 0.010000, 0.010000;;;
    }
    AnimationKey { // Position
      2;
      8;
      0;3; 0.000000, 0.000000, 0.000000;;,
      1;3; 0.000000, 0.000000, 0.000000;;,
      2;3; 0.000000, 0.000000, 0.000000;;,
      3;3; 0.000000, 0.000000, 0.000000;;,
      4;3; 0.000000, 0.000000, 0.000000;;,
      5;3; 0.000000, 0.000000, 0.000000;;,
      6;3; 0.000000, 0.000000, 0.000000;;,
      7;3; 0.000000, 0.000000, 0.000000;;;
    }
  }
  Animation {
    {Armature_Body}
    AnimationKey { // Rotation
      0;
      8;
      0;4;-0.706144,-0.036887,-0.706144, 0.036888;;,
      1;4;-0.705800,-0.042968,-0.705800, 0.042968;;,
      2;4;-0.705404,-0.049046,-0.705404, 0.049046;;,
      3;4;-0.705616,-0.045895,-0.705616, 0.045895;;,
      4;4;-0.705972,-0.040041,-0.705972, 0.040041;;,
      5;4;-0.706144,-0.036887,-0.706144, 0.036888;;,
      6;4;-0.706144,-0.036887,-0.706144, 0.036888;;,
      7;4;-0.706144,-0.036887,-0.706144, 0.036888;;;
    }
    AnimationKey { // Scale
      1;
      8;
      0;3; 1.000000, 1.000000, 0.999989;;,
      1;3; 1.000000, 1.000000, 0.999989;;,
      2;3; 1.000000, 1.000000, 0.999989;;,
      3;3; 1.000000, 1.000000, 0.999989;;,
      4;3; 1.000000, 1.000000, 0.999989;;,
      5;3; 1.000000, 1.000000, 0.999989;;,
      6;3; 1.000000, 1.000000, 0.999989;;,
      7;3; 1.000000, 1.000000, 0.999989;;;
    }
    AnimationKey { // Position
      2;
      8;
      0;3;-0.000000,-31.750267,13.463866;;,
      1;3;-0.000000,-31.082199,14.059114;;,
      2;3;-0.000000,-28.648140,14.654361;;,
      3;3;-0.000000,-29.452393,14.345714;;,
      4;3;-0.000000,-30.946014,13.772514;;,
      5;3;-0.000000,-31.750267,13.463866;;,
      6;3;-0.000000,-31.750267,13.463866;;,
      7;3;-0.000000,-31.750267,13.463866;;;
    }
  }
  Animation {
    {Armature_Spine01}
    AnimationKey { // Rotation
      0;
      8;
      0;4;-0.995712,-0.000000,-0.000000,-0.092510;;,
      1;4;-0.995710,-0.000019,-0.001643,-0.092510;;,
      2;4;-0.995701,-0.000055,-0.004695,-0.092509;;,
      3;4;-0.995692,-0.000074,-0.006339,-0.092508;;,
      4;4;-0.995701,-0.000055,-0.004695,-0.092509;;,
      5;4;-0.995710,-0.000019,-0.001643,-0.092510;;,
      6;4;-0.995712,-0.000000,-0.000000,-0.092510;;,
      7;4;-0.995712,-0.000000,-0.000000,-0.092510;;;
    }
    AnimationKey { // Scale
      1;
      8;
      0;3; 1.000000, 1.000000, 1.000000;;,
      1;3; 1.000000, 1.000000, 1.000000;;,
      2;3; 1.000000, 1.000000, 1.000000;;,
      3;3; 1.000000, 1.000000, 1.000000;;,
      4;3; 1.000000, 1.000000, 1.000000;;,
      5;3; 1.000000, 1.000000, 1.000000;;,
      6;3; 1.000000, 1.000000, 1.000000;;,
      7;3; 1.000000, 1.000000, 1.000000;;;
    }
    AnimationKey { // Position
      2;
      8;
      0;3;-0.189091,29.531305, 0.000000;;,
      1;3;-0.173313,29.681906, 0.000000;;,
      2;3;-0.144012,29.961592, 0.000000;;,
      3;3;-0.128236,30.112192, 0.000000;;,
      4;3;-0.144012,29.961590, 0.000000;;,
      5;3;-0.173314,29.681906, 0.000000;;,
      6;3;-0.189091,29.531305, 0.000000;;,
      7;3;-0.189091,29.531305, 0.000000;;;
    }
  }
  Animation {
    {Armature_Spine02}
    AnimationKey { // Rotation
      0;
      8;
      0;4;-0.991947,-0.000000,-0.000000,-0.126654;;,
      1;4;-0.991943,-0.000591, 0.002801,-0.126653;;,
      2;4;-0.991914,-0.001688, 0.008002,-0.126650;;,
      3;4;-0.991887,-0.002279, 0.010803,-0.126646;;,
      4;4;-0.991914,-0.001688, 0.008002,-0.126650;;,
      5;4;-0.991943,-0.000591, 0.002801,-0.126653;;,
      6;4;-0.991947,-0.000000,-0.000000,-0.126654;;,
      7;4;-0.991947,-0.000000,-0.000000,-0.126654;;;
    }
    AnimationKey { // Scale
      1;
      8;
      0;3; 1.000000, 1.000000, 1.000000;;,
      1;3; 1.000000, 1.000000, 1.000000;;,
      2;3; 1.000000, 1.000000, 1.000000;;,
      3;3; 1.000000, 1.000000, 1.000000;;,
      4;3; 1.000000, 1.000000, 1.000000;;,
      5;3; 1.000000, 1.000000, 1.000000;;,
      6;3; 1.000000, 1.000000, 1.000000;;,
      7;3; 1.000000, 1.000000, 1.000000;;;
    }
    AnimationKey { // Position
      2;
      8;
      0;3; 0.121078,31.561434, 0.000000;;,
      1;3; 0.096924,31.859356, 0.000000;;,
      2;3; 0.052064,32.412624, 0.000000;;,
      3;3; 0.027908,32.710537, 0.000000;;,
      4;3; 0.052062,32.412628, 0.000000;;,
      5;3; 0.096922,31.859354, 0.000000;;,
      6;3; 0.121078,31.561434, 0.000000;;,
      7;3; 0.121078,31.561434, 0.000000;;;
    }
  }
  Animation {
    {Armature_Head}
    AnimationKey { // Rotation
      0;
      8;
      0;4;-0.998606, 0.000000, 0.000000, 0.052788;;,
      1;4;-0.998606, 0.000000, 0.000000, 0.052788;;,
      2;4;-0.998606, 0.000000, 0.000000, 0.052788;;,
      3;4;-0.998606, 0.000000, 0.000000, 0.052788;;,
      4;4;-0.998606, 0.000000, 0.000000, 0.052788;;,
      5;4;-0.998606, 0.000000, 0.000000, 0.052788;;,
      6;4;-0.998606, 0.000000, 0.000000, 0.052788;;,
      7;4;-0.998606, 0.000000, 0.000000, 0.052788;;;
    }
    AnimationKey { // Scale
      1;
      8;
      0;3; 1.000000, 1.000000, 1.000000;;,
      1;3; 1.000000, 1.000000, 1.000000;;,
      2;3; 1.000000, 1.000000, 1.000000;;,
      3;3; 1.000000, 1.000000, 1.000000;;,
      4;3; 1.000000, 1.000000, 1.000000;;,
      5;3; 1.000000, 1.000000, 1.000000;;,
      6;3; 1.000000, 1.000000, 1.000000;;,
      7;3; 1.000000, 1.000000, 1.000000;;;
    }
    AnimationKey { // Position
      2;
      8;
      0;3; 0.390803,25.474693,-0.000000;;,
      1;3; 0.244512,25.895067,-0.000000;;,
      2;3;-0.027170,26.675755,-0.000000;;,
      3;3;-0.173456,27.096125,-0.000000;;,
      4;3;-0.085295,26.842773,-0.000000;;,
      5;3; 0.108672,26.285408,-0.000000;;,
      6;3; 0.302636,25.728046,-0.000000;;,
      7;3; 0.390803,25.474693,-0.000000;;;
    }
  }
  Animation {
    {Armature_Eyeball}
    AnimationKey { // Rotation
      0;
      8;
      0;4;-0.553910, 0.553910,-0.439527,-0.439526;;,
      1;4;-0.553910, 0.553910,-0.439527,-0.439526;;,
      2;4;-0.553910, 0.553910,-0.439527,-0.439526;;,
      3;4;-0.553910, 0.553910,-0.439527,-0.439526;;,
      4;4;-0.553910, 0.553910,-0.439527,-0.439526;;,
      5;4;-0.553910, 0.553910,-0.439527,-0.439526;;,
      6;4;-0.553910, 0.553910,-0.439527,-0.439526;;,
      7;4;-0.553910, 0.553910,-0.439527,-0.439526;;;
    }
    AnimationKey { // Scale
      1;
      8;
      0;3; 1.000000, 1.000000, 1.000000;;,
      1;3; 1.000000, 1.000000, 1.000000;;,
      2;3; 1.000000, 1.000000, 1.000000;;,
      3;3; 1.000000, 1.000000, 1.000000;;,
      4;3; 1.000000, 1.000000, 1.000000;;,
      5;3; 1.000000, 1.000000, 1.000000;;,
      6;3; 1.000000, 1.000000, 1.000000;;,
      7;3; 1.000000, 1.000000, 1.000000;;;
    }
    AnimationKey { // Position
      2;
      8;
      0;3; 0.000002,13.390953,-0.000000;;,
      1;3;-0.000005,13.390949,-0.000000;;,
      2;3;-0.000002,13.390943,-0.000000;;,
      3;3; 0.000002,13.390944,-0.000000;;,
      4;3;-0.000001,13.390944,-0.000000;;,
      5;3;-0.000004,13.390956,-0.000000;;,
      6;3; 0.000003,13.390949,-0.000000;;,
      7;3; 0.000002,13.390953,-0.000000;;;
    }
  }
  Animation {
    {Armature_UpperCover}
    AnimationKey { // Rotation
      0;
      8;
      0;4;-0.570509, 0.570508,-0.417756,-0.417756;;,
      1;4;-0.570509, 0.570508,-0.417756,-0.417756;;,
      2;4;-0.570509, 0.570508,-0.417756,-0.417756;;,
      3;4;-0.570509, 0.570508,-0.417756,-0.417756;;,
      4;4;-0.570509, 0.570508,-0.417756,-0.417756;;,
      5;4;-0.570509, 0.570508,-0.417756,-0.417756;;,
      6;4;-0.570509, 0.570508,-0.417756,-0.417756;;,
      7;4;-0.570509, 0.570508,-0.417756,-0.417756;;;
    }
    AnimationKey { // Scale
      1;
      8;
      0;3; 1.000000, 1.000000, 1.000000;;,
      1;3; 1.000000, 1.000000, 1.000000;;,
      2;3; 1.000000, 1.000000, 1.000000;;,
      3;3; 1.000000, 1.000000, 1.000000;;,
      4;3; 1.000000, 1.000000, 1.000000;;,
      5;3; 1.000000, 1.000000, 1.000000;;,
      6;3; 1.000000, 1.000000, 1.000000;;,
      7;3; 1.000000, 1.000000, 1.000000;;;
    }
    AnimationKey { // Position
      2;
      8;
      0;3; 0.000002,13.390953,-0.000000;;,
      1;3;-0.000005,13.390949,-0.000000;;,
      2;3;-0.000002,13.390943,-0.000000;;,
      3;3; 0.000002,13.390944,-0.000000;;,
      4;3;-0.000001,13.390944,-0.000000;;,
      5;3;-0.000004,13.390956,-0.000000;;,
      6;3; 0.000003,13.390949,-0.000000;;,
      7;3; 0.000002,13.390953,-0.000000;;;
    }
  }
  Animation {
    {Armature_BottomCover}
    AnimationKey { // Rotation
      0;
      8;
      0;4;-0.316261, 0.316261,-0.632439,-0.632439;;,
      1;4;-0.316261, 0.316261,-0.632439,-0.632439;;,
      2;4;-0.316261, 0.316261,-0.632439,-0.632439;;,
      3;4;-0.316261, 0.316261,-0.632439,-0.632439;;,
      4;4;-0.316261, 0.316261,-0.632439,-0.632439;;,
      5;4;-0.316261, 0.316261,-0.632439,-0.632439;;,
      6;4;-0.316261, 0.316261,-0.632439,-0.632439;;,
      7;4;-0.316261, 0.316261,-0.632439,-0.632439;;;
    }
    AnimationKey { // Scale
      1;
      8;
      0;3; 1.000000, 1.000000, 1.000000;;,
      1;3; 1.000000, 1.000000, 1.000000;;,
      2;3; 1.000000, 1.000000, 1.000000;;,
      3;3; 1.000000, 1.000000, 1.000000;;,
      4;3; 1.000000, 1.000000, 1.000000;;,
      5;3; 1.000000, 1.000000, 1.000000;;,
      6;3; 1.000000, 1.000000, 1.000000;;,
      7;3; 1.000000, 1.000000, 1.000000;;;
    }
    AnimationKey { // Position
      2;
      8;
      0;3; 0.000002,13.390953,-0.000000;;,
      1;3;-0.000005,13.390949,-0.000000;;,
      2;3;-0.000002,13.390943,-0.000000;;,
      3;3; 0.000002,13.390944,-0.000000;;,
      4;3;-0.000001,13.390944,-0.000000;;,
      5;3;-0.000004,13.390956,-0.000000;;,
      6;3; 0.000003,13.390949,-0.000000;;,
      7;3; 0.000002,13.390953,-0.000000;;;
    }
  }
  Animation {
    {Armature_Shell}
    AnimationKey { // Rotation
      0;
      8;
      0;4;-0.000000, 0.674862, 0.737944,-0.000000;;,
      1;4;-0.000000, 0.674862, 0.737944,-0.000000;;,
      2;4;-0.000000, 0.674862, 0.737944,-0.000000;;,
      3;4;-0.000000, 0.674862, 0.737944,-0.000000;;,
      4;4;-0.000000, 0.674862, 0.737944,-0.000000;;,
      5;4;-0.000000, 0.674862, 0.737944,-0.000000;;,
      6;4;-0.000000, 0.674862, 0.737944,-0.000000;;,
      7;4;-0.000000, 0.674862, 0.737944,-0.000000;;;
    }
    AnimationKey { // Scale
      1;
      8;
      0;3; 1.000000, 1.000000, 1.000000;;,
      1;3; 1.000000, 1.000000, 1.000000;;,
      2;3; 1.000000, 1.000000, 1.000000;;,
      3;3; 1.000000, 1.000000, 1.000000;;,
      4;3; 1.000000, 1.000000, 1.000000;;,
      5;3; 1.000000, 1.000000, 1.000000;;,
      6;3; 1.000000, 1.000000, 1.000000;;,
      7;3; 1.000000, 1.000000, 1.000000;;;
    }
    AnimationKey { // Position
      2;
      8;
      0;3;37.512909,14.992229,-0.000006;;,
      1;3;35.384277,15.163834,-0.000006;;,
      2;3;34.996983,15.771656,-0.000007;;,
      3;3;35.137539,16.127249,-0.000008;;,
      4;3;36.509758,15.894313,-0.000007;;,
      5;3;38.409847,15.409148,-0.000007;;,
      6;3;37.512909,14.992229,-0.000006;;,
      7;3;37.512909,14.992229,-0.000006;;;
    }
  }
  Animation {
    {Armature_HornMid01}
    AnimationKey { // Rotation
      0;
      8;
      0;4; 0.000000,-0.507490, 0.861658, 0.000000;;,
      1;4; 0.000000,-0.507490, 0.861658, 0.000000;;,
      2;4; 0.000000,-0.507490, 0.861658, 0.000000;;,
      3;4; 0.000000,-0.507490, 0.861658, 0.000000;;,
      4;4; 0.000000,-0.507490, 0.861658, 0.000000;;,
      5;4; 0.000000,-0.507490, 0.861658, 0.000000;;,
      6;4; 0.000000,-0.507490, 0.861658, 0.000000;;,
      7;4; 0.000000,-0.507490, 0.861658, 0.000000;;;
    }
    AnimationKey { // Scale
      1;
      8;
      0;3; 1.000000, 1.000000, 1.000000;;,
      1;3; 1.000000, 1.000000, 1.000000;;,
      2;3; 1.000000, 1.000000, 1.000000;;,
      3;3; 1.000000, 1.000000, 1.000000;;,
      4;3; 1.000000, 1.000000, 1.000000;;,
      5;3; 1.000000, 1.000000, 1.000000;;,
      6;3; 1.000000, 1.000000, 1.000000;;,
      7;3; 1.000000, 1.000000, 1.000000;;;
    }
    AnimationKey { // Position
      2;
      8;
      0;3;-7.171382,-15.038781, 0.000009;;,
      1;3;-7.171382,-15.038780, 0.000009;;,
      2;3;-7.171378,-15.038781, 0.000009;;,
      3;3;-7.171374,-15.038781, 0.000009;;,
      4;3;-7.171381,-15.038780, 0.000009;;,
      5;3;-7.171378,-15.038780, 0.000009;;,
      6;3;-7.171382,-15.038781, 0.000009;;,
      7;3;-7.171382,-15.038781, 0.000009;;;
    }
  }
  Animation {
    {Armature_HornMidTip01}
    AnimationKey { // Rotation
      0;
      8;
      0;4;-0.610774, 0.610775, 0.356307, 0.356307;;,
      1;4;-0.610774, 0.610775, 0.356307, 0.356307;;,
      2;4;-0.610774, 0.610775, 0.356307, 0.356307;;,
      3;4;-0.610774, 0.610775, 0.356307, 0.356307;;,
      4;4;-0.610774, 0.610775, 0.356307, 0.356307;;,
      5;4;-0.610774, 0.610775, 0.356307, 0.356307;;,
      6;4;-0.610774, 0.610775, 0.356307, 0.356307;;,
      7;4;-0.610774, 0.610775, 0.356307, 0.356307;;;
    }
    AnimationKey { // Scale
      1;
      8;
      0;3; 1.000000, 1.000000, 1.000000;;,
      1;3; 1.000000, 1.000000, 1.000000;;,
      2;3; 1.000000, 1.000000, 1.000000;;,
      3;3; 1.000000, 1.000000, 1.000000;;,
      4;3; 1.000000, 1.000000, 1.000000;;,
      5;3; 1.000000, 1.000000, 1.000000;;,
      6;3; 1.000000, 1.000000, 1.000000;;,
      7;3; 1.000000, 1.000000, 1.000000;;;
    }
    AnimationKey { // Position
      2;
      8;
      0;3; 0.000004,23.230297,-0.000000;;,
      1;3; 0.000007,23.230299,-0.000000;;,
      2;3; 0.000003,23.230297,-0.000000;;,
      3;3; 0.000006,23.230301,-0.000000;;,
      4;3; 0.000008,23.230295,-0.000000;;,
      5;3; 0.000002,23.230293,-0.000000;;,
      6;3; 0.000004,23.230297,-0.000000;;,
      7;3; 0.000004,23.230297,-0.000000;;;
    }
  }
  Animation {
    {Armature_HornMid02}
    AnimationKey { // Rotation
      0;
      8;
      0;4; 0.000000,-0.085639, 0.996326, 0.000000;;,
      1;4; 0.000000,-0.085639, 0.996326, 0.000000;;,
      2;4; 0.000000,-0.085639, 0.996326, 0.000000;;,
      3;4; 0.000000,-0.085639, 0.996326, 0.000000;;,
      4;4; 0.000000,-0.085639, 0.996326, 0.000000;;,
      5;4; 0.000000,-0.085639, 0.996326, 0.000000;;,
      6;4; 0.000000,-0.085639, 0.996326, 0.000000;;,
      7;4; 0.000000,-0.085639, 0.996326, 0.000000;;;
    }
    AnimationKey { // Scale
      1;
      8;
      0;3; 1.000000, 1.000000, 1.000000;;,
      1;3; 1.000000, 1.000000, 1.000000;;,
      2;3; 1.000000, 1.000000, 1.000000;;,
      3;3; 1.000000, 1.000000, 1.000000;;,
      4;3; 1.000000, 1.000000, 1.000000;;,
      5;3; 1.000000, 1.000000, 1.000000;;,
      6;3; 1.000000, 1.000000, 1.000000;;,
      7;3; 1.000000, 1.000000, 1.000000;;;
    }
    AnimationKey { // Position
      2;
      8;
      0;3; 6.489134,-0.260424,-0.000006;;,
      1;3; 6.489135,-0.260422,-0.000006;;,
      2;3; 6.489136,-0.260419,-0.000006;;,
      3;3; 6.489136,-0.260426,-0.000006;;,
      4;3; 6.489137,-0.260429,-0.000006;;,
      5;3; 6.489136,-0.260425,-0.000006;;,
      6;3; 6.489134,-0.260424,-0.000006;;,
      7;3; 6.489134,-0.260424,-0.000006;;;
    }
  }
  Animation {
    {Armature_HornMidTip02}
    AnimationKey { // Rotation
      0;
      8;
      0;4;-0.704755, 0.704755, 0.057619, 0.057619;;,
      1;4;-0.704755, 0.704755, 0.057619, 0.057619;;,
      2;4;-0.704755, 0.704755, 0.057619, 0.057619;;,
      3;4;-0.704755, 0.704755, 0.057619, 0.057619;;,
      4;4;-0.704755, 0.704755, 0.057619, 0.057619;;,
      5;4;-0.704755, 0.704755, 0.057619, 0.057619;;,
      6;4;-0.704755, 0.704755, 0.057619, 0.057619;;,
      7;4;-0.704755, 0.704755, 0.057619, 0.057619;;;
    }
    AnimationKey { // Scale
      1;
      8;
      0;3; 1.000000, 1.000000, 1.000000;;,
      1;3; 1.000000, 1.000000, 1.000000;;,
      2;3; 1.000000, 1.000000, 1.000000;;,
      3;3; 1.000000, 1.000000, 1.000000;;,
      4;3; 1.000000, 1.000000, 1.000000;;,
      5;3; 1.000000, 1.000000, 1.000000;;,
      6;3; 1.000000, 1.000000, 1.000000;;,
      7;3; 1.000000, 1.000000, 1.000000;;;
    }
    AnimationKey { // Position
      2;
      8;
      0;3; 0.000000,23.869213, 0.000000;;,
      1;3; 0.000000,23.869219, 0.000000;;,
      2;3;-0.000000,23.869209,-0.000000;;,
      3;3; 0.000002,23.869213, 0.000000;;,
      4;3; 0.000002,23.869213, 0.000000;;,
      5;3; 0.000002,23.869213,-0.000000;;,
      6;3; 0.000000,23.869213, 0.000000;;,
      7;3; 0.000000,23.869213, 0.000000;;;
    }
  }
  Animation {
    {Armature_HornMid03}
    AnimationKey { // Rotation
      0;
      8;
      0;4; 0.000000, 0.358515, 0.933524,-0.000000;;,
      1;4; 0.000000, 0.358515, 0.933524,-0.000000;;,
      2;4; 0.000000, 0.358515, 0.933524,-0.000000;;,
      3;4; 0.000000, 0.358515, 0.933524,-0.000000;;,
      4;4; 0.000000, 0.358515, 0.933524,-0.000000;;,
      5;4; 0.000000, 0.358515, 0.933524,-0.000000;;,
      6;4; 0.000000, 0.358515, 0.933524,-0.000000;;,
      7;4; 0.000000, 0.358515, 0.933524,-0.000000;;;
    }
    AnimationKey { // Scale
      1;
      8;
      0;3; 1.000000, 1.000000, 1.000000;;,
      1;3; 1.000000, 1.000000, 1.000000;;,
      2;3; 1.000000, 1.000000, 1.000000;;,
      3;3; 1.000000, 1.000000, 1.000000;;,
      4;3; 1.000000, 1.000000, 1.000000;;,
      5;3; 1.000000, 1.000000, 1.000000;;,
      6;3; 1.000000, 1.000000, 1.000000;;,
      7;3; 1.000000, 1.000000, 1.000000;;;
    }
    AnimationKey { // Position
      2;
      8;
      0;3;14.000224,-8.021652,-0.000016;;,
      1;3;14.000223,-8.021652,-0.000016;;,
      2;3;14.000227,-8.021648,-0.000016;;,
      3;3;14.000228,-8.021653,-0.000016;;,
      4;3;14.000225,-8.021652,-0.000016;;,
      5;3;14.000228,-8.021646,-0.000016;;,
      6;3;14.000224,-8.021652,-0.000016;;,
      7;3;14.000224,-8.021652,-0.000016;;;
    }
  }
  Animation {
    {Armature_HornMidTip03}
    AnimationKey { // Rotation
      0;
      8;
      0;4;-0.659039, 0.659039,-0.256258,-0.256257;;,
      1;4;-0.659039, 0.659039,-0.256258,-0.256257;;,
      2;4;-0.659039, 0.659039,-0.256258,-0.256257;;,
      3;4;-0.659039, 0.659039,-0.256258,-0.256257;;,
      4;4;-0.659039, 0.659039,-0.256258,-0.256257;;,
      5;4;-0.659039, 0.659039,-0.256258,-0.256257;;,
      6;4;-0.659039, 0.659039,-0.256258,-0.256257;;,
      7;4;-0.659039, 0.659039,-0.256258,-0.256257;;;
    }
    AnimationKey { // Scale
      1;
      8;
      0;3; 1.000000, 1.000000, 1.000000;;,
      1;3; 1.000000, 1.000000, 1.000000;;,
      2;3; 1.000000, 1.000000, 1.000000;;,
      3;3; 1.000000, 1.000000, 1.000000;;,
      4;3; 1.000000, 1.000000, 1.000000;;,
      5;3; 1.000000, 1.000000, 1.000000;;,
      6;3; 1.000000, 1.000000, 1.000000;;,
      7;3; 1.000000, 1.000000, 1.000000;;;
    }
    AnimationKey { // Position
      2;
      8;
      0;3;-0.000000,23.350195,-0.000000;;,
      1;3;-0.000008,23.350189, 0.000000;;,
      2;3; 0.000002,23.350197, 0.000000;;,
      3;3; 0.000002,23.350187,-0.000000;;,
      4;3; 0.000004,23.350189, 0.000000;;,
      5;3; 0.000001,23.350193, 0.000000;;,
      6;3;-0.000000,23.350195,-0.000000;;,
      7;3;-0.000000,23.350195,-0.000000;;;
    }
  }
  Animation {
    {Armature_HornL01}
    AnimationKey { // Rotation
      0;
      8;
      0;4;-0.002691,-0.001039, 0.927882,-0.372864;;,
      1;4;-0.002691,-0.001039, 0.927882,-0.372864;;,
      2;4;-0.002691,-0.001039, 0.927882,-0.372864;;,
      3;4;-0.002691,-0.001039, 0.927882,-0.372864;;,
      4;4;-0.002691,-0.001039, 0.927882,-0.372864;;,
      5;4;-0.002691,-0.001039, 0.927882,-0.372864;;,
      6;4;-0.002691,-0.001039, 0.927882,-0.372864;;,
      7;4;-0.002691,-0.001039, 0.927882,-0.372864;;;
    }
    AnimationKey { // Scale
      1;
      8;
      0;3; 1.000000, 1.000000, 1.000000;;,
      1;3; 1.000000, 1.000000, 1.000000;;,
      2;3; 1.000000, 1.000000, 1.000000;;,
      3;3; 1.000000, 1.000000, 1.000000;;,
      4;3; 1.000000, 1.000000, 1.000000;;,
      5;3; 1.000000, 1.000000, 1.000000;;,
      6;3; 1.000000, 1.000000, 1.000000;;,
      7;3; 1.000000, 1.000000, 1.000000;;;
    }
    AnimationKey { // Position
      2;
      8;
      0;3; 1.770170,-3.061640, 2.484930;;,
      1;3; 1.770170,-3.061642, 2.484932;;,
      2;3; 1.770170,-3.061637, 2.484929;;,
      3;3; 1.770171,-3.061647, 2.484932;;,
      4;3; 1.770169,-3.061639, 2.484932;;,
      5;3; 1.770170,-3.061640, 2.484931;;,
      6;3; 1.770170,-3.061640, 2.484930;;,
      7;3; 1.770170,-3.061640, 2.484930;;;
    }
  }
  Animation {
    {Armature_HornLTip01}
    AnimationKey { // Rotation
      0;
      8;
      0;4;-0.919769, 0.392448,-0.001196,-0.002804;;,
      1;4;-0.919769, 0.392448,-0.001196,-0.002804;;,
      2;4;-0.919769, 0.392448,-0.001196,-0.002804;;,
      3;4;-0.919769, 0.392448,-0.001196,-0.002804;;,
      4;4;-0.919769, 0.392449,-0.001196,-0.002804;;,
      5;4;-0.919769, 0.392448,-0.001196,-0.002804;;,
      6;4;-0.919769, 0.392448,-0.001196,-0.002804;;,
      7;4;-0.919769, 0.392448,-0.001196,-0.002804;;;
    }
    AnimationKey { // Scale
      1;
      8;
      0;3; 1.000000, 1.000000, 1.000000;;,
      1;3; 1.000000, 1.000000, 1.000000;;,
      2;3; 1.000000, 1.000000, 1.000000;;,
      3;3; 1.000000, 1.000000, 1.000000;;,
      4;3; 1.000000, 1.000000, 1.000000;;,
      5;3; 1.000000, 1.000000, 1.000000;;,
      6;3; 1.000000, 1.000000, 1.000000;;,
      7;3; 1.000000, 1.000000, 1.000000;;;
    }
    AnimationKey { // Position
      2;
      8;
      0;3; 0.000000,26.061649, 0.000003;;,
      1;3; 0.000001,26.061651,-0.000004;;,
      2;3;-0.000001,26.061647, 0.000002;;,
      3;3;-0.000002,26.061647, 0.000004;;,
      4;3;-0.000002,26.061646, 0.000004;;,
      5;3;-0.000000,26.061646, 0.000003;;,
      6;3; 0.000000,26.061649, 0.000003;;,
      7;3; 0.000000,26.061649, 0.000003;;;
    }
  }
  Animation {
    {Armature_HornL03}
    AnimationKey { // Rotation
      0;
      8;
      0;4;-0.139617, 0.260171,-0.836142, 0.462260;;,
      1;4;-0.139617, 0.260171,-0.836142, 0.462260;;,
      2;4;-0.139617, 0.260171,-0.836142, 0.462261;;,
      3;4;-0.139617, 0.260171,-0.836142, 0.462261;;,
      4;4;-0.139617, 0.260171,-0.836142, 0.462261;;,
      5;4;-0.139618, 0.260171,-0.836142, 0.462261;;,
      6;4;-0.139617, 0.260171,-0.836142, 0.462260;;,
      7;4;-0.139617, 0.260171,-0.836142, 0.462260;;;
    }
    AnimationKey { // Scale
      1;
      8;
      0;3; 1.000000, 1.000000, 1.000000;;,
      1;3; 1.000000, 1.000000, 1.000000;;,
      2;3; 1.000000, 1.000000, 1.000000;;,
      3;3; 1.000000, 1.000000, 1.000000;;,
      4;3; 1.000000, 1.000000, 1.000000;;,
      5;3; 1.000000, 1.000000, 1.000000;;,
      6;3; 1.000000, 1.000000, 1.000000;;,
      7;3; 1.000000, 1.000000, 1.000000;;;
    }
    AnimationKey { // Position
      2;
      8;
      0;3;-3.644026,-10.301654,-4.988700;;,
      1;3;-3.644027,-10.301652,-4.988700;;,
      2;3;-3.644028,-10.301649,-4.988699;;,
      3;3;-3.644027,-10.301660,-4.988698;;,
      4;3;-3.644026,-10.301651,-4.988700;;,
      5;3;-3.644029,-10.301651,-4.988701;;,
      6;3;-3.644026,-10.301654,-4.988700;;,
      7;3;-3.644026,-10.301654,-4.988700;;;
    }
  }
  Animation {
    {Armature_HornLTip03}
    AnimationKey { // Rotation
      0;
      8;
      0;4;-0.918456, 0.265550, 0.081417, 0.281589;;,
      1;4;-0.918456, 0.265550, 0.081417, 0.281589;;,
      2;4;-0.918456, 0.265550, 0.081417, 0.281589;;,
      3;4;-0.918456, 0.265550, 0.081417, 0.281589;;,
      4;4;-0.918456, 0.265550, 0.081417, 0.281589;;,
      5;4;-0.918456, 0.265550, 0.081417, 0.281589;;,
      6;4;-0.918456, 0.265550, 0.081417, 0.281589;;,
      7;4;-0.918456, 0.265550, 0.081417, 0.281589;;;
    }
    AnimationKey { // Scale
      1;
      8;
      0;3; 1.000000, 1.000000, 1.000000;;,
      1;3; 1.000000, 1.000000, 1.000000;;,
      2;3; 1.000000, 1.000000, 1.000000;;,
      3;3; 1.000000, 1.000000, 1.000000;;,
      4;3; 1.000000, 1.000000, 1.000000;;,
      5;3; 1.000000, 1.000000, 1.000000;;,
      6;3; 1.000000, 1.000000, 1.000000;;,
      7;3; 1.000000, 1.000000, 1.000000;;;
    }
    AnimationKey { // Position
      2;
      8;
      0;3;-0.000000,21.928833,-0.000002;;,
      1;3; 0.000002,21.928825,-0.000003;;,
      2;3; 0.000000,21.928827,-0.000001;;,
      3;3; 0.000000,21.928827, 0.000000;;,
      4;3;-0.000000,21.928829, 0.000001;;,
      5;3;-0.000002,21.928829,-0.000002;;,
      6;3;-0.000000,21.928833,-0.000002;;,
      7;3;-0.000000,21.928833,-0.000002;;;
    }
  }
  Animation {
    {Armature_HornL02}
    AnimationKey { // Rotation
      0;
      8;
      0;4;-0.129575, 0.226584, 0.844626,-0.467416;;,
      1;4;-0.129575, 0.226584, 0.844626,-0.467416;;,
      2;4;-0.129575, 0.226584, 0.844626,-0.467416;;,
      3;4;-0.129575, 0.226584, 0.844626,-0.467416;;,
      4;4;-0.129575, 0.226584, 0.844626,-0.467416;;,
      5;4;-0.129575, 0.226584, 0.844626,-0.467416;;,
      6;4;-0.129575, 0.226584, 0.844626,-0.467416;;,
      7;4;-0.129575, 0.226584, 0.844626,-0.467416;;;
    }
    AnimationKey { // Scale
      1;
      8;
      0;3; 1.000000, 1.000000, 1.000000;;,
      1;3; 1.000000, 1.000000, 1.000000;;,
      2;3; 1.000000, 1.000000, 1.000000;;,
      3;3; 1.000000, 1.000000, 1.000000;;,
      4;3; 1.000000, 1.000000, 1.000000;;,
      5;3; 1.000000, 1.000000, 1.000000;;,
      6;3; 1.000000, 1.000000, 1.000000;;,
      7;3; 1.000000, 1.000000, 1.000000;;;
    }
    AnimationKey { // Position
      2;
      8;
      0;3; 7.385054,-10.089216,-6.977462;;,
      1;3; 7.385054,-10.089220,-6.977466;;,
      2;3; 7.385056,-10.089223,-6.977457;;,
      3;3; 7.385059,-10.089227,-6.977460;;,
      4;3; 7.385055,-10.089224,-6.977463;;,
      5;3; 7.385054,-10.089221,-6.977462;;,
      6;3; 7.385054,-10.089216,-6.977462;;,
      7;3; 7.385054,-10.089216,-6.977462;;;
    }
  }
  Animation {
    {Armature_HornLTip02}
    AnimationKey { // Rotation
      0;
      8;
      0;4;-0.927459, 0.265676,-0.072462,-0.252952;;,
      1;4;-0.927459, 0.265676,-0.072462,-0.252952;;,
      2;4;-0.927459, 0.265676,-0.072462,-0.252952;;,
      3;4;-0.927459, 0.265676,-0.072462,-0.252952;;,
      4;4;-0.927459, 0.265676,-0.072462,-0.252952;;,
      5;4;-0.927459, 0.265676,-0.072462,-0.252952;;,
      6;4;-0.927459, 0.265676,-0.072462,-0.252952;;,
      7;4;-0.927459, 0.265676,-0.072462,-0.252952;;;
    }
    AnimationKey { // Scale
      1;
      8;
      0;3; 1.000000, 1.000000, 1.000000;;,
      1;3; 1.000000, 1.000000, 1.000000;;,
      2;3; 1.000000, 1.000000, 1.000000;;,
      3;3; 1.000000, 1.000000, 1.000000;;,
      4;3; 1.000000, 1.000000, 1.000000;;,
      5;3; 1.000000, 1.000000, 1.000000;;,
      6;3; 1.000000, 1.000000, 1.000000;;,
      7;3; 1.000000, 1.000000, 1.000000;;;
    }
    AnimationKey { // Position
      2;
      8;
      0;3; 0.000001,22.917959,-0.000005;;,
      1;3;-0.000000,22.917961, 0.000001;;,
      2;3; 0.000001,22.917955, 0.000003;;,
      3;3; 0.000000,22.917963, 0.000002;;,
      4;3; 0.000002,22.917959,-0.000002;;,
      5;3; 0.000002,22.917963,-0.000003;;,
      6;3; 0.000001,22.917959,-0.000005;;,
      7;3; 0.000001,22.917959,-0.000005;;;
    }
  }
  Animation {
    {Armature_HornL04}
    AnimationKey { // Rotation
      0;
      8;
      0;4;-0.000442,-0.006122, 0.806859,-0.590712;;,
      1;4;-0.000442,-0.006122, 0.806859,-0.590712;;,
      2;4;-0.000442,-0.006122, 0.806859,-0.590712;;,
      3;4;-0.000442,-0.006122, 0.806859,-0.590712;;,
      4;4;-0.000442,-0.006122, 0.806859,-0.590712;;,
      5;4;-0.000442,-0.006122, 0.806859,-0.590712;;,
      6;4;-0.000442,-0.006122, 0.806859,-0.590712;;,
      7;4;-0.000442,-0.006122, 0.806859,-0.590712;;;
    }
    AnimationKey { // Scale
      1;
      8;
      0;3; 1.000000, 1.000000, 1.000000;;,
      1;3; 1.000000, 1.000000, 1.000000;;,
      2;3; 1.000000, 1.000000, 1.000000;;,
      3;3; 1.000000, 1.000000, 1.000000;;,
      4;3; 1.000000, 1.000000, 1.000000;;,
      5;3; 1.000000, 1.000000, 1.000000;;,
      6;3; 1.000000, 1.000000, 1.000000;;,
      7;3; 1.000000, 1.000000, 1.000000;;;
    }
    AnimationKey { // Position
      2;
      8;
