xof 0303txt 0032

Frame Root {
  FrameTransformMatrix {
     1.000000, 0.000000, 0.000000, 0.000000,
     0.000000,-0.000000,-1.000000, 0.000000,
     0.000000, 1.000000,-0.000000, 0.000000,
     0.000000, 0.000000, 0.000000, 1.000000;;
  }
  Frame Armature {
    FrameTransformMatrix {
       0.010000, 0.000000, 0.000000, 0.000000,
       0.000000, 0.010000, 0.000000, 0.000000,
       0.000000, 0.000000, 0.010000, 0.000000,
       0.000000, 0.000000, 0.000000, 1.000000;;
    }
    Frame Armature_Body {
      FrameTransformMatrix {
        -0.000000,-0.104192, 0.994557, 0.000000,
        -0.000000,-0.994557,-0.104192, 0.000000,
         0.999989, 0.000001, 0.000000, 0.000000,
         0.000000,56.922386,13.463865, 1.000000;;
      }
      Frame Armature_Spine01 {
        FrameTransformMatrix {
           0.982884,-0.184227, 0.000000, 0.000000,
           0.184227, 0.982884, 0.000000, 0.000000,
          -0.000000, 0.000000, 1.000000, 0.000000,
           0.000001,31.336260,-0.000000, 1.000000;;
        }
        Frame Armature_Shell {
          FrameTransformMatrix {
            -0.089122, 0.996021,-0.000001, 0.000000,
             0.996021, 0.089122,-0.000000, 0.000000,
            -0.000000,-0.000001,-1.000000, 0.000000,
            37.512909,14.992228,-0.000006, 1.000000;;
          }
          Frame Armature_HornL01 {
            FrameTransformMatrix {
              -0.999983,-0.003934,-0.004219, 0.000000,
               0.000079, 0.721943,-0.691953, 0.000000,
               0.005768,-0.691942,-0.721930, 0.000000,
               1.772913,22.098843,-21.630371, 1.000000;;
            }
            Frame Armature_HornLTip01 {
              FrameTransformMatrix {
                 0.999981,-0.006097,-0.000000, 0.000000,
                 0.004219, 0.691953, 0.721931, 0.000000,
                -0.004401,-0.721917, 0.691966, 0.000000,
                 0.000000,26.061644,-0.000005, 1.000000;;
              }
            } // End of Armature_HornLTip01
          } // End of Armature_HornL01
          Frame Armature_HornL02 {
            FrameTransformMatrix {
              -0.863740, 0.261626,-0.430703, 0.000000,
               0.503888, 0.460365,-0.730863, 0.000000,
               0.007067,-0.848302,-0.529466, 0.000000,
              24.946095, 5.954980,-32.448830, 1.000000;;
            }
            Frame Armature_HornLTip02 {
              FrameTransformMatrix {
                 0.861529,-0.507708, 0.000005, 0.000000,
                 0.430702, 0.730863, 0.529466, 0.000000,
                -0.268818,-0.456149, 0.848331, 0.000000,
                -0.000002,22.917961,-0.000002, 1.000000;;
              }
            } // End of Armature_HornLTip02
          } // End of Armature_HornL02
          Frame Armature_HornL03 {
            FrameTransformMatrix {
              -0.825636,-0.306001, 0.474013, 0.000000,
              -0.564159, 0.437253,-0.700382, 0.000000,
               0.007054,-0.845679,-0.533645, 0.000000,
              -25.218187, 6.419462,-31.772219, 1.000000;;
            }
            Frame Armature_HornLTip03 {
              FrameTransformMatrix {
                 0.828158, 0.560494,-0.000004, 0.000000,
                -0.474013, 0.700382, 0.533645, 0.000000,
                 0.299108,-0.441940, 0.845709, 0.000000,
                -0.000001,21.928827,-0.000002, 1.000000;;
              }
            } // End of Armature_HornLTip03
          } // End of Armature_HornL03
          Frame Armature_HornL04 {
            FrameTransformMatrix {
              -0.999925,-0.010402, 0.006519, 0.000000,
              -0.009356, 0.302043,-0.953249, 0.000000,
               0.007946,-0.953238,-0.302117, 0.000000,
               3.628018,-10.459241,-42.497318, 1.000000;;
            }
            Frame Armature_HornLTip04 {
              FrameTransformMatrix {
                 0.999977, 0.006838,-0.000000, 0.000000,
                -0.006518, 0.953248, 0.302117, 0.000000,
                 0.002066,-0.302110, 0.953270, 0.000000,
                 0.000002,25.214075,-0.000002, 1.000000;;
              }
            } // End of Armature_HornLTip04
          } // End of Armature_HornL04
          Frame Armature_HornMid01 {
            FrameTransformMatrix {
              -0.484909,-0.874565,-0.000000, 0.000000,
              -0.874565, 0.484909, 0.000001, 0.000000,
              -0.000001, 0.000001,-1.000000, 0.000000,
              -37.650902, 1.860807, 0.000048, 1.000000;;
            }
            Frame Armature_HornMidTip01 {
              FrameTransformMatrix {
                 0.492182, 0.870492, 0.000001, 0.000000,
                 0.000000,-0.000001, 1.000000, 0.000000,
                 0.870492,-0.492182,-0.000001, 0.000000,
                -0.000002,23.230297,-0.000000, 1.000000;;
              }
            } // End of Armature_HornMidTip01
          } // End of Armature_HornMid01
          Frame Armature_HornMid02 {
            FrameTransformMatrix {
              -0.985332,-0.170649, 0.000000, 0.000000,
              -0.170649, 0.985332, 0.000000, 0.000000,
              -0.000000, 0.000000,-1.000000, 0.000000,
               0.541829,34.079460, 0.000000, 1.000000;;
            }
            Frame Armature_HornMidTip02 {
              FrameTransformMatrix {
                 0.986720, 0.162430, 0.000000, 0.000000,
                 0.000000,-0.000000, 1.000000, 0.000000,
                 0.162430,-0.986720,-0.000000, 0.000000,
                 0.000001,23.869209, 0.000000, 1.000000;;
              }
            } // End of Armature_HornMidTip02
          } // End of Armature_HornMid02
          Frame Armature_HornMid03 {
            FrameTransformMatrix {
              -0.742934, 0.669365, 0.000000, 0.000000,
               0.669365, 0.742934,-0.000001, 0.000000,
              -0.000001,-0.000001,-1.000000, 0.000000,
              37.328312,17.870409,-0.000047, 1.000000;;
            }
            Frame Armature_HornMidTip03 {
              FrameTransformMatrix {
                 0.737328,-0.675534, 0.000001, 0.000000,
                -0.000000, 0.000001, 1.000000, 0.000000,
                -0.675534,-0.737328, 0.000001, 0.000000,
                 0.000004,23.350195,-0.000000, 1.000000;;
              }
            } // End of Armature_HornMidTip03
          } // End of Armature_HornMid03
          Frame Armature_HornR01 {
            FrameTransformMatrix {
              -0.999983,-0.003934, 0.004219, 0.000000,
               0.000079, 0.721944, 0.691951, 0.000000,
              -0.005768, 0.691940,-0.721932, 0.000000,
               1.772884,22.098848,21.630346, 1.000000;;
            }
            Frame Armature_HornRTip01 {
              FrameTransformMatrix {
                -0.999981, 0.006097,-0.000000, 0.000000,
                -0.004219,-0.691951, 0.721932, 0.000000,
                 0.004402, 0.721919, 0.691964, 0.000000,
                 0.000000,26.061678, 0.000001, 1.000000;;
              }
            } // End of Armature_HornRTip01
          } // End of Armature_HornR01
          Frame Armature_HornR02 {
            FrameTransformMatrix {
              -0.863739, 0.261627, 0.430705, 0.000000,
               0.503891, 0.460365, 0.730862, 0.000000,
              -0.007068, 0.848301,-0.529466, 0.000000,
              24.946064, 5.954971,32.448730, 1.000000;;
            }
            Frame Armature_HornRTip02 {
              FrameTransformMatrix {
                -0.861528, 0.507710, 0.000004, 0.000000,
                -0.430705,-0.730862, 0.529466, 0.000000,
                 0.268818, 0.456148, 0.848331, 0.000000,
                -0.000004,22.917984,-0.000007, 1.000000;;
              }
            } // End of Armature_HornRTip02
          } // End of Armature_HornR02
          Frame Armature_HornR03 {
            FrameTransformMatrix {
              -0.825636,-0.306000,-0.474014, 0.000000,
              -0.564159, 0.437250, 0.700383, 0.000000,
              -0.007054, 0.845681,-0.533643, 0.000000,
              -25.218151, 6.419503,31.772291, 1.000000;;
            }
            Frame Armature_HornRTip03 {
              FrameTransformMatrix {
                -0.828158,-0.560495,-0.000005, 0.000000,
                 0.474014,-0.700383, 0.533642, 0.000000,
                -0.299107, 0.441938, 0.845710, 0.000000,
                 0.000004,21.928848, 0.000005, 1.000000;;
              }
            } // End of Armature_HornRTip03
          } // End of Armature_HornR03
          Frame Armature_HornR04 {
            FrameTransformMatrix {
              -0.999925,-0.010401,-0.006518, 0.000000,
              -0.009355, 0.302042, 0.953249, 0.000000,
              -0.007946, 0.953238,-0.302116, 0.000000,
               3.628050,-10.459208,42.497276, 1.000000;;
            }
            Frame Armature_HornRTip04 {
              FrameTransformMatrix {
                -0.999977,-0.006837,-0.000000, 0.000000,
                 0.006518,-0.953249, 0.302117, 0.000000,
                -0.002066, 0.302110, 0.953271, 0.000000,
                -0.000000,25.214046, 0.000001, 1.000000;;
              }
            } // End of Armature_HornRTip04
          } // End of Armature_HornR04
        } // End of Armature_Shell
        Frame Armature_Spine02 {
          FrameTransformMatrix {
             0.967918,-0.251268, 0.000000, 0.000000,
             0.251268, 0.967918,-0.000000, 0.000000,
            -0.000000, 0.000000, 1.000000, 0.000000,
            -0.000000,33.054729,-0.000000, 1.000000;;
          }
          Frame Armature_Head {
            FrameTransformMatrix {
               0.994427, 0.105429,-0.000000, 0.000000,
              -0.105429, 0.994427, 0.000000, 0.000000,
               0.000000,-0.000000, 1.000000, 0.000000,
              -0.000002,26.597687,-0.000000, 1.000000;;
            }
            Frame Armature_BottomCover {
              FrameTransformMatrix {
                 0.227265,-0.973833, 0.000001, 0.000000,
                -0.000000, 0.000001, 1.000000, 0.000000,
                -0.973833,-0.227265, 0.000000, 0.000000,
                 0.000000,13.390946,-0.000000, 1.000000;;
              }
            } // End of Armature_BottomCover
            Frame Armature_Eyeball {
              FrameTransformMatrix {
                 0.227265,-0.973833, 0.000001, 0.000000,
                -0.000000, 0.000001, 1.000000, 0.000000,
                -0.973833,-0.227265, 0.000000, 0.000000,
                 0.000000,13.390946,-0.000000, 1.000000;;
              }
            } // End of Armature_Eyeball
            Frame Armature_UpperCover {
              FrameTransformMatrix {
                 0.227265,-0.973833, 0.000001, 0.000000,
                -0.000000, 0.000001, 1.000000, 0.000000,
                -0.973833,-0.227265, 0.000000, 0.000000,
                 0.000000,13.390946,-0.000000, 1.000000;;
              }
            } // End of Armature_UpperCover
          } // End of Armature_Head
        } // End of Armature_Spine02
      } // End of Armature_Spine01
    } // End of Armature_Body
    Frame TurtleShell {
      FrameTransformMatrix {
         1.000000,-0.000000,-0.000000, 0.000000,
        -0.000000, 1.000000,-0.000000, 0.000000,
        -0.000000,-0.000000, 1.000000, 0.000000,
         0.000000,-0.000000,-1.233471, 1.000000;;
      }
    } // End of TurtleShell
  } // End of Armature
} // End of Root
AnimationSet Global {
  Animation {
    {Armature}
    AnimationKey { // Rotation
      0;
      61;
      0;4;-1.000000, 0.000000, 0.000000, 0.000000;;,
      1;4;-1.000000, 0.000000, 0.000000, 0.000000;;,
      2;4;-1.000000, 0.000000, 0.000000, 0.000000;;,
      3;4;-1.000000, 0.000000, 0.000000, 0.000000;;,
      4;4;-1.000000, 0.000000, 0.000000, 0.000000;;,
      5;4;-1.000000, 0.000000, 0.000000, 0.000000;;,
      6;4;-1.000000, 0.000000, 0.000000, 0.000000;;,
      7;4;-1.000000, 0.000000, 0.000000, 0.000000;;,
      8;4;-1.000000, 0.000000, 0.000000, 0.000000;;,
      9;4;-1.000000, 0.000000, 0.000000, 0.000000;;,
      10;4;-1.000000, 0.000000, 0.000000, 0.000000;;,
      11;4;-1.000000, 0.000000, 0.000000, 0.000000;;,
      12;4;-1.000000, 0.000000, 0.000000, 0.000000;;,
      13;4;-1.000000, 0.000000, 0.000000, 0.000000;;,
      14;4;-1.000000, 0.000000, 0.000000, 0.000000;;,
      15;4;-1.000000, 0.000000, 0.000000, 0.000000;;,
      16;4;-1.000000, 0.000000, 0.000000, 0.000000;;,
      17;4;-1.000000, 0.000000, 0.000000, 0.000000;;,
      18;4;-1.000000, 0.000000, 0.000000, 0.000000;;,
      19;4;-1.000000, 0.000000, 0.000000, 0.000000;;,
      20;4;-1.000000, 0.000000, 0.000000, 0.000000;;,
      21;4;-1.000000, 0.000000, 0.000000, 0.000000;;,
      22;4;-1.000000, 0.000000, 0.000000, 0.000000;;,
      23;4;-1.000000, 0.000000, 0.000000, 0.000000;;,
      24;4;-1.000000, 0.000000, 0.000000, 0.000000;;,
      25;4;-1.000000, 0.000000, 0.000000, 0.000000;;,
      26;4;-1.000000, 0.000000, 0.000000, 0.000000;;,
      27;4;-1.000000, 0.000000, 0.000000, 0.000000;;,
      28;4;-1.000000, 0.000000, 0.000000, 0.000000;;,
      29;4;-1.000000, 0.000000, 0.000000, 0.000000;;,
      30;4;-1.000000, 0.000000, 0.000000, 0.000000;;,
      31;4;-1.000000, 0.000000, 0.000000, 0.000000;;,
      32;4;-1.000000, 0.000000, 0.000000, 0.000000;;,
      33;4;-1.000000, 0.000000, 0.000000, 0.000000;;,
      34;4;-1.000000, 0.000000, 0.000000, 0.000000;;,
      35;4;-1.000000, 0.000000, 0.000000, 0.000000;;,
      36;4;-1.000000, 0.000000, 0.000000, 0.000000;;,
      37;4;-1.000000, 0.000000, 0.000000, 0.000000;;,
      38;4;-1.000000, 0.000000, 0.000000, 0.000000;;,
      39;4;-1.000000, 0.000000, 0.000000, 0.000000;;,
      40;4;-1.000000, 0.000000, 0.000000, 0.000000;;,
      41;4;-1.000000, 0.000000, 0.000000, 0.000000;;,
      42;4;-1.000000, 0.000000, 0.000000, 0.000000;;,
      43;4;-1.000000, 0.000000, 0.000000, 0.000000;;,
      44;4;-1.000000, 0.000000, 0.000000, 0.000000;;,
      45;4;-1.000000, 0.000000, 0.000000, 0.000000;;,
      46;4;-1.000000, 0.000000, 0.000000, 0.000000;;,
      47;4;-1.000000, 0.000000, 0.000000, 0.000000;;,
      48;4;-1.000000, 0.000000, 0.000000, 0.000000;;,
      49;4;-1.000000, 0.000000, 0.000000, 0.000000;;,
      50;4;-1.000000, 0.000000, 0.000000, 0.000000;;,
      51;4;-1.000000, 0.000000, 0.000000, 0.000000;;,
      52;4;-1.000000, 0.000000, 0.000000, 0.000000;;,
      53;4;-1.000000, 0.000000, 0.000000, 0.000000;;,
      54;4;-1.000000, 0.000000, 0.000000, 0.000000;;,
      55;4;-1.000000, 0.000000, 0.000000, 0.000000;;,
      56;4;-1.000000, 0.000000, 0.000000, 0.000000;;,
      57;4;-1.000000, 0.000000, 0.000000, 0.000000;;,
      58;4;-1.000000, 0.000000, 0.000000, 0.000000;;,
      59;4;-1.000000, 0.000000, 0.000000, 0.000000;;,
      60;4;-1.000000, 0.000000, 0.000000, 0.000000;;;
    }
    AnimationKey { // Scale
      1;
      61;
      0;3; 0.010000, 0.010000, 0.010000;;,
      1;3; 0.010000, 0.010000, 0.010000;;,
      2;3; 0.010000, 0.010000, 0.010000;;,
      3;3; 0.010000, 0.010000, 0.010000;;,
      4;3; 0.010000, 0.010000, 0.010000;;,
      5;3; 0.010000, 0.010000, 0.010000;;,
      6;3; 0.010000, 0.010000, 0.010000;;,
      7;3; 0.010000, 0.010000, 0.010000;;,
      8;3; 0.010000, 0.010000, 0.010000;;,
      9;3; 0.010000, 0.010000, 0.010000;;,
      10;3; 0.010000, 0.010000, 0.010000;;,
      11;3; 0.010000, 0.010000, 0.010000;;,
      12;3; 0.010000, 0.010000, 0.010000;;,
      13;3; 0.010000, 0.010000, 0.010000;;,
      14;3; 0.010000, 0.010000, 0.010000;;,
      15;3; 0.010000, 0.010000, 0.010000;;,
      16;3; 0.010000, 0.010000, 0.010000;;,
      17;3; 0.010000, 0.010000, 0.010000;;,
      18;3; 0.010000, 0.010000, 0.010000;;,
      19;3; 0.010000, 0.010000, 0.010000;;,
      20;3; 0.010000, 0.010000, 0.010000;;,
      21;3; 0.010000, 0.010000, 0.010000;;,
      22;3; 0.010000, 0.010000, 0.010000;;,
      23;3; 0.010000, 0.010000, 0.010000;;,
      24;3; 0.010000, 0.010000, 0.010000;;,
      25;3; 0.010000, 0.010000, 0.010000;;,
      26;3; 0.010000, 0.010000, 0.010000;;,
      27;3; 0.010000, 0.010000, 0.010000;;,
      28;3; 0.010000, 0.010000, 0.010000;;,
      29;3; 0.010000, 0.010000, 0.010000;;,
      30;3; 0.010000, 0.010000, 0.010000;;,
      31;3; 0.010000, 0.010000, 0.010000;;,
      32;3; 0.010000, 0.010000, 0.010000;;,
      33;3; 0.010000, 0.010000, 0.010000;;,
      34;3; 0.010000, 0.010000, 0.010000;;,
      35;3; 0.010000, 0.010000, 0.010000;;,
      36;3; 0.010000, 0.010000, 0.010000;;,
      37;3; 0.010000, 0.010000, 0.010000;;,
      38;3; 0.010000, 0.010000, 0.010000;;,
      39;3; 0.010000, 0.010000, 0.010000;;,
      40;3; 0.010000, 0.010000, 0.010000;;,
      41;3; 0.010000, 0.010000, 0.010000;;,
      42;3; 0.010000, 0.010000, 0.010000;;,
      43;3; 0.010000, 0.010000, 0.010000;;,
      44;3; 0.010000, 0.010000, 0.010000;;,
      45;3; 0.010000, 0.010000, 0.010000;;,
      46;3; 0.010000, 0.010000, 0.010000;;,
      47;3; 0.010000, 0.010000, 0.010000;;,
      48;3; 0.010000, 0.010000, 0.010000;;,
      49;3; 0.010000, 0.010000, 0.010000;;,
      50;3; 0.010000, 0.010000, 0.010000;;,
      51;3; 0.010000, 0.010000, 0.010000;;,
      52;3; 0.010000, 0.010000, 0.010000;;,
      53;3; 0.010000, 0.010000, 0.010000;;,
      54;3; 0.010000, 0.010000, 0.010000;;,
      55;3; 0.010000, 0.010000, 0.010000;;,
      56;3; 0.010000, 0.010000, 0.010000;;,
      57;3; 0.010000, 0.010000, 0.010000;;,
      58;3; 0.010000, 0.010000, 0.010000;;,
      59;3; 0.010000, 0.010000, 0.010000;;,
      60;3; 0.010000, 0.010000, 0.010000;;;
    }
    AnimationKey { // Position
      2;
      61;
      0;3; 0.000000, 0.000000, 0.000000;;,
      1;3; 0.000000, 0.000000, 0.000000;;,
      2;3; 0.000000, 0.000000, 0.000000;;,
      3;3; 0.000000, 0.000000, 0.000000;;,
      4;3; 0.000000, 0.000000, 0.000000;;,
      5;3; 0.000000, 0.000000, 0.000000;;,
      6;3; 0.000000, 0.000000, 0.000000;;,
      7;3; 0.000000, 0.000000, 0.000000;;,
      8;3; 0.000000, 0.000000, 0.000000;;,
      9;3; 0.000000, 0.000000, 0.000000;;,
      10;3; 0.000000, 0.000000, 0.000000;;,
      11;3; 0.000000, 0.000000, 0.000000;;,
      12;3; 0.000000, 0.000000, 0.000000;;,
      13;3; 0.000000, 0.000000, 0.000000;;,
      14;3; 0.000000, 0.000000, 0.000000;;,
      15;3; 0.000000, 0.000000, 0.000000;;,
      16;3; 0.000000, 0.000000, 0.000000;;,
      17;3; 0.000000, 0.000000, 0.000000;;,
      18;3; 0.000000, 0.000000, 0.000000;;,
      19;3; 0.000000, 0.000000, 0.000000;;,
      20;3; 0.000000, 0.000000, 0.000000;;,
      21;3; 0.000000, 0.000000, 0.000000;;,
      22;3; 0.000000, 0.000000, 0.000000;;,
      23;3; 0.000000, 0.000000, 0.000000;;,
      24;3; 0.000000, 0.000000, 0.000000;;,
      25;3; 0.000000, 0.000000, 0.000000;;,
      26;3; 0.000000, 0.000000, 0.000000;;,
      27;3; 0.000000, 0.000000, 0.000000;;,
      28;3; 0.000000, 0.000000, 0.000000;;,
      29;3; 0.000000, 0.000000, 0.000000;;,
      30;3; 0.000000, 0.000000, 0.000000;;,
      31;3; 0.000000, 0.000000, 0.000000;;,
      32;3; 0.000000, 0.000000, 0.000000;;,
      33;3; 0.000000, 0.000000, 0.000000;;,
      34;3; 0.000000, 0.000000, 0.000000;;,
      35;3; 0.000000, 0.000000, 0.000000;;,
      36;3; 0.000000, 0.000000, 0.000000;;,
      37;3; 0.000000, 0.000000, 0.000000;;,
      38;3; 0.000000, 0.000000, 0.000000;;,
      39;3; 0.000000, 0.000000, 0.000000;;,
      40;3; 0.000000, 0.000000, 0.000000;;,
      41;3; 0.000000, 0.000000, 0.000000;;,
      42;3; 0.000000, 0.000000, 0.000000;;,
      43;3; 0.000000, 0.000000, 0.000000;;,
      44;3; 0.000000, 0.000000, 0.000000;;,
      45;3; 0.000000, 0.000000, 0.000000;;,
      46;3; 0.000000, 0.000000, 0.000000;;,
      47;3; 0.000000, 0.000000, 0.000000;;,
      48;3; 0.000000, 0.000000, 0.000000;;,
      49;3; 0.000000, 0.000000, 0.000000;;,
      50;3; 0.000000, 0.000000, 0.000000;;,
      51;3; 0.000000, 0.000000, 0.000000;;,
      52;3; 0.000000, 0.000000, 0.000000;;,
      53;3; 0.000000, 0.000000, 0.000000;;,
      54;3; 0.000000, 0.000000, 0.000000;;,
      55;3; 0.000000, 0.000000, 0.000000;;,
      56;3; 0.000000, 0.000000, 0.000000;;,
      57;3; 0.000000, 0.000000, 0.000000;;,
      58;3; 0.000000, 0.000000, 0.000000;;,
      59;3; 0.000000, 0.000000, 0.000000;;,
      60;3; 0.000000, 0.000000, 0.000000;;;
    }
  }
  Animation {
    {Armature_Body}
    AnimationKey { // Rotation
      0;
      61;
      0;4;-0.036887,-0.706148, 0.036887,-0.706140;;,
      1;4;-0.027211,-0.706286, 0.034151,-0.706579;;,
      2;4;-0.012721,-0.706183, 0.036218,-0.706988;;,
      3;4;-0.009049,-0.705171, 0.052284,-0.707049;;,
      4;4;-0.006980,-0.703951, 0.066729,-0.707072;;,
      5;4;-0.003507,-0.703615, 0.070186,-0.707098;;,
      6;4;-0.003588,-0.703623, 0.070105,-0.707098;;,
      7;4;-0.003826,-0.703646, 0.069869,-0.707097;;,
      8;4;-0.004211,-0.703684, 0.069485,-0.707094;;,
      9;4;-0.004735,-0.703736, 0.068964,-0.707091;;,
      10;4;-0.005389,-0.703799, 0.068313,-0.707086;;,
      11;4;-0.006164,-0.703874, 0.067542,-0.707080;;,
      12;4;-0.007051,-0.703958, 0.066659,-0.707072;;,
      13;4;-0.008041,-0.704050, 0.065673,-0.707061;;,
      14;4;-0.009125,-0.704150, 0.064594,-0.707048;;,
      15;4;-0.010294,-0.704250, 0.063425,-0.707038;;,
      16;4;-0.011541,-0.704362, 0.062188,-0.707017;;,
      17;4;-0.012854,-0.704478, 0.060878,-0.706993;;,
      18;4;-0.014228,-0.704596, 0.059511,-0.706966;;,
      19;4;-0.015647,-0.704715, 0.058094,-0.706935;;,
      20;4;-0.017111,-0.704834, 0.056637,-0.706900;;,
      21;4;-0.018604,-0.704953, 0.055146,-0.706862;;,
      22;4;-0.020123,-0.705070, 0.053633,-0.706820;;,
      23;4;-0.021654,-0.705186, 0.052105,-0.706774;;,
      24;4;-0.023191,-0.705298, 0.050571,-0.706725;;,
      25;4;-0.024725,-0.705406, 0.049041,-0.706673;;,
      26;4;-0.026244,-0.705510, 0.047523,-0.706617;;,
      27;4;-0.027743,-0.705610, 0.046026,-0.706560;;,
      28;4;-0.029211,-0.705704, 0.044560,-0.706500;;,
      29;4;-0.030641,-0.705793, 0.043132,-0.706440;;,
      30;4;-0.032022,-0.705876, 0.041751,-0.706378;;,
      31;4;-0.033346,-0.705954, 0.040428,-0.706317;;,
      32;4;-0.034604,-0.706025, 0.039170,-0.706256;;,
      33;4;-0.035788,-0.706089, 0.037987,-0.706197;;,
      34;4;-0.036887,-0.706148, 0.036887,-0.706140;;,
      35;4;-0.037970,-0.706204, 0.035805,-0.706083;;,
      36;4;-0.039101,-0.706260, 0.034673,-0.706021;;,
      37;4;-0.040274,-0.706317, 0.033500,-0.705955;;,
      38;4;-0.041482,-0.706373, 0.032291,-0.705885;;,
      39;4;-0.042715,-0.706429, 0.031056,-0.705811;;,
      40;4;-0.043969,-0.706483, 0.029802,-0.705734;;,
      41;4;-0.045234,-0.706535, 0.028536,-0.705654;;,
      42;4;-0.046502,-0.706586, 0.027265,-0.705571;;,
      43;4;-0.047769,-0.706633, 0.025997,-0.705487;;,
      44;4;-0.049024,-0.706679, 0.024740,-0.705401;;,
      45;4;-0.050260,-0.706721, 0.023501,-0.705314;;,
      46;4;-0.051471,-0.706760, 0.022288,-0.705226;;,
      47;4;-0.052649,-0.706797, 0.021107,-0.705139;;,
      48;4;-0.053786,-0.706830, 0.019967,-0.705053;;,
      49;4;-0.054875,-0.706860, 0.018876,-0.704969;;,
      50;4;-0.055908,-0.706887, 0.017840,-0.704888;;,
      51;4;-0.056878,-0.706911, 0.016867,-0.704810;;,
      52;4;-0.057778,-0.706932, 0.015964,-0.704737;;,
      53;4;-0.058600,-0.706950, 0.015139,-0.704669;;,
      54;4;-0.059336,-0.706965, 0.014400,-0.704607;;,
      55;4;-0.059980,-0.706978, 0.013755,-0.704553;;,
      56;4;-0.060523,-0.706989, 0.013210,-0.704506;;,
      57;4;-0.060959,-0.706997, 0.012772,-0.704469;;,
      58;4;-0.061279,-0.707003, 0.012451,-0.704441;;,
      59;4;-0.061476,-0.707006, 0.012253,-0.704424;;,
      60;4;-0.061544,-0.707007, 0.012185,-0.704418;;;
    }
    AnimationKey { // Scale
      1;
      61;
      0;3; 1.000000, 1.000000, 0.999989;;,
      1;3; 1.000000, 1.000000, 0.999989;;,
      2;3; 1.000000, 1.000000, 0.999989;;,
      3;3; 1.000000, 1.000000, 0.999989;;,
      4;3; 1.000000, 1.000000, 0.999989;;,
      5;3; 1.000000, 1.000000, 0.999989;;,
      6;3; 1.000000, 1.000000, 0.999989;;,
      7;3; 1.000000, 1.000000, 0.999989;;,
      8;3; 1.000000, 1.000000, 0.999989;;,
      9;3; 1.000000, 1.000000, 0.999989;;,
      10;3; 1.000000, 1.000000, 0.999989;;,
      11;3; 1.000000, 1.000000, 0.999989;;,
      12;3; 1.000000, 1.000000, 0.999989;;,
      13;3; 1.000000, 1.000000, 0.999989;;,
      14;3; 1.000000, 1.000000, 0.999989;;,
      15;3; 1.000000, 1.000000, 0.999989;;,
      16;3; 1.000000, 1.000000, 0.999989;;,
      17;3; 1.000000, 1.000000, 0.999989;;,
      18;3; 1.000000, 1.000000, 0.999989;;,
      19;3; 1.000000, 1.000000, 0.999989;;,
      20;3; 1.000000, 1.000000, 0.999989;;,
      21;3; 1.000000, 1.000000, 0.999989;;,
      22;3; 1.000000, 1.000000, 0.999989;;,
      23;3; 1.000000, 1.000000, 0.999989;;,
      24;3; 1.000000, 1.000000, 0.999989;;,
      25;3; 1.000000, 1.000000, 0.999989;;,
      26;3; 1.000000, 1.000000, 0.999989;;,
      27;3; 1.000000, 1.000000, 0.999989;;,
      28;3; 1.000000, 1.000000, 0.999989;;,
      29;3; 1.000000, 1.000000, 0.999989;;,
      30;3; 1.000000, 1.000000, 0.999989;;,
      31;3; 1.000000, 1.000000, 0.999989;;,
      32;3; 1.000000, 1.000000, 0.999989;;,
      33;3; 1.000000, 1.000000, 0.999989;;,
      34;3; 1.000000, 1.000000, 0.999989;;,
      35;3; 1.000000, 1.000000, 0.999989;;,
      36;3; 1.000000, 1.000000, 0.999989;;,
      37;3; 1.000000, 1.000000, 0.999989;;,
      38;3; 1.000000, 1.000000, 0.999989;;,
      39;3; 1.000000, 1.000000, 0.999989;;,
      40;3; 1.000000, 1.000000, 0.999989;;,
      41;3; 1.000000, 1.000000, 0.999989;;,
      42;3; 1.000000, 1.000000, 0.999989;;,
      43;3; 1.000000, 1.000000, 0.999989;;,
      44;3; 1.000000, 1.000000, 0.999989;;,
      45;3; 1.000000, 1.000000, 0.999989;;,
      46;3; 1.000000, 1.000000, 0.999989;;,
      47;3; 1.000000, 1.000000, 0.999989;;,
      48;3; 1.000000, 1.000000, 0.999989;;,
      49;3; 1.000000, 1.000000, 0.999989;;,
      50;3; 1.000000, 1.000000, 0.999989;;,
      51;3; 1.000000, 1.000000, 0.999989;;,
      52;3; 1.000000, 1.000000, 0.999989;;,
      53;3; 1.000000, 1.000000, 0.999989;;,
      54;3; 1.000000, 1.000000, 0.999989;;,
      55;3; 1.000000, 1.000000, 0.999989;;,
      56;3; 1.000000, 1.000000, 0.999989;;,
      57;3; 1.000000, 1.000000, 0.999989;;,
      58;3; 1.000000, 1.000000, 0.999989;;,
      59;3; 1.000000, 1.000000, 0.999989;;,
      60;3; 1.000000, 1.000000, 0.999989;;;
    }
    AnimationKey { // Position
      2;
      61;
      0;3; 0.000000,56.922386,13.463865;;,
      1;3; 0.435553,56.920246,13.784817;;,
      2;3; 1.473931,56.897877,14.105768;;,
      3;3; 2.712178,56.839352,13.784817;;,
      4;3; 3.748036,56.763680,13.463866;;,
      5;3; 4.181849,56.724724,13.463865;;,
      6;3; 4.171709,56.725685,13.463866;;,
      7;3; 4.142030,56.728481,13.463866;;,
      8;3; 4.093919,56.732967,13.463865;;,
      9;3; 4.028480,56.738987,13.463866;;,
      10;3; 3.946816,56.746365,13.463866;;,
      11;3; 3.850032,56.754906,13.463865;;,
      12;3; 3.739231,56.764423,13.463866;;,
      13;3; 3.615516,56.774723,13.463866;;,
      14;3; 3.479990,56.785603,13.463865;;,
      15;3; 3.333759,56.796871,13.463866;;,
      16;3; 3.177928,56.808346,13.463865;;,
      17;3; 3.013605,56.819847,13.463866;;,
      18;3; 2.841897,56.831207,13.463865;;,
      19;3; 2.663917,56.842281,13.463865;;,
      20;3; 2.480774,56.852924,13.463865;;,
      21;3; 2.293583,56.863022,13.463865;;,
      22;3; 2.103457,56.872459,13.463865;;,
      23;3; 1.911514,56.881157,13.463865;;,
      24;3; 1.718870,56.889057,13.463866;;,
      25;3; 1.526643,56.896095,13.463866;;,
      26;3; 1.335951,56.902252,13.463865;;,
      27;3; 1.147914,56.907520,13.463865;;,
      28;3; 0.963651,56.911911,13.463865;;,
      29;3; 0.784282,56.915447,13.463865;;,
      30;3; 0.610925,56.918175,13.463865;;,
      31;3; 0.444701,56.920155,13.463865;;,
      32;3; 0.286726,56.921459,13.463865;;,
      33;3; 0.138120,56.922169,13.463865;;,
      34;3; 0.000000,56.922386,13.463865;;,
      35;3;-0.135911,56.922176,13.463865;;,
      36;3;-0.278008,56.921509,13.463865;;,
      37;3;-0.425347,56.920345,13.463865;;,
      38;3;-0.576988,56.918629,13.463865;;,
      39;3;-0.731986,56.916344,13.463865;;,
      40;3;-0.889402,56.913464,13.463865;;,
      41;3;-1.048291,56.909988,13.463865;;,
      42;3;-1.207711,56.905933,13.463865;;,
      43;3;-1.366720,56.901310,13.463865;;,
      44;3;-1.524378,56.896172,13.463865;;,
      45;3;-1.679742,56.890553,13.463865;;,
      46;3;-1.831872,56.884521,13.463865;;,
      47;3;-1.979829,56.878155,13.463864;;,
      48;3;-2.122673,56.871540,13.463865;;,
      49;3;-2.259466,56.864769,13.463864;;,
      50;3;-2.389271,56.857956,13.463865;;,
      51;3;-2.511152,56.851208,13.463865;;,
      52;3;-2.624171,56.844650,13.463864;;,
      53;3;-2.727395,56.838409,13.463865;;,
      54;3;-2.819888,56.832611,13.463865;;,
      55;3;-2.900716,56.827389,13.463865;;,
      56;3;-2.968944,56.822861,13.463864;;,
      57;3;-3.023638,56.819153,13.463865;;,
      58;3;-3.063864,56.816387,13.463864;;,
      59;3;-3.088686,56.814663,13.463864;;,
      60;3;-3.097168,56.814068,13.463864;;;
    }
  }
  Animation {
    {Armature_Spine01}
    AnimationKey { // Rotation
      0;
      61;
      0;4;-0.995712,-0.000000,-0.000000,-0.092510;;,
      1;4;-0.995712,-0.000000,-0.000000,-0.092510;;,
      2;4;-0.995712,-0.000000,-0.000000,-0.092510;;,
      3;4;-0.995712,-0.000000,-0.000000,-0.092510;;,
      4;4;-0.995712,-0.000000,-0.000000,-0.092510;;,
      5;4;-0.995712,-0.000000,-0.000000,-0.092510;;,
      6;4;-0.995706,-0.000000,-0.000000,-0.092571;;,
      7;4;-0.995690,-0.000000,-0.000000,-0.092745;;,
      8;4;-0.995664,-0.000000,-0.000000,-0.093024;;,
      9;4;-0.995629,-0.000000,-0.000000,-0.093397;;,
      10;4;-0.995586,-0.000000,-0.000000,-0.093854;;,
      11;4;-0.995536,-0.000000,-0.000000,-0.094386;;,
      12;4;-0.995479,-0.000000,-0.000000,-0.094983;;,
      13;4;-0.995417,-0.000000,-0.000000,-0.095633;;,
      14;4;-0.995350,-0.000000,-0.000000,-0.096329;;,
      15;4;-0.995279,-0.000000,-0.000000,-0.097059;;,
      16;4;-0.995205,-0.000000,-0.000000,-0.097814;;,
      17;4;-0.995129,-0.000000,-0.000000,-0.098584;;,
      18;4;-0.995052,-0.000000,-0.000000,-0.099358;;,
      19;4;-0.994975,-0.000000,-0.000000,-0.100128;;,
      20;4;-0.994898,-0.000000,-0.000000,-0.100883;;,
      21;4;-0.994824,-0.000000,-0.000000,-0.101613;;,
      22;4;-0.994753,-0.000000,-0.000000,-0.102308;;,
      23;4;-0.994686,-0.000000,-0.000000,-0.102958;;,
      24;4;-0.994624,-0.000000,-0.000000,-0.103554;;,
      25;4;-0.994568,-0.000000,-0.000000,-0.104085;;,
      26;4;-0.994520,-0.000000,-0.000000,-0.104542;;,
      27;4;-0.994481,-0.000000,-0.000000,-0.104915;;,
      28;4;-0.994452,-0.000000,-0.000000,-0.105193;;,
      29;4;-0.994433,-0.000000,-0.000000,-0.105368;;,
      30;4;-0.994427,-0.000000,-0.000000,-0.105428;;,
      31;4;-0.994431, 0.000000,-0.000038,-0.105386;;,
      32;4;-0.994444, 0.000000,-0.000148,-0.105264;;,
      33;4;-0.994465, 0.000000,-0.000325,-0.105067;;,
      34;4;-0.994493, 0.000000,-0.000564,-0.104801;;,
      35;4;-0.994528, 0.000000,-0.000860,-0.104472;;,
      36;4;-0.994568,-0.000000,-0.001207,-0.104085;;,
      37;4;-0.994613,-0.000001,-0.001601,-0.103647;;,
      38;4;-0.994662,-0.000002,-0.002036,-0.103163;;,
      39;4;-0.994716,-0.000004,-0.002507,-0.102639;;,
      40;4;-0.994772,-0.000006,-0.003010,-0.102080;;,
      41;4;-0.994830,-0.000010,-0.003538,-0.101493;;,
      42;4;-0.994890,-0.000014,-0.004086,-0.100882;;,
      43;4;-0.994951,-0.000018,-0.004650,-0.100254;;,
      44;4;-0.995012,-0.000024,-0.005224,-0.099615;;,
      45;4;-0.995074,-0.000030,-0.005804,-0.098970;;,
      46;4;-0.995134,-0.000038,-0.006383,-0.098324;;,
      47;4;-0.995193,-0.000045,-0.006958,-0.097685;;,
      48;4;-0.995251,-0.000054,-0.007522,-0.097056;;,
      49;4;-0.995306,-0.000063,-0.008070,-0.096445;;,
      50;4;-0.995358,-0.000072,-0.008598,-0.095857;;,
      51;4;-0.995407,-0.000081,-0.009100,-0.095298;;,
      52;4;-0.995453,-0.000091,-0.009571,-0.094773;;,
      53;4;-0.995495,-0.000100,-0.010006,-0.094288;;,
      54;4;-0.995532,-0.000108,-0.010400,-0.093849;;,
      55;4;-0.995565,-0.000116,-0.010747,-0.093462;;,
      56;4;-0.995592,-0.000123,-0.011043,-0.093133;;,
      57;4;-0.995615,-0.000128,-0.011282,-0.092866;;,
      58;4;-0.995631,-0.000133,-0.011459,-0.092669;;,
      59;4;-0.995641,-0.000135,-0.011569,-0.092546;;,
      60;4;-0.995645,-0.000136,-0.011607,-0.092504;;;
    }
    AnimationKey { // Scale
      1;
      61;
      0;3; 1.000000, 1.000000, 1.000000;;,
      1;3; 1.000000, 1.000000, 1.000000;;,
      2;3; 1.000000, 1.000000, 1.000000;;,
      3;3; 1.000000, 1.000000, 1.000000;;,
      4;3; 1.000000, 1.000000, 1.000000;;,
      5;3; 1.000000, 1.000000, 1.000000;;,
      6;3; 1.000000, 1.000000, 1.000000;;,
      7;3; 1.000000, 1.000000, 1.000000;;,
      8;3; 1.000000, 1.000000, 1.000000;;,
      9;3; 1.000000, 1.000000, 1.000000;;,
      10;3; 1.000000, 1.000000, 1.000000;;,
      11;3; 1.000000, 1.000000, 1.000000;;,
      12;3; 1.000000, 1.000000, 1.000000;;,
      13;3; 1.000000, 1.000000, 1.000000;;,
      14;3; 1.000000, 1.000000, 1.000000;;,
      15;3; 1.000000, 1.000000, 1.000000;;,
      16;3; 1.000000, 1.000000, 1.000000;;,
      17;3; 1.000000, 1.000000, 1.000000;;,
      18;3; 1.000000, 1.000000, 1.000000;;,
      19;3; 1.000000, 1.000000, 1.000000;;,
      20;3; 1.000000, 1.000000, 1.000000;;,
      21;3; 1.000000, 1.000000, 1.000000;;,
      22;3; 1.000000, 1.000000, 1.000000;;,
      23;3; 1.000000, 1.000000, 1.000000;;,
      24;3; 1.000000, 1.000000, 1.000000;;,
      25;3; 1.000000, 1.000000, 1.000000;;,
      26;3; 1.000000, 1.000000, 1.000000;;,
      27;3; 1.000000, 1.000000, 1.000000;;,
      28;3; 1.000000, 1.000000, 1.000000;;,
      29;3; 1.000000, 1.000000, 1.000000;;,
      30;3; 1.000000, 1.000000, 1.000000;;,
      31;3; 1.000000, 1.000000, 1.000000;;,
      32;3; 1.000000, 1.000000, 1.000000;;,
      33;3; 1.000000, 1.000000, 1.000000;;,
      34;3; 1.000000, 1.000000, 1.000000;;,
      35;3; 1.000000, 1.000000, 1.000000;;,
      36;3; 1.000000, 1.000000, 1.000000;;,
      37;3; 1.000000, 1.000000, 1.000000;;,
      38;3; 1.000000, 1.000000, 1.000000;;,
      39;3; 1.000000, 1.000000, 1.000000;;,
      40;3; 1.000000, 1.000000, 1.000000;;,
      41;3; 1.000000, 1.000000, 1.000000;;,
      42;3; 1.000000, 1.000000, 1.000000;;,
      43;3; 1.000000, 1.000000, 1.000000;;,
      44;3; 1.000000, 1.000000, 1.000000;;,
      45;3; 1.000000, 1.000000, 1.000000;;,
      46;3; 1.000000, 1.000000, 1.000000;;,
      47;3; 1.000000, 1.000000, 1.000000;;,
      48;3; 1.000000, 1.000000, 1.000000;;,
      49;3; 1.000000, 1.000000, 1.000000;;,
      50;3; 1.000000, 1.000000, 1.000000;;,
      51;3; 1.000000, 1.000000, 1.000000;;,
      52;3; 1.000000, 1.000000, 1.000000;;,
      53;3; 1.000000, 1.000000, 1.000000;;,
      54;3; 1.000000, 1.000000, 1.000000;;,
      55;3; 1.000000, 1.000000, 1.000000;;,
      56;3; 1.000000, 1.000000, 1.000000;;,
      57;3; 1.000000, 1.000000, 1.000000;;,
      58;3; 1.000000, 1.000000, 1.000000;;,
      59;3; 1.000000, 1.000000, 1.000000;;,
      60;3; 1.000000, 1.000000, 1.000000;;;
    }
    AnimationKey { // Position
      2;
      61;
      0;3; 0.000001,31.336260,-0.000000;;,
      1;3; 0.531056,31.280621, 0.000000;;,
      2;3; 1.517300,31.177305, 0.000000;;,
      3;3; 2.048355,31.121664, 0.000000;;,
      4;3; 1.024179,31.228968, 0.000000;;,
      5;3; 0.000001,31.336260,-0.000000;;,
      6;3;-0.000000,31.336260, 0.000000;;,
      7;3;-0.000000,31.336262,-0.000000;;,
      8;3;-0.000001,31.336260,-0.000000;;,
      9;3; 0.000001,31.336260, 0.000000;;,
      10;3; 0.000001,31.336264,-0.000000;;,
      11;3; 0.000002,31.336258,-0.000000;;,
      12;3; 0.000002,31.336256, 0.000000;;,
      13;3;-0.000001,31.336256,-0.000000;;,
      14;3; 0.000000,31.336264,-0.000000;;,
      15;3; 0.000001,31.336260, 0.000000;;,
      16;3; 0.000002,31.336258, 0.000000;;,
      17;3; 0.000001,31.336260, 0.000000;;,
      18;3; 0.000001,31.336254, 0.000000;;,
      19;3; 0.000001,31.336258,-0.000000;;,
      20;3; 0.000000,31.336256, 0.000000;;,
      21;3;-0.000000,31.336260, 0.000000;;,
      22;3; 0.000000,31.336258,-0.000000;;,
      23;3; 0.000001,31.336256,-0.000000;;,
      24;3;-0.000000,31.336260,-0.000000;;,
      25;3;-0.000001,31.336258,-0.000000;;,
      26;3; 0.000000,31.336260, 0.000000;;,
      27;3; 0.000001,31.336256, 0.000000;;,
      28;3; 0.000000,31.336258,-0.000000;;,
      29;3;-0.000001,31.336258,-0.000000;;,
      30;3;-0.000000,31.336260, 0.000000;;,
      31;3;-0.000000,31.336258,-0.000000;;,
      32;3; 0.000001,31.336262,-0.000000;;,
      33;3; 0.000001,31.336262, 0.000000;;,
      34;3; 0.000001,31.336260,-0.000000;;,
      35;3; 0.000001,31.336256, 0.000000;;,
      36;3; 0.000001,31.336260,-0.000000;;,
      37;3; 0.000000,31.336260, 0.000000;;,
      38;3; 0.000001,31.336256, 0.000000;;,
      39;3; 0.000002,31.336260,-0.000000;;,
      40;3;-0.000000,31.336256, 0.000000;;,
      41;3; 0.000001,31.336256,-0.000000;;,
      42;3;-0.000001,31.336252,-0.000000;;,
      43;3; 0.000001,31.336260, 0.000000;;,
      44;3; 0.000000,31.336256, 0.000000;;,
      45;3; 0.000000,31.336256, 0.000000;;,
      46;3; 0.000001,31.336264, 0.000000;;,
      47;3; 0.000001,31.336254, 0.000000;;,
      48;3; 0.000000,31.336256,-0.000000;;,
      49;3; 0.000002,31.336258,-0.000000;;,
      50;3; 0.000000,31.336260,-0.000000;;,
      51;3;-0.000000,31.336256, 0.000000;;,
      52;3;-0.000000,31.336252, 0.000000;;,
      53;3; 0.000000,31.336258,-0.000000;;,
      54;3;-0.000000,31.336256, 0.000000;;,
      55;3; 0.000000,31.336252,-0.000000;;,
      56;3;-0.000000,31.336260, 0.000000;;,
      57;3; 0.000001,31.336260, 0.000000;;,
      58;3; 0.000001,31.336256, 0.000000;;,
      59;3; 0.000000,31.336256, 0.000000;;,
      60;3;-0.000000,31.336254, 0.000000;;;
    }
  }
  Animation {
    {Armature_Spine02}
    AnimationKey { // Rotation
      0;
      61;
      0;4;-0.991947,-0.000000,-0.000000,-0.126654;;,
      1;4;-0.991946,-0.001649,-0.000348,-0.126654;;,
      2;4;-0.991931,-0.005580,-0.001177,-0.126652;;,
      3;4;-0.991892,-0.010272,-0.002167,-0.126647;;,
      4;4;-0.991843,-0.014203,-0.002996,-0.126641;;,
      5;4;-0.991817,-0.015851,-0.003344,-0.126637;;,
      6;4;-0.991817,-0.015851,-0.003344,-0.126637;;,
      7;4;-0.991817,-0.015851,-0.003344,-0.126637;;,
      8;4;-0.991817,-0.015851,-0.003344,-0.126637;;,
      9;4;-0.991817,-0.015851,-0.003344,-0.126637;;,
      10;4;-0.991817,-0.015851,-0.003344,-0.126637;;,
      11;4;-0.991817,-0.015851,-0.003344,-0.126637;;,
      12;4;-0.991817,-0.015851,-0.003344,-0.126637;;,
      13;4;-0.991817,-0.015851,-0.003344,-0.126637;;,
      14;4;-0.991817,-0.015851,-0.003344,-0.126637;;,
      15;4;-0.991817,-0.015851,-0.003344,-0.126637;;,
      16;4;-0.991827,-0.015734,-0.003327,-0.126569;;,
      17;4;-0.991858,-0.015393,-0.003278,-0.126372;;,
      18;4;-0.991907,-0.014844,-0.003199,-0.126059;;,
      19;4;-0.991971,-0.014103,-0.003093,-0.125642;;,
      20;4;-0.992048,-0.013185,-0.002961,-0.125133;;,
      21;4;-0.992136,-0.012107,-0.002805,-0.124544;;,
      22;4;-0.992233,-0.010883,-0.002630,-0.123888;;,
      23;4;-0.992336,-0.009530,-0.002435,-0.123177;;,
      24;4;-0.992443,-0.008063,-0.002225,-0.122423;;,
      25;4;-0.992551,-0.006498,-0.002000,-0.121639;;,
      26;4;-0.992659,-0.004851,-0.001764,-0.120836;;,
      27;4;-0.992765,-0.003137,-0.001517,-0.120027;;,
      28;4;-0.992866,-0.001372,-0.001263,-0.119224;;,
      29;4;-0.992961, 0.000427,-0.001002,-0.118440;;,
      30;4;-0.993048, 0.002245,-0.000735,-0.117686;;,
      31;4;-0.993127, 0.004067,-0.000465,-0.116975;;,
      32;4;-0.993195, 0.005876,-0.000193,-0.116319;;,
      33;4;-0.993251, 0.007656, 0.000081,-0.115730;;,
      34;4;-0.993295, 0.009392, 0.000355,-0.115221;;,
      35;4;-0.993326, 0.011068, 0.000628,-0.114803;;,
      36;4;-0.993343, 0.012668, 0.000900,-0.114490;;,
      37;4;-0.993345, 0.014175, 0.001170,-0.114293;;,
