xof 0303txt 0032

Frame Root {
  FrameTransformMatrix {
     1.000000, 0.000000, 0.000000, 0.000000,
     0.000000,-0.000000,-1.000000, 0.000000,
     0.000000, 1.000000,-0.000000, 0.000000,
     0.000000, 0.000000, 0.000000, 1.000000;;
  }
  Frame Armature {
    FrameTransformMatrix {
       0.010000, 0.000000, 0.000000, 0.000000,
       0.000000, 0.010000, 0.000000, 0.000000,
       0.000000, 0.000000, 0.010000, 0.000000,
       0.000000, 0.000000, 0.000000, 1.000000;;
    }
    Frame Armature_Body {
      FrameTransformMatrix {
        -0.000000,-0.104192, 0.994557, 0.000000,
        -0.000000,-0.994557,-0.104192, 0.000000,
         0.999989, 0.000001, 0.000000, 0.000000,
         0.000000,56.922386,13.463865, 1.000000;;
      }
      Frame Armature_Spine01 {
        FrameTransformMatrix {
           0.982884,-0.184227, 0.000000, 0.000000,
           0.184227, 0.982884, 0.000000, 0.000000,
          -0.000000, 0.000000, 1.000000, 0.000000,
           0.000001,31.336260,-0.000000, 1.000000;;
        }
        Frame Armature_Shell {
          FrameTransformMatrix {
            -0.089122, 0.996021,-0.000001, 0.000000,
             0.996021, 0.089122,-0.000000, 0.000000,
            -0.000000,-0.000001,-1.000000, 0.000000,
            37.512909,14.992228,-0.000006, 1.000000;;
          }
          Frame Armature_HornL01 {
            FrameTransformMatrix {
              -0.999983,-0.003934,-0.004219, 0.000000,
               0.000079, 0.721943,-0.691953, 0.000000,
               0.005768,-0.691942,-0.721930, 0.000000,
               1.772913,22.098843,-21.630371, 1.000000;;
            }
            Frame Armature_HornLTip01 {
              FrameTransformMatrix {
                 0.999981,-0.006097,-0.000000, 0.000000,
                 0.004219, 0.691953, 0.721931, 0.000000,
                -0.004401,-0.721917, 0.691966, 0.000000,
                 0.000000,26.061644,-0.000005, 1.000000;;
              }
            } // End of Armature_HornLTip01
          } // End of Armature_HornL01
          Frame Armature_HornL02 {
            FrameTransformMatrix {
              -0.863740, 0.261626,-0.430703, 0.000000,
               0.503888, 0.460365,-0.730863, 0.000000,
               0.007067,-0.848302,-0.529466, 0.000000,
              24.946095, 5.954980,-32.448830, 1.000000;;
            }
            Frame Armature_HornLTip02 {
              FrameTransformMatrix {
                 0.861529,-0.507708, 0.000005, 0.000000,
                 0.430702, 0.730863, 0.529466, 0.000000,
                -0.268818,-0.456149, 0.848331, 0.000000,
                -0.000002,22.917961,-0.000002, 1.000000;;
              }
            } // End of Armature_HornLTip02
          } // End of Armature_HornL02
          Frame Armature_HornL03 {
            FrameTransformMatrix {
              -0.825636,-0.306001, 0.474013, 0.000000,
              -0.564159, 0.437253,-0.700382, 0.000000,
               0.007054,-0.845679,-0.533645, 0.000000,
              -25.218187, 6.419462,-31.772219, 1.000000;;
            }
            Frame Armature_HornLTip03 {
              FrameTransformMatrix {
                 0.828158, 0.560494,-0.000004, 0.000000,
                -0.474013, 0.700382, 0.533645, 0.000000,
                 0.299108,-0.441940, 0.845709, 0.000000,
                -0.000001,21.928827,-0.000002, 1.000000;;
              }
            } // End of Armature_HornLTip03
          } // End of Armature_HornL03
          Frame Armature_HornL04 {
            FrameTransformMatrix {
              -0.999925,-0.010402, 0.006519, 0.000000,
              -0.009356, 0.302043,-0.953249, 0.000000,
               0.007946,-0.953238,-0.302117, 0.000000,
               3.628018,-10.459241,-42.497318, 1.000000;;
            }
            Frame Armature_HornLTip04 {
              FrameTransformMatrix {
                 0.999977, 0.006838,-0.000000, 0.000000,
                -0.006518, 0.953248, 0.302117, 0.000000,
                 0.002066,-0.302110, 0.953270, 0.000000,
                 0.000002,25.214075,-0.000002, 1.000000;;
              }
            } // End of Armature_HornLTip04
          } // End of Armature_HornL04
          Frame Armature_HornMid01 {
            FrameTransformMatrix {
              -0.484909,-0.874565,-0.000000, 0.000000,
              -0.874565, 0.484909, 0.000001, 0.000000,
              -0.000001, 0.000001,-1.000000, 0.000000,
              -37.650902, 1.860807, 0.000048, 1.000000;;
            }
            Frame Armature_HornMidTip01 {
              FrameTransformMatrix {
                 0.492182, 0.870492, 0.000001, 0.000000,
                 0.000000,-0.000001, 1.000000, 0.000000,
                 0.870492,-0.492182,-0.000001, 0.000000,
                -0.000002,23.230297,-0.000000, 1.000000;;
              }
            } // End of Armature_HornMidTip01
          } // End of Armature_HornMid01
          Frame Armature_HornMid02 {
            FrameTransformMatrix {
              -0.985332,-0.170649, 0.000000, 0.000000,
              -0.170649, 0.985332, 0.000000, 0.000000,
              -0.000000, 0.000000,-1.000000, 0.000000,
               0.541829,34.079460, 0.000000, 1.000000;;
            }
            Frame Armature_HornMidTip02 {
              FrameTransformMatrix {
                 0.986720, 0.162430, 0.000000, 0.000000,
                 0.000000,-0.000000, 1.000000, 0.000000,
                 0.162430,-0.986720,-0.000000, 0.000000,
                 0.000001,23.869209, 0.000000, 1.000000;;
              }
            } // End of Armature_HornMidTip02
          } // End of Armature_HornMid02
          Frame Armature_HornMid03 {
            FrameTransformMatrix {
              -0.742934, 0.669365, 0.000000, 0.000000,
               0.669365, 0.742934,-0.000001, 0.000000,
              -0.000001,-0.000001,-1.000000, 0.000000,
              37.328312,17.870409,-0.000047, 1.000000;;
            }
            Frame Armature_HornMidTip03 {
              FrameTransformMatrix {
                 0.737328,-0.675534, 0.000001, 0.000000,
                -0.000000, 0.000001, 1.000000, 0.000000,
                -0.675534,-0.737328, 0.000001, 0.000000,
                 0.000004,23.350195,-0.000000, 1.000000;;
              }
            } // End of Armature_HornMidTip03
          } // End of Armature_HornMid03
          Frame Armature_HornR01 {
            FrameTransformMatrix {
              -0.999983,-0.003934, 0.004219, 0.000000,
               0.000079, 0.721944, 0.691951, 0.000000,
              -0.005768, 0.691940,-0.721932, 0.000000,
               1.772884,22.098848,21.630346, 1.000000;;
            }
            Frame Armature_HornRTip01 {
              FrameTransformMatrix {
                -0.999981, 0.006097,-0.000000, 0.000000,
                -0.004219,-0.691951, 0.721932, 0.000000,
                 0.004402, 0.721919, 0.691964, 0.000000,
                 0.000000,26.061678, 0.000001, 1.000000;;
              }
            } // End of Armature_HornRTip01
          } // End of Armature_HornR01
          Frame Armature_HornR02 {
            FrameTransformMatrix {
              -0.863739, 0.261627, 0.430705, 0.000000,
               0.503891, 0.460365, 0.730862, 0.000000,
              -0.007068, 0.848301,-0.529466, 0.000000,
              24.946064, 5.954971,32.448730, 1.000000;;
            }
            Frame Armature_HornRTip02 {
              FrameTransformMatrix {
                -0.861528, 0.507710, 0.000004, 0.000000,
                -0.430705,-0.730862, 0.529466, 0.000000,
                 0.268818, 0.456148, 0.848331, 0.000000,
                -0.000004,22.917984,-0.000007, 1.000000;;
              }
            } // End of Armature_HornRTip02
          } // End of Armature_HornR02
          Frame Armature_HornR03 {
            FrameTransformMatrix {
              -0.825636,-0.306000,-0.474014, 0.000000,
              -0.564159, 0.437250, 0.700383, 0.000000,
              -0.007054, 0.845681,-0.533643, 0.000000,
              -25.218151, 6.419503,31.772291, 1.000000;;
            }
            Frame Armature_HornRTip03 {
              FrameTransformMatrix {
                -0.828158,-0.560495,-0.000005, 0.000000,
                 0.474014,-0.700383, 0.533642, 0.000000,
                -0.299107, 0.441938, 0.845710, 0.000000,
                 0.000004,21.928848, 0.000005, 1.000000;;
              }
            } // End of Armature_HornRTip03
          } // End of Armature_HornR03
          Frame Armature_HornR04 {
            FrameTransformMatrix {
              -0.999925,-0.010401,-0.006518, 0.000000,
              -0.009355, 0.302042, 0.953249, 0.000000,
              -0.007946, 0.953238,-0.302116, 0.000000,
               3.628050,-10.459208,42.497276, 1.000000;;
            }
            Frame Armature_HornRTip04 {
              FrameTransformMatrix {
                -0.999977,-0.006837,-0.000000, 0.000000,
                 0.006518,-0.953249, 0.302117, 0.000000,
                -0.002066, 0.302110, 0.953271, 0.000000,
                -0.000000,25.214046, 0.000001, 1.000000;;
              }
            } // End of Armature_HornRTip04
          } // End of Armature_HornR04
        } // End of Armature_Shell
        Frame Armature_Spine02 {
          FrameTransformMatrix {
             0.967918,-0.251268, 0.000000, 0.000000,
             0.251268, 0.967918,-0.000000, 0.000000,
            -0.000000, 0.000000, 1.000000, 0.000000,
            -0.000000,33.054729,-0.000000, 1.000000;;
          }
          Frame Armature_Head {
            FrameTransformMatrix {
               0.994427, 0.105429,-0.000000, 0.000000,
              -0.105429, 0.994427, 0.000000, 0.000000,
               0.000000,-0.000000, 1.000000, 0.000000,
              -0.000002,26.597687,-0.000000, 1.000000;;
            }
            Frame Armature_BottomCover {
              FrameTransformMatrix {
                -0.158736,-0.987321, 0.000001, 0.000000,
                -0.000000, 0.000001, 1.000000, 0.000000,
                -0.987321, 0.158736,-0.000000, 0.000000,
                 0.000000,13.390946,-0.000000, 1.000000;;
              }
            } // End of Armature_BottomCover
            Frame Armature_Eyeball {
              FrameTransformMatrix {
                 0.227265,-0.973833, 0.000001, 0.000000,
                -0.000000, 0.000001, 1.000000, 0.000000,
                -0.973833,-0.227265, 0.000000, 0.000000,
                 0.000000,13.390946,-0.000000, 1.000000;;
              }
            } // End of Armature_Eyeball
            Frame Armature_UpperCover {
              FrameTransformMatrix {
                 0.227265,-0.973833, 0.000001, 0.000000,
                -0.000000, 0.000001, 1.000000, 0.000000,
                -0.973833,-0.227265, 0.000000, 0.000000,
                 0.000000,13.390946,-0.000000, 1.000000;;
              }
            } // End of Armature_UpperCover
          } // End of Armature_Head
        } // End of Armature_Spine02
      } // End of Armature_Spine01
    } // End of Armature_Body
    Frame TurtleShell {
      FrameTransformMatrix {
         1.000000,-0.000000, 0.000000, 0.000000,
        -0.000000, 1.000000, 0.000000, 0.000000,
         0.000000, 0.000000, 1.000000, 0.000000,
         0.000000,-0.000000,-1.233475, 1.000000;;
      }
    } // End of TurtleShell
  } // End of Armature
} // End of Root
AnimationSet Global {
  Animation {
    {Armature}
    AnimationKey { // Rotation
      0;
      61;
      0;4;-1.000000, 0.000000, 0.000000, 0.000000;;,
      1;4;-1.000000, 0.000000, 0.000000, 0.000000;;,
      2;4;-1.000000, 0.000000, 0.000000, 0.000000;;,
      3;4;-1.000000, 0.000000, 0.000000, 0.000000;;,
      4;4;-1.000000, 0.000000, 0.000000, 0.000000;;,
      5;4;-1.000000, 0.000000, 0.000000, 0.000000;;,
      6;4;-1.000000, 0.000000, 0.000000, 0.000000;;,
      7;4;-1.000000, 0.000000, 0.000000, 0.000000;;,
      8;4;-1.000000, 0.000000, 0.000000, 0.000000;;,
      9;4;-1.000000, 0.000000, 0.000000, 0.000000;;,
      10;4;-1.000000, 0.000000, 0.000000, 0.000000;;,
      11;4;-1.000000, 0.000000, 0.000000, 0.000000;;,
      12;4;-1.000000, 0.000000, 0.000000, 0.000000;;,
      13;4;-1.000000, 0.000000, 0.000000, 0.000000;;,
      14;4;-1.000000, 0.000000, 0.000000, 0.000000;;,
      15;4;-1.000000, 0.000000, 0.000000, 0.000000;;,
      16;4;-1.000000, 0.000000, 0.000000, 0.000000;;,
      17;4;-1.000000, 0.000000, 0.000000, 0.000000;;,
      18;4;-1.000000, 0.000000, 0.000000, 0.000000;;,
      19;4;-1.000000, 0.000000, 0.000000, 0.000000;;,
      20;4;-1.000000, 0.000000, 0.000000, 0.000000;;,
      21;4;-1.000000, 0.000000, 0.000000, 0.000000;;,
      22;4;-1.000000, 0.000000, 0.000000, 0.000000;;,
      23;4;-1.000000, 0.000000, 0.000000, 0.000000;;,
      24;4;-1.000000, 0.000000, 0.000000, 0.000000;;,
      25;4;-1.000000, 0.000000, 0.000000, 0.000000;;,
      26;4;-1.000000, 0.000000, 0.000000, 0.000000;;,
      27;4;-1.000000, 0.000000, 0.000000, 0.000000;;,
      28;4;-1.000000, 0.000000, 0.000000, 0.000000;;,
      29;4;-1.000000, 0.000000, 0.000000, 0.000000;;,
      30;4;-1.000000, 0.000000, 0.000000, 0.000000;;,
      31;4;-1.000000, 0.000000, 0.000000, 0.000000;;,
      32;4;-1.000000, 0.000000, 0.000000, 0.000000;;,
      33;4;-1.000000, 0.000000, 0.000000, 0.000000;;,
      34;4;-1.000000, 0.000000, 0.000000, 0.000000;;,
      35;4;-1.000000, 0.000000, 0.000000, 0.000000;;,
      36;4;-1.000000, 0.000000, 0.000000, 0.000000;;,
      37;4;-1.000000, 0.000000, 0.000000, 0.000000;;,
      38;4;-1.000000, 0.000000, 0.000000, 0.000000;;,
      39;4;-1.000000, 0.000000, 0.000000, 0.000000;;,
      40;4;-1.000000, 0.000000, 0.000000, 0.000000;;,
      41;4;-1.000000, 0.000000, 0.000000, 0.000000;;,
      42;4;-1.000000, 0.000000, 0.000000, 0.000000;;,
      43;4;-1.000000, 0.000000, 0.000000, 0.000000;;,
      44;4;-1.000000, 0.000000, 0.000000, 0.000000;;,
      45;4;-1.000000, 0.000000, 0.000000, 0.000000;;,
      46;4;-1.000000, 0.000000, 0.000000, 0.000000;;,
      47;4;-1.000000, 0.000000, 0.000000, 0.000000;;,
      48;4;-1.000000, 0.000000, 0.000000, 0.000000;;,
      49;4;-1.000000, 0.000000, 0.000000, 0.000000;;,
      50;4;-1.000000, 0.000000, 0.000000, 0.000000;;,
      51;4;-1.000000, 0.000000, 0.000000, 0.000000;;,
      52;4;-1.000000, 0.000000, 0.000000, 0.000000;;,
      53;4;-1.000000, 0.000000, 0.000000, 0.000000;;,
      54;4;-1.000000, 0.000000, 0.000000, 0.000000;;,
      55;4;-1.000000, 0.000000, 0.000000, 0.000000;;,
      56;4;-1.000000, 0.000000, 0.000000, 0.000000;;,
      57;4;-1.000000, 0.000000, 0.000000, 0.000000;;,
      58;4;-1.000000, 0.000000, 0.000000, 0.000000;;,
      59;4;-1.000000, 0.000000, 0.000000, 0.000000;;,
      60;4;-1.000000, 0.000000, 0.000000, 0.000000;;;
    }
    AnimationKey { // Scale
      1;
      61;
      0;3; 0.010000, 0.010000, 0.010000;;,
      1;3; 0.010000, 0.010000, 0.010000;;,
      2;3; 0.010000, 0.010000, 0.010000;;,
      3;3; 0.010000, 0.010000, 0.010000;;,
      4;3; 0.010000, 0.010000, 0.010000;;,
      5;3; 0.010000, 0.010000, 0.010000;;,
      6;3; 0.010000, 0.010000, 0.010000;;,
      7;3; 0.010000, 0.010000, 0.010000;;,
      8;3; 0.010000, 0.010000, 0.010000;;,
      9;3; 0.010000, 0.010000, 0.010000;;,
      10;3; 0.010000, 0.010000, 0.010000;;,
      11;3; 0.010000, 0.010000, 0.010000;;,
      12;3; 0.010000, 0.010000, 0.010000;;,
      13;3; 0.010000, 0.010000, 0.010000;;,
      14;3; 0.010000, 0.010000, 0.010000;;,
      15;3; 0.010000, 0.010000, 0.010000;;,
      16;3; 0.010000, 0.010000, 0.010000;;,
      17;3; 0.010000, 0.010000, 0.010000;;,
      18;3; 0.010000, 0.010000, 0.010000;;,
      19;3; 0.010000, 0.010000, 0.010000;;,
      20;3; 0.010000, 0.010000, 0.010000;;,
      21;3; 0.010000, 0.010000, 0.010000;;,
      22;3; 0.010000, 0.010000, 0.010000;;,
      23;3; 0.010000, 0.010000, 0.010000;;,
      24;3; 0.010000, 0.010000, 0.010000;;,
      25;3; 0.010000, 0.010000, 0.010000;;,
      26;3; 0.010000, 0.010000, 0.010000;;,
      27;3; 0.010000, 0.010000, 0.010000;;,
      28;3; 0.010000, 0.010000, 0.010000;;,
      29;3; 0.010000, 0.010000, 0.010000;;,
      30;3; 0.010000, 0.010000, 0.010000;;,
      31;3; 0.010000, 0.010000, 0.010000;;,
      32;3; 0.010000, 0.010000, 0.010000;;,
      33;3; 0.010000, 0.010000, 0.010000;;,
      34;3; 0.010000, 0.010000, 0.010000;;,
      35;3; 0.010000, 0.010000, 0.010000;;,
      36;3; 0.010000, 0.010000, 0.010000;;,
      37;3; 0.010000, 0.010000, 0.010000;;,
      38;3; 0.010000, 0.010000, 0.010000;;,
      39;3; 0.010000, 0.010000, 0.010000;;,
      40;3; 0.010000, 0.010000, 0.010000;;,
      41;3; 0.010000, 0.010000, 0.010000;;,
      42;3; 0.010000, 0.010000, 0.010000;;,
      43;3; 0.010000, 0.010000, 0.010000;;,
      44;3; 0.010000, 0.010000, 0.010000;;,
      45;3; 0.010000, 0.010000, 0.010000;;,
      46;3; 0.010000, 0.010000, 0.010000;;,
      47;3; 0.010000, 0.010000, 0.010000;;,
      48;3; 0.010000, 0.010000, 0.010000;;,
      49;3; 0.010000, 0.010000, 0.010000;;,
      50;3; 0.010000, 0.010000, 0.010000;;,
      51;3; 0.010000, 0.010000, 0.010000;;,
      52;3; 0.010000, 0.010000, 0.010000;;,
      53;3; 0.010000, 0.010000, 0.010000;;,
      54;3; 0.010000, 0.010000, 0.010000;;,
      55;3; 0.010000, 0.010000, 0.010000;;,
      56;3; 0.010000, 0.010000, 0.010000;;,
      57;3; 0.010000, 0.010000, 0.010000;;,
      58;3; 0.010000, 0.010000, 0.010000;;,
      59;3; 0.010000, 0.010000, 0.010000;;,
      60;3; 0.010000, 0.010000, 0.010000;;;
    }
    AnimationKey { // Position
      2;
      61;
      0;3; 0.000000, 0.000000, 0.000000;;,
      1;3; 0.000000, 0.000000, 0.000000;;,
      2;3; 0.000000, 0.000000, 0.000000;;,
      3;3; 0.000000, 0.000000, 0.000000;;,
      4;3; 0.000000, 0.000000, 0.000000;;,
      5;3; 0.000000, 0.000000, 0.000000;;,
      6;3; 0.000000, 0.000000, 0.000000;;,
      7;3; 0.000000, 0.000000, 0.000000;;,
      8;3; 0.000000, 0.000000, 0.000000;;,
      9;3; 0.000000, 0.000000, 0.000000;;,
      10;3; 0.000000, 0.000000, 0.000000;;,
      11;3; 0.000000, 0.000000, 0.000000;;,
      12;3; 0.000000, 0.000000, 0.000000;;,
      13;3; 0.000000, 0.000000, 0.000000;;,
      14;3; 0.000000, 0.000000, 0.000000;;,
      15;3; 0.000000, 0.000000, 0.000000;;,
      16;3; 0.000000, 0.000000, 0.000000;;,
      17;3; 0.000000, 0.000000, 0.000000;;,
      18;3; 0.000000, 0.000000, 0.000000;;,
      19;3; 0.000000, 0.000000, 0.000000;;,
      20;3; 0.000000, 0.000000, 0.000000;;,
      21;3; 0.000000, 0.000000, 0.000000;;,
      22;3; 0.000000, 0.000000, 0.000000;;,
      23;3; 0.000000, 0.000000, 0.000000;;,
      24;3; 0.000000, 0.000000, 0.000000;;,
      25;3; 0.000000, 0.000000, 0.000000;;,
      26;3; 0.000000, 0.000000, 0.000000;;,
      27;3; 0.000000, 0.000000, 0.000000;;,
      28;3; 0.000000, 0.000000, 0.000000;;,
      29;3; 0.000000, 0.000000, 0.000000;;,
      30;3; 0.000000, 0.000000, 0.000000;;,
      31;3; 0.000000, 0.000000, 0.000000;;,
      32;3; 0.000000, 0.000000, 0.000000;;,
      33;3; 0.000000, 0.000000, 0.000000;;,
      34;3; 0.000000, 0.000000, 0.000000;;,
      35;3; 0.000000, 0.000000, 0.000000;;,
      36;3; 0.000000, 0.000000, 0.000000;;,
      37;3; 0.000000, 0.000000, 0.000000;;,
      38;3; 0.000000, 0.000000, 0.000000;;,
      39;3; 0.000000, 0.000000, 0.000000;;,
      40;3; 0.000000, 0.000000, 0.000000;;,
      41;3; 0.000000, 0.000000, 0.000000;;,
      42;3; 0.000000, 0.000000, 0.000000;;,
      43;3; 0.000000, 0.000000, 0.000000;;,
      44;3; 0.000000, 0.000000, 0.000000;;,
      45;3; 0.000000, 0.000000, 0.000000;;,
      46;3; 0.000000, 0.000000, 0.000000;;,
      47;3; 0.000000, 0.000000, 0.000000;;,
      48;3; 0.000000, 0.000000, 0.000000;;,
      49;3; 0.000000, 0.000000, 0.000000;;,
      50;3; 0.000000, 0.000000, 0.000000;;,
      51;3; 0.000000, 0.000000, 0.000000;;,
      52;3; 0.000000, 0.000000, 0.000000;;,
      53;3; 0.000000, 0.000000, 0.000000;;,
      54;3; 0.000000, 0.000000, 0.000000;;,
      55;3; 0.000000, 0.000000, 0.000000;;,
      56;3; 0.000000, 0.000000, 0.000000;;,
      57;3; 0.000000, 0.000000, 0.000000;;,
      58;3; 0.000000, 0.000000, 0.000000;;,
      59;3; 0.000000, 0.000000, 0.000000;;,
      60;3; 0.000000, 0.000000, 0.000000;;;
    }
  }
  Animation {
    {Armature_Body}
    AnimationKey { // Rotation
      0;
      61;
      0;4;-0.036887,-0.706148, 0.036887,-0.706140;;,
      1;4;-0.067651,-0.707087, 0.006052,-0.703858;;,
      2;4;-0.006640,-0.703919, 0.067068,-0.707076;;,
      3;4; 0.151762,-0.671063, 0.222901,-0.690622;;,
      4;4; 0.265894,-0.623941, 0.332721,-0.655206;;,
      5;4; 0.394856,-0.617757, 0.279142,-0.620117;;,
      6;4; 0.600718,-0.602136, 0.081811,-0.519498;;,
      7;4; 0.778104,-0.511771,-0.124400,-0.342301;;,
      8;4; 0.861098,-0.402790,-0.250482,-0.183108;;,
      9;4; 0.887005,-0.326282,-0.319431,-0.068744;;,
      10;4; 0.891586,-0.268149,-0.361157, 0.052307;;,
      11;4; 0.877129,-0.240149,-0.383981, 0.159785;;,
      12;4; 0.853595,-0.251979,-0.390353, 0.235599;;,
      13;4; 0.836390,-0.276929,-0.373068, 0.290829;;,
      14;4; 0.816626,-0.299654,-0.355072, 0.342422;;,
      15;4; 0.794806,-0.320249,-0.336615, 0.390402;;,
      16;4; 0.771393,-0.338819,-0.317916, 0.434838;;,
      17;4; 0.746802,-0.355482,-0.299169, 0.475834;;,
      18;4; 0.721407,-0.370362,-0.280538, 0.513519;;,
      19;4; 0.695542,-0.383585,-0.262168, 0.548044;;,
      20;4; 0.669496,-0.395281,-0.244178, 0.579574;;,
      21;4; 0.643525,-0.405575,-0.226669, 0.608281;;,
      22;4; 0.617849,-0.414592,-0.209722, 0.634345;;,
      23;4; 0.592654,-0.422452,-0.193403, 0.657945;;,
      24;4; 0.568099,-0.429268,-0.177763, 0.679259;;,
      25;4; 0.544315,-0.435148,-0.162841, 0.698463;;,
      26;4; 0.521409,-0.440193,-0.148663, 0.715725;;,
      27;4; 0.499467,-0.444499,-0.135247, 0.731206;;,
      28;4; 0.478554,-0.448152,-0.122602, 0.745061;;,
      29;4; 0.458719,-0.451232,-0.110729, 0.757433;;,
      30;4; 0.439997,-0.453813,-0.099625, 0.768460;;,
      31;4; 0.422408,-0.455961,-0.089279, 0.778267;;,
      32;4; 0.405961,-0.457737,-0.079678, 0.786971;;,
      33;4; 0.390656,-0.459193,-0.070805, 0.794680;;,
      34;4; 0.376482,-0.460378,-0.062640, 0.801492;;,
      35;4; 0.363423,-0.461334,-0.055159, 0.807498;;,
      36;4; 0.351454,-0.462098,-0.048338, 0.812778;;,
      37;4; 0.340548,-0.462704,-0.042150, 0.817408;;,
      38;4; 0.330669,-0.463178,-0.036569, 0.821454;;,
      39;4; 0.321780,-0.463546,-0.031566, 0.824977;;,
      40;4; 0.313839,-0.463828,-0.027111, 0.828030;;,
      41;4; 0.306712,-0.464089,-0.023343, 0.830665;;,
      42;4; 0.300272,-0.464391,-0.020373, 0.832924;;,
      43;4; 0.294489,-0.464739,-0.018136, 0.834844;;,
      44;4; 0.289332,-0.465137,-0.016564, 0.836457;;,
      45;4; 0.284765,-0.465582,-0.015592, 0.837794;;,
      46;4; 0.280755,-0.466069,-0.015153, 0.838884;;,
      47;4; 0.277266,-0.466592,-0.015183, 0.839753;;,
      48;4; 0.274262,-0.467140,-0.015615, 0.840426;;,
      49;4; 0.271706,-0.467705,-0.016384, 0.840928;;,
      50;4; 0.269562,-0.468274,-0.017427, 0.841280;;,
      51;4; 0.267793,-0.468836,-0.018678, 0.841505;;,
      52;4; 0.266363,-0.469381,-0.020073, 0.841623;;,
      53;4; 0.265235,-0.469898,-0.021546, 0.841655;;,
      54;4; 0.264373,-0.470375,-0.023033, 0.841620;;,
      55;4; 0.263741,-0.470802,-0.024470, 0.841539;;,
      56;4; 0.263305,-0.471171,-0.025791, 0.841430;;,
      57;4; 0.263027,-0.471472,-0.026933, 0.841312;;,
      58;4; 0.262872,-0.471697,-0.027828, 0.841205;;,
      59;4; 0.262806,-0.471839,-0.028413, 0.841127;;,
      60;4; 0.262792,-0.471887,-0.028623, 0.841097;;;
    }
    AnimationKey { // Scale
      1;
      61;
      0;3; 1.000000, 1.000000, 0.999989;;,
      1;3; 1.000000, 1.000000, 0.999989;;,
      2;3; 1.000000, 1.000000, 0.999989;;,
      3;3; 1.000000, 0.999998, 0.999991;;,
      4;3; 1.000000, 0.999994, 0.999995;;,
      5;3; 1.000000, 0.999993, 0.999996;;,
      6;3; 0.999998, 0.999994, 0.999996;;,
      7;3; 0.999995, 0.999998, 0.999996;;,
      8;3; 0.999993, 1.000000, 0.999996;;,
      9;3; 0.999993, 1.000000, 0.999996;;,
      10;3; 0.999994, 1.000000, 0.999995;;,
      11;3; 0.999995, 0.999998, 0.999996;;,
      12;3; 0.999996, 0.999997, 0.999996;;,
      13;3; 0.999996, 0.999995, 0.999997;;,
      14;3; 0.999997, 0.999994, 0.999998;;,
      15;3; 0.999997, 0.999993, 0.999999;;,
      16;3; 0.999998, 0.999992, 0.999999;;,
      17;3; 0.999998, 0.999991, 1.000000;;,
      18;3; 0.999999, 0.999990, 1.000000;;,
      19;3; 0.999999, 0.999990, 1.000000;;,
      20;3; 0.999999, 0.999990, 1.000000;;,
      21;3; 1.000000, 0.999990, 1.000000;;,
      22;3; 1.000000, 0.999990, 0.999999;;,
      23;3; 1.000000, 0.999990, 0.999999;;,
      24;3; 1.000000, 0.999990, 0.999999;;,
      25;3; 1.000000, 0.999991, 0.999998;;,
      26;3; 1.000000, 0.999991, 0.999998;;,
      27;3; 1.000000, 0.999991, 0.999997;;,
      28;3; 1.000000, 0.999992, 0.999997;;,
      29;3; 1.000000, 0.999992, 0.999996;;,
      30;3; 0.999999, 0.999993, 0.999996;;,
      31;3; 1.000000, 0.999993, 0.999996;;,
      32;3; 1.000000, 0.999994, 0.999996;;,
      33;3; 0.999999, 0.999994, 0.999995;;,
      34;3; 0.999999, 0.999995, 0.999995;;,
      35;3; 0.999999, 0.999995, 0.999995;;,
      36;3; 0.999999, 0.999995, 0.999995;;,
      37;3; 0.999999, 0.999995, 0.999995;;,
      38;3; 0.999999, 0.999996, 0.999994;;,
      39;3; 0.999999, 0.999996, 0.999994;;,
      40;3; 0.999999, 0.999996, 0.999994;;,
      41;3; 0.999999, 0.999996, 0.999994;;,
      42;3; 0.999999, 0.999996, 0.999994;;,
      43;3; 0.999999, 0.999997, 0.999994;;,
      44;3; 0.999999, 0.999997, 0.999994;;,
      45;3; 0.999999, 0.999997, 0.999994;;,
      46;3; 0.999998, 0.999997, 0.999994;;,
      47;3; 0.999998, 0.999997, 0.999994;;,
      48;3; 0.999999, 0.999997, 0.999994;;,
      49;3; 0.999998, 0.999997, 0.999993;;,
      50;3; 0.999999, 0.999997, 0.999994;;,
      51;3; 0.999998, 0.999997, 0.999994;;,
      52;3; 0.999999, 0.999997, 0.999994;;,
      53;3; 0.999999, 0.999997, 0.999994;;,
      54;3; 0.999998, 0.999997, 0.999993;;,
      55;3; 0.999998, 0.999997, 0.999993;;,
      56;3; 0.999999, 0.999997, 0.999994;;,
      57;3; 0.999998, 0.999997, 0.999993;;,
      58;3; 0.999999, 0.999997, 0.999994;;,
      59;3; 0.999999, 0.999997, 0.999994;;,
      60;3; 0.999998, 0.999997, 0.999994;;;
    }
    AnimationKey { // Position
      2;
      61;
      0;3; 0.000000,56.922386,13.463865;;,
      1;3;-1.665245,50.648716,13.463865;;,
      2;3; 7.200338,49.648991,13.463866;;,
      3;3;18.981499,53.454929,13.463869;;,
      4;3;27.904755,54.722832,13.463870;;,
      5;3;29.084654,39.462723,24.004877;;,
      6;3;16.956047,15.270462,47.195084;;,
      7;3;-1.612121,-4.494740,70.385300;;,
      8;3;-13.285682,-13.188721,80.926323;;,
      9;3;-15.948627,-16.266365,76.724892;;,
      10;3;-18.843538,-19.070160,67.481773;;,
      11;3;-22.467436,-20.405327,58.238655;;,
      12;3;-26.631107,-18.811012,54.037247;;,
      13;3;-30.495258,-15.073044,54.037239;;,
      14;3;-33.701038,-11.061821,54.037239;;,
      15;3;-36.271351,-6.891293,54.037239;;,
      16;3;-38.243221,-2.659618,54.037239;;,
      17;3;-39.663544, 1.550888,54.037239;;,
      18;3;-40.585495, 5.673218,54.037239;;,
      19;3;-41.065498, 9.654602,54.037231;;,
      20;3;-41.160816,13.455173,54.037231;;,
      21;3;-40.927658,17.046425,54.037239;;,
      22;3;-40.419796,20.409664,54.037239;;,
      23;3;-39.687565,23.534447,54.037239;;,
      24;3;-38.777218,26.417128,54.037239;;,
      25;3;-37.730606,29.059486,54.037239;;,
      26;3;-36.585011,31.467566,54.037239;;,
      27;3;-35.373188,33.650574,54.037239;;,
      28;3;-34.123524,35.620007,54.037239;;,
      29;3;-32.860317,37.388863,54.037239;;,
      30;3;-31.604021,38.971043,54.037239;;,
      31;3;-30.371624,40.380798,54.037239;;,
      32;3;-29.176966,41.632393,54.037239;;,
      33;3;-28.031107,42.739719,54.037239;;,
      34;3;-26.942627,43.716148,54.037239;;,
      35;3;-25.917950,44.574318,54.037239;;,
      36;3;-24.961622,45.326054,54.037239;;,
      37;3;-24.076597,45.982292,54.037239;;,
      38;3;-23.264431,46.553070,54.037239;;,
      39;3;-22.525509,47.047543,54.037239;;,
      40;3;-21.859226,47.473984,54.037239;;,
      41;3;-21.262566,47.818638,54.051697;;,
      42;3;-20.733219,48.069817,54.093010;;,
      43;3;-20.270035,48.237778,54.158089;;,
      44;3;-19.870749,48.332184,54.243767;;,
      45;3;-19.532211,48.362141,54.346878;;,
      46;3;-19.250572,48.336296,54.464256;;,
      47;3;-19.021458,48.262863,54.592751;;,
      48;3;-18.840126,48.149727,54.729286;;,
      49;3;-18.701588,48.004498,54.870796;;,
      50;3;-18.600714,47.834579,55.014313;;,
      51;3;-18.532337,47.647228,55.156929;;,
      52;3;-18.491308,47.449589,55.295807;;,
      53;3;-18.472565,47.248745,55.428169;;,
      54;3;-18.471163,47.051769,55.551331;;,
      55;3;-18.482304,46.865711,55.662643;;,
      56;3;-18.501331,46.697613,55.759506;;,
      57;3;-18.523733,46.554554,55.839340;;,
      58;3;-18.545107,46.443611,55.899597;;,
      59;3;-18.561111,46.371861,55.937683;;,
      60;3;-18.567415,46.346382,55.950974;;;
    }
  }
  Animation {
    {Armature_Spine01}
    AnimationKey { // Rotation
      0;
      61;
      0;4;-0.995712,-0.000000,-0.000000,-0.092510;;,
      1;4;-0.997507, 0.007372,-0.000252,-0.070179;;,
      2;4;-0.998644, 0.020572,-0.001165,-0.047806;;,
      3;4;-0.997599, 0.035601,-0.001601,-0.059378;;,
      4;4;-0.995408, 0.051271,-0.001198,-0.080830;;,
      5;4;-0.994006, 0.058503,-0.000687,-0.092352;;,
      6;4;-0.994006, 0.058503,-0.000687,-0.092352;;,
      7;4;-0.994006, 0.058503,-0.000687,-0.092352;;,
      8;4;-0.994006, 0.058503,-0.000687,-0.092352;;,
      9;4;-0.994006, 0.058503,-0.000687,-0.092352;;,
      10;4;-0.994006, 0.058503,-0.000687,-0.092352;;,
      11;4;-0.994006, 0.058503,-0.000687,-0.092352;;,
      12;4;-0.994006, 0.058503,-0.000687,-0.092352;;,
      13;4;-0.994006, 0.058503,-0.000687,-0.092352;;,
      14;4;-0.994006, 0.058502,-0.000687,-0.092352;;,
      15;4;-0.994006, 0.058503,-0.000687,-0.092352;;,
      16;4;-0.994006, 0.058503,-0.000687,-0.092352;;,
      17;4;-0.994006, 0.058503,-0.000687,-0.092352;;,
      18;4;-0.994006, 0.058503,-0.000687,-0.092352;;,
      19;4;-0.994006, 0.058503,-0.000687,-0.092352;;,
      20;4;-0.994006, 0.058503,-0.000687,-0.092352;;,
      21;4;-0.994006, 0.058503,-0.000687,-0.092352;;,
      22;4;-0.994006, 0.058503,-0.000687,-0.092352;;,
      23;4;-0.994006, 0.058503,-0.000687,-0.092352;;,
      24;4;-0.994006, 0.058503,-0.000687,-0.092352;;,
      25;4;-0.994006, 0.058502,-0.000687,-0.092352;;,
      26;4;-0.994006, 0.058503,-0.000687,-0.092352;;,
      27;4;-0.994006, 0.058502,-0.000687,-0.092352;;,
      28;4;-0.994006, 0.058503,-0.000687,-0.092352;;,
      29;4;-0.994006, 0.058503,-0.000687,-0.092352;;,
      30;4;-0.994006, 0.058503,-0.000687,-0.092352;;,
      31;4;-0.993998, 0.058503,-0.000681,-0.092444;;,
      32;4;-0.993972, 0.058503,-0.000666,-0.092714;;,
      33;4;-0.993932, 0.058503,-0.000640,-0.093147;;,
      34;4;-0.993877, 0.058503,-0.000606,-0.093732;;,
      35;4;-0.993809, 0.058504,-0.000563,-0.094456;;,
      36;4;-0.993727, 0.058504,-0.000513,-0.095305;;,
      37;4;-0.993634, 0.058505,-0.000456,-0.096269;;,
      38;4;-0.993531, 0.058505,-0.000394,-0.097333;;,
      39;4;-0.993417, 0.058506,-0.000326,-0.098485;;,
      40;4;-0.993295, 0.058506,-0.000253,-0.099713;;,
      41;4;-0.993164, 0.058506,-0.000177,-0.101004;;,
      42;4;-0.993027, 0.058506,-0.000098,-0.102345;;,
      43;4;-0.992884, 0.058507,-0.000017,-0.103724;;,
      44;4;-0.992736, 0.058507, 0.000066,-0.105128;;,
      45;4;-0.992585, 0.058506, 0.000149,-0.106544;;,
      46;4;-0.992432, 0.058506, 0.000233,-0.107960;;,
      47;4;-0.992278, 0.058506, 0.000315,-0.109364;;,
      48;4;-0.992126, 0.058505, 0.000397,-0.110741;;,
      49;4;-0.991975, 0.058505, 0.000476,-0.112081;;,
      50;4;-0.991829, 0.058504, 0.000552,-0.113370;;,
      51;4;-0.991688, 0.058503, 0.000624,-0.114596;;,
      52;4;-0.991554, 0.058502, 0.000692,-0.115747;;,
      53;4;-0.991430, 0.058502, 0.000754,-0.116809;;,
      54;4;-0.991316, 0.058501, 0.000811,-0.117770;;,
      55;4;-0.991215, 0.058500, 0.000861,-0.118617;;,
      56;4;-0.991128, 0.058500, 0.000904,-0.119339;;,
      57;4;-0.991058, 0.058499, 0.000938,-0.119922;;,
      58;4;-0.991005, 0.058499, 0.000964,-0.120355;;,
      59;4;-0.990973, 0.058498, 0.000980,-0.120623;;,
      60;4;-0.990962, 0.058498, 0.000985,-0.120715;;;
    }
    AnimationKey { // Scale
      1;
      61;
      0;3; 1.000000, 1.000000, 1.000000;;,
      1;3; 1.000000, 1.000000, 1.000000;;,
      2;3; 1.000000, 1.000000, 1.000000;;,
      3;3; 1.000000, 1.000000, 1.000000;;,
      4;3; 1.000000, 1.000000, 1.000000;;,
      5;3; 1.000000, 1.000000, 1.000000;;,
      6;3; 1.000000, 1.000000, 1.000000;;,
      7;3; 1.000000, 1.000000, 1.000000;;,
      8;3; 1.000000, 1.000000, 1.000000;;,
      9;3; 1.000000, 1.000000, 1.000000;;,
      10;3; 1.000000, 1.000000, 1.000000;;,
      11;3; 1.000000, 1.000000, 1.000000;;,
      12;3; 1.000000, 1.000000, 1.000000;;,
      13;3; 1.000000, 1.000000, 1.000000;;,
      14;3; 1.000000, 1.000000, 1.000000;;,
      15;3; 1.000000, 1.000000, 1.000000;;,
      16;3; 1.000000, 1.000000, 1.000000;;,
      17;3; 1.000000, 1.000000, 1.000000;;,
      18;3; 1.000000, 1.000000, 1.000000;;,
      19;3; 1.000000, 1.000000, 1.000000;;,
      20;3; 1.000000, 1.000000, 1.000000;;,
      21;3; 1.000000, 1.000000, 1.000000;;,
      22;3; 1.000000, 1.000000, 1.000000;;,
      23;3; 1.000000, 1.000000, 1.000000;;,
      24;3; 1.000000, 1.000000, 1.000000;;,
      25;3; 1.000000, 1.000000, 1.000000;;,
      26;3; 1.000000, 1.000000, 1.000000;;,
      27;3; 1.000000, 1.000000, 1.000000;;,
      28;3; 1.000000, 1.000000, 1.000000;;,
      29;3; 1.000000, 1.000000, 1.000000;;,
      30;3; 1.000000, 1.000000, 1.000000;;,
      31;3; 1.000000, 1.000000, 1.000000;;,
      32;3; 1.000000, 1.000000, 1.000000;;,
      33;3; 1.000000, 1.000000, 1.000000;;,
      34;3; 1.000000, 1.000000, 1.000000;;,
      35;3; 1.000000, 1.000000, 1.000000;;,
      36;3; 1.000000, 1.000000, 1.000000;;,
      37;3; 1.000000, 1.000000, 1.000000;;,
      38;3; 1.000000, 1.000000, 1.000000;;,
      39;3; 1.000000, 1.000000, 1.000000;;,
      40;3; 1.000000, 1.000000, 1.000000;;,
      41;3; 1.000000, 1.000000, 1.000000;;,
      42;3; 1.000000, 1.000000, 1.000000;;,
      43;3; 1.000000, 1.000000, 1.000000;;,
      44;3; 1.000000, 1.000000, 1.000000;;,
      45;3; 1.000000, 1.000000, 1.000000;;,
      46;3; 1.000000, 1.000000, 1.000000;;,
      47;3; 1.000000, 1.000000, 1.000000;;,
      48;3; 1.000000, 1.000000, 1.000000;;,
      49;3; 1.000000, 1.000000, 1.000000;;,
      50;3; 1.000000, 1.000000, 1.000000;;,
      51;3; 1.000000, 1.000000, 1.000000;;,
      52;3; 1.000000, 1.000000, 1.000000;;,
      53;3; 1.000000, 1.000000, 1.000000;;,
      54;3; 1.000000, 1.000000, 1.000000;;,
      55;3; 1.000000, 1.000000, 1.000000;;,
      56;3; 1.000000, 1.000000, 1.000000;;,
      57;3; 1.000000, 1.000000, 1.000000;;,
      58;3; 1.000000, 1.000000, 1.000000;;,
      59;3; 1.000000, 1.000000, 1.000000;;,
      60;3; 1.000000, 1.000000, 1.000000;;;
    }
    AnimationKey { // Position
      2;
      61;
      0;3; 0.000001,31.336260,-0.000000;;,
      1;3; 0.000001,31.336256,-0.000000;;,
      2;3;-0.000000,31.336260, 0.000000;;,
      3;3; 0.000001,31.336258, 0.000001;;,
      4;3; 0.000000,31.336260,-0.000001;;,
      5;3;-0.000001,31.336262, 0.000000;;,
      6;3;-0.000003,31.336260,-0.000000;;,
      7;3;-0.000000,31.336258, 0.000001;;,
      8;3; 0.000001,31.336262, 0.000000;;,
      9;3; 0.000006,31.336254, 0.000001;;,
      10;3; 0.000000,31.336262, 0.000002;;,
      11;3;-0.000001,31.336264, 0.000000;;,
      12;3;-0.000001,31.336260, 0.000002;;,
      13;3;-0.000002,31.336258, 0.000002;;,
      14;3; 0.000001,31.336258,-0.000007;;,
      15;3; 0.000001,31.336258,-0.000001;;,
      16;3; 0.000001,31.336258, 0.000006;;,
      17;3; 0.000003,31.336254, 0.000001;;,
      18;3; 0.000000,31.336258, 0.000004;;,
      19;3;-0.000001,31.336262, 0.000000;;,
      20;3;-0.000004,31.336260, 0.000004;;,
      21;3;-0.000004,31.336260, 0.000001;;,
      22;3;-0.000003,31.336258, 0.000005;;,
      23;3;-0.000002,31.336254, 0.000001;;,
      24;3;-0.000001,31.336258, 0.000008;;,
      25;3;-0.000003,31.336254,-0.000001;;,
      26;3;-0.000003,31.336260,-0.000007;;,
      27;3; 0.000004,31.336258, 0.000001;;,
      28;3; 0.000001,31.336256, 0.000002;;,
      29;3; 0.000009,31.336258, 0.000001;;,
      30;3; 0.000005,31.336262,-0.000002;;,
      31;3;-0.000005,31.336254, 0.000000;;,
      32;3;-0.000000,31.336258, 0.000001;;,
      33;3; 0.000004,31.336256, 0.000000;;,
      34;3; 0.000001,31.336260, 0.000003;;,
      35;3;-0.000009,31.336258,-0.000001;;,
      36;3; 0.000001,31.336258, 0.000005;;,
      37;3;-0.000004,31.336258, 0.000003;;,
      38;3;-0.000005,31.336260, 0.000003;;,
      39;3; 0.000001,31.336260, 0.000002;;,
      40;3;-0.000001,31.336254, 0.000004;;,
      41;3;-0.000006,31.336256, 0.000003;;,
      42;3; 0.000000,31.336254,-0.000001;;,
      43;3; 0.000005,31.336258, 0.000003;;,
      44;3;-0.000000,31.336262, 0.000003;;,
      45;3; 0.000005,31.336258,-0.000001;;,
      46;3;-0.000003,31.336258,-0.000001;;,
      47;3; 0.000001,31.336264,-0.000001;;,
      48;3;-0.000000,31.336260,-0.000003;;,
      49;3; 0.000000,31.336260, 0.000002;;,
      50;3; 0.000003,31.336254, 0.000000;;,
      51;3;-0.000001,31.336258, 0.000001;;,
      52;3; 0.000002,31.336256, 0.000000;;,
      53;3;-0.000007,31.336260, 0.000001;;,
      54;3;-0.000001,31.336254,-0.000003;;,
      55;3;-0.000006,31.336258,-0.000000;;,
      56;3; 0.000000,31.336260,-0.000001;;,
      57;3;-0.000004,31.336260, 0.000004;;,
      58;3; 0.000003,31.336258,-0.000002;;,
      59;3;-0.000003,31.336254,-0.000003;;,
      60;3; 0.000001,31.336266, 0.000001;;;
    }
  }
  Animation {
    {Armature_Spine02}
    AnimationKey { // Rotation
      0;
      61;
      0;4;-0.991947,-0.000000,-0.000000,-0.126654;;,
      1;4;-0.991943, 0.002693, 0.000568,-0.126653;;,
      2;4;-0.991901, 0.009424, 0.001988,-0.126648;;,
      3;4;-0.991776, 0.018175, 0.003834,-0.126632;;,
      4;4;-0.991571, 0.026924, 0.005679,-0.126606;;,
      5;4;-0.991360, 0.033653, 0.007099,-0.126579;;,
      6;4;-0.991262, 0.036344, 0.007666,-0.126566;;,
      7;4;-0.991262, 0.036344, 0.007666,-0.126566;;,
      8;4;-0.991262, 0.036344, 0.007666,-0.126566;;,
      9;4;-0.991262, 0.036344, 0.007666,-0.126566;;,
      10;4;-0.991262, 0.036344, 0.007666,-0.126566;;,
      11;4;-0.991262, 0.036344, 0.007666,-0.126566;;,
      12;4;-0.991262, 0.036344, 0.007666,-0.126566;;,
      13;4;-0.991262, 0.036344, 0.007667,-0.126566;;,
      14;4;-0.991262, 0.036344, 0.007666,-0.126566;;,
      15;4;-0.991262, 0.036344, 0.007666,-0.126566;;,
      16;4;-0.991262, 0.036344, 0.007666,-0.126566;;,
      17;4;-0.991262, 0.036344, 0.007666,-0.126566;;,
      18;4;-0.991262, 0.036344, 0.007666,-0.126566;;,
      19;4;-0.991262, 0.036344, 0.007666,-0.126566;;,
      20;4;-0.991262, 0.036344, 0.007666,-0.126566;;,
      21;4;-0.991262, 0.036344, 0.007666,-0.126566;;,
      22;4;-0.991262, 0.036344, 0.007666,-0.126566;;,
      23;4;-0.991262, 0.036344, 0.007666,-0.126566;;,
      24;4;-0.991262, 0.036344, 0.007667,-0.126566;;,
      25;4;-0.991262, 0.036344, 0.007667,-0.126566;;,
      26;4;-0.991262, 0.036344, 0.007666,-0.126566;;,
      27;4;-0.991262, 0.036344, 0.007666,-0.126566;;,
      28;4;-0.991262, 0.036344, 0.007666,-0.126566;;,
      29;4;-0.991262, 0.036344, 0.007666,-0.126566;;,
      30;4;-0.991262, 0.036344, 0.007667,-0.126566;;,
      31;4;-0.991262, 0.036344, 0.007666,-0.126566;;,
      32;4;-0.991262, 0.036344, 0.007666,-0.126566;;,
      33;4;-0.991247, 0.036343, 0.007671,-0.126685;;,
      34;4;-0.991203, 0.036340, 0.007683,-0.127028;;,
      35;4;-0.991133, 0.036336, 0.007704,-0.127578;;,
      36;4;-0.991037, 0.036330, 0.007731,-0.128318;;,
