xof 0303txt 0032

Frame Root {
  FrameTransformMatrix {
     1.000000, 0.000000, 0.000000, 0.000000,
     0.000000,-0.000000,-1.000000, 0.000000,
     0.000000, 1.000000,-0.000000, 0.000000,
     0.000000, 0.000000, 0.000000, 1.000000;;
  }
  Frame Armature {
    FrameTransformMatrix {
       0.010000, 0.000000, 0.000000, 0.000000,
       0.000000, 0.010000, 0.000000, 0.000000,
       0.000000, 0.000000, 0.010000, 0.000000,
       0.000000, 0.000000, 0.000000, 1.000000;;
    }
    Frame Armature_Body {
      FrameTransformMatrix {
        -0.000000,-0.104192, 0.994557, 0.000000,
        -0.000000,-0.994557,-0.104192, 0.000000,
         0.999989, 0.000001, 0.000000, 0.000000,
         0.000000,56.922386,13.463865, 1.000000;;
      }
      Frame Armature_Spine01 {
        FrameTransformMatrix {
           0.982884,-0.184227, 0.000000, 0.000000,
           0.184227, 0.982884, 0.000000, 0.000000,
          -0.000000, 0.000000, 1.000000, 0.000000,
           0.000001,31.336260,-0.000000, 1.000000;;
        }
        Frame Armature_Shell {
          FrameTransformMatrix {
            -0.089122, 0.996021,-0.000001, 0.000000,
             0.996021, 0.089122,-0.000000, 0.000000,
            -0.000000,-0.000001,-1.000000, 0.000000,
            37.512909,14.992228,-0.000006, 1.000000;;
          }
          Frame Armature_HornL01 {
            FrameTransformMatrix {
              -0.999983,-0.003934,-0.004219, 0.000000,
               0.000079, 0.721943,-0.691953, 0.000000,
               0.005768,-0.691942,-0.721930, 0.000000,
               1.772913,22.098843,-21.630371, 1.000000;;
            }
            Frame Armature_HornLTip01 {
              FrameTransformMatrix {
                 0.999981,-0.006097,-0.000000, 0.000000,
                 0.004219, 0.691953, 0.721931, 0.000000,
                -0.004401,-0.721917, 0.691966, 0.000000,
                 0.000000,26.061644,-0.000005, 1.000000;;
              }
            } // End of Armature_HornLTip01
          } // End of Armature_HornL01
          Frame Armature_HornL02 {
            FrameTransformMatrix {
              -0.863740, 0.261626,-0.430703, 0.000000,
               0.503888, 0.460365,-0.730863, 0.000000,
               0.007067,-0.848302,-0.529466, 0.000000,
              24.946095, 5.954980,-32.448830, 1.000000;;
            }
            Frame Armature_HornLTip02 {
              FrameTransformMatrix {
                 0.861529,-0.507708, 0.000005, 0.000000,
                 0.430702, 0.730863, 0.529466, 0.000000,
                -0.268818,-0.456149, 0.848331, 0.000000,
                -0.000002,22.917961,-0.000002, 1.000000;;
              }
            } // End of Armature_HornLTip02
          } // End of Armature_HornL02
          Frame Armature_HornL03 {
            FrameTransformMatrix {
              -0.825636,-0.306001, 0.474013, 0.000000,
              -0.564159, 0.437253,-0.700382, 0.000000,
               0.007054,-0.845679,-0.533645, 0.000000,
              -25.218187, 6.419462,-31.772219, 1.000000;;
            }
            Frame Armature_HornLTip03 {
              FrameTransformMatrix {
                 0.828158, 0.560494,-0.000004, 0.000000,
                -0.474013, 0.700382, 0.533645, 0.000000,
                 0.299108,-0.441940, 0.845709, 0.000000,
                -0.000001,21.928827,-0.000002, 1.000000;;
              }
            } // End of Armature_HornLTip03
          } // End of Armature_HornL03
          Frame Armature_HornL04 {
            FrameTransformMatrix {
              -0.999925,-0.010402, 0.006519, 0.000000,
              -0.009356, 0.302043,-0.953249, 0.000000,
               0.007946,-0.953238,-0.302117, 0.000000,
               3.628018,-10.459241,-42.497318, 1.000000;;
            }
            Frame Armature_HornLTip04 {
              FrameTransformMatrix {
                 0.999977, 0.006838,-0.000000, 0.000000,
                -0.006518, 0.953248, 0.302117, 0.000000,
                 0.002066,-0.302110, 0.953270, 0.000000,
                 0.000002,25.214075,-0.000002, 1.000000;;
              }
            } // End of Armature_HornLTip04
          } // End of Armature_HornL04
          Frame Armature_HornMid01 {
            FrameTransformMatrix {
              -0.484909,-0.874565,-0.000000, 0.000000,
              -0.874565, 0.484909, 0.000001, 0.000000,
              -0.000001, 0.000001,-1.000000, 0.000000,
              -37.650902, 1.860807, 0.000048, 1.000000;;
            }
            Frame Armature_HornMidTip01 {
              FrameTransformMatrix {
                 0.492182, 0.870492, 0.000001, 0.000000,
                 0.000000,-0.000001, 1.000000, 0.000000,
                 0.870492,-0.492182,-0.000001, 0.000000,
                -0.000002,23.230297,-0.000000, 1.000000;;
              }
            } // End of Armature_HornMidTip01
          } // End of Armature_HornMid01
          Frame Armature_HornMid02 {
            FrameTransformMatrix {
              -0.985332,-0.170649, 0.000000, 0.000000,
              -0.170649, 0.985332, 0.000000, 0.000000,
              -0.000000, 0.000000,-1.000000, 0.000000,
               0.541829,34.079460, 0.000000, 1.000000;;
            }
            Frame Armature_HornMidTip02 {
              FrameTransformMatrix {
                 0.986720, 0.162430, 0.000000, 0.000000,
                 0.000000,-0.000000, 1.000000, 0.000000,
                 0.162430,-0.986720,-0.000000, 0.000000,
                 0.000001,23.869209, 0.000000, 1.000000;;
              }
            } // End of Armature_HornMidTip02
          } // End of Armature_HornMid02
          Frame Armature_HornMid03 {
            FrameTransformMatrix {
              -0.742934, 0.669365, 0.000000, 0.000000,
               0.669365, 0.742934,-0.000001, 0.000000,
              -0.000001,-0.000001,-1.000000, 0.000000,
              37.328312,17.870409,-0.000047, 1.000000;;
            }
            Frame Armature_HornMidTip03 {
              FrameTransformMatrix {
                 0.737328,-0.675534, 0.000001, 0.000000,
                -0.000000, 0.000001, 1.000000, 0.000000,
                -0.675534,-0.737328, 0.000001, 0.000000,
                 0.000004,23.350195,-0.000000, 1.000000;;
              }
            } // End of Armature_HornMidTip03
          } // End of Armature_HornMid03
          Frame Armature_HornR01 {
            FrameTransformMatrix {
              -0.999983,-0.003934, 0.004219, 0.000000,
               0.000079, 0.721944, 0.691951, 0.000000,
              -0.005768, 0.691940,-0.721932, 0.000000,
               1.772884,22.098848,21.630346, 1.000000;;
            }
            Frame Armature_HornRTip01 {
              FrameTransformMatrix {
                -0.999981, 0.006097,-0.000000, 0.000000,
                -0.004219,-0.691951, 0.721932, 0.000000,
                 0.004402, 0.721919, 0.691964, 0.000000,
                 0.000000,26.061678, 0.000001, 1.000000;;
              }
            } // End of Armature_HornRTip01
          } // End of Armature_HornR01
          Frame Armature_HornR02 {
            FrameTransformMatrix {
              -0.863739, 0.261627, 0.430705, 0.000000,
               0.503891, 0.460365, 0.730862, 0.000000,
              -0.007068, 0.848301,-0.529466, 0.000000,
              24.946064, 5.954971,32.448730, 1.000000;;
            }
            Frame Armature_HornRTip02 {
              FrameTransformMatrix {
                -0.861528, 0.507710, 0.000004, 0.000000,
                -0.430705,-0.730862, 0.529466, 0.000000,
                 0.268818, 0.456148, 0.848331, 0.000000,
                -0.000004,22.917984,-0.000007, 1.000000;;
              }
            } // End of Armature_HornRTip02
          } // End of Armature_HornR02
          Frame Armature_HornR03 {
            FrameTransformMatrix {
              -0.825636,-0.306000,-0.474014, 0.000000,
              -0.564159, 0.437250, 0.700383, 0.000000,
              -0.007054, 0.845681,-0.533643, 0.000000,
              -25.218151, 6.419503,31.772291, 1.000000;;
            }
            Frame Armature_HornRTip03 {
              FrameTransformMatrix {
                -0.828158,-0.560495,-0.000005, 0.000000,
                 0.474014,-0.700383, 0.533642, 0.000000,
                -0.299107, 0.441938, 0.845710, 0.000000,
                 0.000004,21.928848, 0.000005, 1.000000;;
              }
            } // End of Armature_HornRTip03
          } // End of Armature_HornR03
          Frame Armature_HornR04 {
            FrameTransformMatrix {
              -0.999925,-0.010401,-0.006518, 0.000000,
              -0.009355, 0.302042, 0.953249, 0.000000,
              -0.007946, 0.953238,-0.302116, 0.000000,
               3.628050,-10.459208,42.497276, 1.000000;;
            }
            Frame Armature_HornRTip04 {
              FrameTransformMatrix {
                -0.999977,-0.006837,-0.000000, 0.000000,
                 0.006518,-0.953249, 0.302117, 0.000000,
                -0.002066, 0.302110, 0.953271, 0.000000,
                -0.000000,25.214046, 0.000001, 1.000000;;
              }
            } // End of Armature_HornRTip04
          } // End of Armature_HornR04
        } // End of Armature_Shell
        Frame Armature_Spine02 {
          FrameTransformMatrix {
             0.967918,-0.251268, 0.000000, 0.000000,
             0.251268, 0.967918,-0.000000, 0.000000,
            -0.000000, 0.000000, 1.000000, 0.000000,
            -0.000000,33.054729,-0.000000, 1.000000;;
          }
          Frame Armature_Head {
            FrameTransformMatrix {
               0.994427, 0.105429,-0.000000, 0.000000,
              -0.105429, 0.994427, 0.000000, 0.000000,
               0.000000,-0.000000, 1.000000, 0.000000,
              -0.000002,26.597687,-0.000000, 1.000000;;
            }
            Frame Armature_BottomCover {
              FrameTransformMatrix {
                 0.227265,-0.973833, 0.000001, 0.000000,
                -0.000000, 0.000001, 1.000000, 0.000000,
                -0.973833,-0.227265, 0.000000, 0.000000,
                 0.000000,13.390946,-0.000000, 1.000000;;
              }
            } // End of Armature_BottomCover
            Frame Armature_Eyeball {
              FrameTransformMatrix {
                 0.227265,-0.973833, 0.000001, 0.000000,
                -0.000000, 0.000001, 1.000000, 0.000000,
                -0.973833,-0.227265, 0.000000, 0.000000,
                 0.000000,13.390946,-0.000000, 1.000000;;
              }
            } // End of Armature_Eyeball
            Frame Armature_UpperCover {
              FrameTransformMatrix {
                 0.227265,-0.973833, 0.000001, 0.000000,
                -0.000000, 0.000001, 1.000000, 0.000000,
                -0.973833,-0.227265, 0.000000, 0.000000,
                 0.000000,13.390946,-0.000000, 1.000000;;
              }
            } // End of Armature_UpperCover
          } // End of Armature_Head
        } // End of Armature_Spine02
      } // End of Armature_Spine01
    } // End of Armature_Body
    Frame TurtleShell {
      FrameTransformMatrix {
         1.000000, 0.000000,-0.000000, 0.000000,
         0.000000, 1.000000,-0.000000, 0.000000,
        -0.000000,-0.000000, 1.000000, 0.000000,
        -0.000000,-0.000001,-1.233475, 1.000000;;
      }
    } // End of TurtleShell
  } // End of Armature
} // End of Root
AnimationSet Global {
  Animation {
    {Armature}
    AnimationKey { // Rotation
      0;
      51;
      0;4;-1.000000, 0.000000, 0.000000, 0.000000;;,
      1;4;-1.000000, 0.000000, 0.000000, 0.000000;;,
      2;4;-1.000000, 0.000000, 0.000000, 0.000000;;,
      3;4;-1.000000, 0.000000, 0.000000, 0.000000;;,
      4;4;-1.000000, 0.000000, 0.000000, 0.000000;;,
      5;4;-1.000000, 0.000000, 0.000000, 0.000000;;,
      6;4;-1.000000, 0.000000, 0.000000, 0.000000;;,
      7;4;-1.000000, 0.000000, 0.000000, 0.000000;;,
      8;4;-1.000000, 0.000000, 0.000000, 0.000000;;,
      9;4;-1.000000, 0.000000, 0.000000, 0.000000;;,
      10;4;-1.000000, 0.000000, 0.000000, 0.000000;;,
      11;4;-1.000000, 0.000000, 0.000000, 0.000000;;,
      12;4;-1.000000, 0.000000, 0.000000, 0.000000;;,
      13;4;-1.000000, 0.000000, 0.000000, 0.000000;;,
      14;4;-1.000000, 0.000000, 0.000000, 0.000000;;,
      15;4;-1.000000, 0.000000, 0.000000, 0.000000;;,
      16;4;-1.000000, 0.000000, 0.000000, 0.000000;;,
      17;4;-1.000000, 0.000000, 0.000000, 0.000000;;,
      18;4;-1.000000, 0.000000, 0.000000, 0.000000;;,
      19;4;-1.000000, 0.000000, 0.000000, 0.000000;;,
      20;4;-1.000000, 0.000000, 0.000000, 0.000000;;,
      21;4;-1.000000, 0.000000, 0.000000, 0.000000;;,
      22;4;-1.000000, 0.000000, 0.000000, 0.000000;;,
      23;4;-1.000000, 0.000000, 0.000000, 0.000000;;,
      24;4;-1.000000, 0.000000, 0.000000, 0.000000;;,
      25;4;-1.000000, 0.000000, 0.000000, 0.000000;;,
      26;4;-1.000000, 0.000000, 0.000000, 0.000000;;,
      27;4;-1.000000, 0.000000, 0.000000, 0.000000;;,
      28;4;-1.000000, 0.000000, 0.000000, 0.000000;;,
      29;4;-1.000000, 0.000000, 0.000000, 0.000000;;,
      30;4;-1.000000, 0.000000, 0.000000, 0.000000;;,
      31;4;-1.000000, 0.000000, 0.000000, 0.000000;;,
      32;4;-1.000000, 0.000000, 0.000000, 0.000000;;,
      33;4;-1.000000, 0.000000, 0.000000, 0.000000;;,
      34;4;-1.000000, 0.000000, 0.000000, 0.000000;;,
      35;4;-1.000000, 0.000000, 0.000000, 0.000000;;,
      36;4;-1.000000, 0.000000, 0.000000, 0.000000;;,
      37;4;-1.000000, 0.000000, 0.000000, 0.000000;;,
      38;4;-1.000000, 0.000000, 0.000000, 0.000000;;,
      39;4;-1.000000, 0.000000, 0.000000, 0.000000;;,
      40;4;-1.000000, 0.000000, 0.000000, 0.000000;;,
      41;4;-1.000000, 0.000000, 0.000000, 0.000000;;,
      42;4;-1.000000, 0.000000, 0.000000, 0.000000;;,
      43;4;-1.000000, 0.000000, 0.000000, 0.000000;;,
      44;4;-1.000000, 0.000000, 0.000000, 0.000000;;,
      45;4;-1.000000, 0.000000, 0.000000, 0.000000;;,
      46;4;-1.000000, 0.000000, 0.000000, 0.000000;;,
      47;4;-1.000000, 0.000000, 0.000000, 0.000000;;,
      48;4;-1.000000, 0.000000, 0.000000, 0.000000;;,
      49;4;-1.000000, 0.000000, 0.000000, 0.000000;;,
      50;4;-1.000000, 0.000000, 0.000000, 0.000000;;;
    }
    AnimationKey { // Scale
      1;
      51;
      0;3; 0.010000, 0.010000, 0.010000;;,
      1;3; 0.010000, 0.010000, 0.010000;;,
      2;3; 0.010000, 0.010000, 0.010000;;,
      3;3; 0.010000, 0.010000, 0.010000;;,
      4;3; 0.010000, 0.010000, 0.010000;;,
      5;3; 0.010000, 0.010000, 0.010000;;,
      6;3; 0.010000, 0.010000, 0.010000;;,
      7;3; 0.010000, 0.010000, 0.010000;;,
      8;3; 0.010000, 0.010000, 0.010000;;,
      9;3; 0.010000, 0.010000, 0.010000;;,
      10;3; 0.010000, 0.010000, 0.010000;;,
      11;3; 0.010000, 0.010000, 0.010000;;,
      12;3; 0.010000, 0.010000, 0.010000;;,
      13;3; 0.010000, 0.010000, 0.010000;;,
      14;3; 0.010000, 0.010000, 0.010000;;,
      15;3; 0.010000, 0.010000, 0.010000;;,
      16;3; 0.010000, 0.010000, 0.010000;;,
      17;3; 0.010000, 0.010000, 0.010000;;,
      18;3; 0.010000, 0.010000, 0.010000;;,
      19;3; 0.010000, 0.010000, 0.010000;;,
      20;3; 0.010000, 0.010000, 0.010000;;,
      21;3; 0.010000, 0.010000, 0.010000;;,
      22;3; 0.010000, 0.010000, 0.010000;;,
      23;3; 0.010000, 0.010000, 0.010000;;,
      24;3; 0.010000, 0.010000, 0.010000;;,
      25;3; 0.010000, 0.010000, 0.010000;;,
      26;3; 0.010000, 0.010000, 0.010000;;,
      27;3; 0.010000, 0.010000, 0.010000;;,
      28;3; 0.010000, 0.010000, 0.010000;;,
      29;3; 0.010000, 0.010000, 0.010000;;,
      30;3; 0.010000, 0.010000, 0.010000;;,
      31;3; 0.010000, 0.010000, 0.010000;;,
      32;3; 0.010000, 0.010000, 0.010000;;,
      33;3; 0.010000, 0.010000, 0.010000;;,
      34;3; 0.010000, 0.010000, 0.010000;;,
      35;3; 0.010000, 0.010000, 0.010000;;,
      36;3; 0.010000, 0.010000, 0.010000;;,
      37;3; 0.010000, 0.010000, 0.010000;;,
      38;3; 0.010000, 0.010000, 0.010000;;,
      39;3; 0.010000, 0.010000, 0.010000;;,
      40;3; 0.010000, 0.010000, 0.010000;;,
      41;3; 0.010000, 0.010000, 0.010000;;,
      42;3; 0.010000, 0.010000, 0.010000;;,
      43;3; 0.010000, 0.010000, 0.010000;;,
      44;3; 0.010000, 0.010000, 0.010000;;,
      45;3; 0.010000, 0.010000, 0.010000;;,
      46;3; 0.010000, 0.010000, 0.010000;;,
      47;3; 0.010000, 0.010000, 0.010000;;,
      48;3; 0.010000, 0.010000, 0.010000;;,
      49;3; 0.010000, 0.010000, 0.010000;;,
      50;3; 0.010000, 0.010000, 0.010000;;;
    }
    AnimationKey { // Position
      2;
      51;
      0;3; 0.000000, 0.000000, 0.000000;;,
      1;3; 0.000000, 0.000000, 0.000000;;,
      2;3; 0.000000, 0.000000, 0.000000;;,
      3;3; 0.000000, 0.000000, 0.000000;;,
      4;3; 0.000000, 0.000000, 0.000000;;,
      5;3; 0.000000, 0.000000, 0.000000;;,
      6;3; 0.000000, 0.000000, 0.000000;;,
      7;3; 0.000000, 0.000000, 0.000000;;,
      8;3; 0.000000, 0.000000, 0.000000;;,
      9;3; 0.000000, 0.000000, 0.000000;;,
      10;3; 0.000000, 0.000000, 0.000000;;,
      11;3; 0.000000, 0.000000, 0.000000;;,
      12;3; 0.000000, 0.000000, 0.000000;;,
      13;3; 0.000000, 0.000000, 0.000000;;,
      14;3; 0.000000, 0.000000, 0.000000;;,
      15;3; 0.000000, 0.000000, 0.000000;;,
      16;3; 0.000000, 0.000000, 0.000000;;,
      17;3; 0.000000, 0.000000, 0.000000;;,
      18;3; 0.000000, 0.000000, 0.000000;;,
      19;3; 0.000000, 0.000000, 0.000000;;,
      20;3; 0.000000, 0.000000, 0.000000;;,
      21;3; 0.000000, 0.000000, 0.000000;;,
      22;3; 0.000000, 0.000000, 0.000000;;,
      23;3; 0.000000, 0.000000, 0.000000;;,
      24;3; 0.000000, 0.000000, 0.000000;;,
      25;3; 0.000000, 0.000000, 0.000000;;,
      26;3; 0.000000, 0.000000, 0.000000;;,
      27;3; 0.000000, 0.000000, 0.000000;;,
      28;3; 0.000000, 0.000000, 0.000000;;,
      29;3; 0.000000, 0.000000, 0.000000;;,
      30;3; 0.000000, 0.000000, 0.000000;;,
      31;3; 0.000000, 0.000000, 0.000000;;,
      32;3; 0.000000, 0.000000, 0.000000;;,
      33;3; 0.000000, 0.000000, 0.000000;;,
      34;3; 0.000000, 0.000000, 0.000000;;,
      35;3; 0.000000, 0.000000, 0.000000;;,
      36;3; 0.000000, 0.000000, 0.000000;;,
      37;3; 0.000000, 0.000000, 0.000000;;,
      38;3; 0.000000, 0.000000, 0.000000;;,
      39;3; 0.000000, 0.000000, 0.000000;;,
      40;3; 0.000000, 0.000000, 0.000000;;,
      41;3; 0.000000, 0.000000, 0.000000;;,
      42;3; 0.000000, 0.000000, 0.000000;;,
      43;3; 0.000000, 0.000000, 0.000000;;,
      44;3; 0.000000, 0.000000, 0.000000;;,
      45;3; 0.000000, 0.000000, 0.000000;;,
      46;3; 0.000000, 0.000000, 0.000000;;,
      47;3; 0.000000, 0.000000, 0.000000;;,
      48;3; 0.000000, 0.000000, 0.000000;;,
      49;3; 0.000000, 0.000000, 0.000000;;,
      50;3; 0.000000, 0.000000, 0.000000;;;
    }
  }
  Animation {
    {Armature_Body}
    AnimationKey { // Rotation
      0;
      51;
      0;4;-0.036887,-0.706148, 0.036887,-0.706140;;,
      1;4;-0.036887,-0.706148, 0.036887,-0.706140;;,
      2;4;-0.036887,-0.706148, 0.036887,-0.706140;;,
      3;4;-0.036887,-0.706148, 0.036887,-0.706140;;,
      4;4;-0.036887,-0.706148, 0.036887,-0.706140;;,
      5;4;-0.036887,-0.706148, 0.036887,-0.706140;;,
      6;4;-0.036887,-0.706148, 0.036887,-0.706140;;,
      7;4;-0.036887,-0.706148, 0.036887,-0.706140;;,
      8;4;-0.036887,-0.706148, 0.036887,-0.706140;;,
      9;4;-0.036887,-0.706148, 0.036887,-0.706140;;,
      10;4;-0.036887,-0.706148, 0.036887,-0.706140;;,
      11;4;-0.036887,-0.706148, 0.036887,-0.706140;;,
      12;4;-0.036887,-0.706148, 0.036887,-0.706140;;,
      13;4;-0.036887,-0.706148, 0.036887,-0.706140;;,
      14;4;-0.036887,-0.706148, 0.036887,-0.706140;;,
      15;4;-0.036887,-0.706148, 0.036887,-0.706140;;,
      16;4;-0.036887,-0.706148, 0.036887,-0.706140;;,
      17;4;-0.036887,-0.706148, 0.036887,-0.706140;;,
      18;4;-0.036887,-0.706148, 0.036887,-0.706140;;,
      19;4;-0.036887,-0.706148, 0.036887,-0.706140;;,
      20;4;-0.036887,-0.706148, 0.036887,-0.706140;;,
      21;4;-0.036887,-0.706148, 0.036887,-0.706140;;,
      22;4;-0.036887,-0.706148, 0.036887,-0.706140;;,
      23;4;-0.036887,-0.706148, 0.036887,-0.706140;;,
      24;4;-0.036887,-0.706148, 0.036887,-0.706140;;,
      25;4;-0.036887,-0.706148, 0.036887,-0.706140;;,
      26;4;-0.036887,-0.706148, 0.036887,-0.706140;;,
      27;4;-0.036887,-0.706148, 0.036887,-0.706140;;,
      28;4;-0.036887,-0.706148, 0.036887,-0.706140;;,
      29;4;-0.036887,-0.706148, 0.036887,-0.706140;;,
      30;4;-0.036887,-0.706148, 0.036887,-0.706140;;,
      31;4;-0.036887,-0.706148, 0.036887,-0.706140;;,
      32;4;-0.036887,-0.706148, 0.036887,-0.706140;;,
      33;4;-0.036887,-0.706148, 0.036887,-0.706140;;,
      34;4;-0.036887,-0.706148, 0.036887,-0.706140;;,
      35;4;-0.036887,-0.706148, 0.036887,-0.706140;;,
      36;4;-0.036887,-0.706148, 0.036887,-0.706140;;,
      37;4;-0.036887,-0.706148, 0.036887,-0.706140;;,
      38;4;-0.036887,-0.706148, 0.036887,-0.706140;;,
      39;4;-0.036887,-0.706148, 0.036887,-0.706140;;,
      40;4;-0.036887,-0.706148, 0.036887,-0.706140;;,
      41;4;-0.036887,-0.706148, 0.036887,-0.706140;;,
      42;4;-0.036887,-0.706148, 0.036887,-0.706140;;,
      43;4;-0.036887,-0.706148, 0.036887,-0.706140;;,
      44;4;-0.036887,-0.706148, 0.036887,-0.706140;;,
      45;4;-0.036887,-0.706148, 0.036887,-0.706140;;,
      46;4;-0.036887,-0.706148, 0.036887,-0.706140;;,
      47;4;-0.036887,-0.706148, 0.036887,-0.706140;;,
      48;4;-0.036887,-0.706148, 0.036887,-0.706140;;,
      49;4;-0.036887,-0.706148, 0.036887,-0.706140;;,
      50;4;-0.036887,-0.706148, 0.036887,-0.706140;;;
    }
    AnimationKey { // Scale
      1;
      51;
      0;3; 1.000000, 1.000000, 0.999989;;,
      1;3; 1.000000, 1.000000, 0.999989;;,
      2;3; 1.000000, 1.000000, 0.999989;;,
      3;3; 1.000000, 1.000000, 0.999989;;,
      4;3; 1.000000, 1.000000, 0.999989;;,
      5;3; 1.000000, 1.000000, 0.999989;;,
      6;3; 1.000000, 1.000000, 0.999989;;,
      7;3; 1.000000, 1.000000, 0.999989;;,
      8;3; 1.000000, 1.000000, 0.999989;;,
      9;3; 1.000000, 1.000000, 0.999989;;,
      10;3; 1.000000, 1.000000, 0.999989;;,
      11;3; 1.000000, 1.000000, 0.999989;;,
      12;3; 1.000000, 1.000000, 0.999989;;,
      13;3; 1.000000, 1.000000, 0.999989;;,
      14;3; 1.000000, 1.000000, 0.999989;;,
      15;3; 1.000000, 1.000000, 0.999989;;,
      16;3; 1.000000, 1.000000, 0.999989;;,
      17;3; 1.000000, 1.000000, 0.999989;;,
      18;3; 1.000000, 1.000000, 0.999989;;,
      19;3; 1.000000, 1.000000, 0.999989;;,
      20;3; 1.000000, 1.000000, 0.999989;;,
      21;3; 1.000000, 1.000000, 0.999989;;,
      22;3; 1.000000, 1.000000, 0.999989;;,
      23;3; 1.000000, 1.000000, 0.999989;;,
      24;3; 1.000000, 1.000000, 0.999989;;,
      25;3; 1.000000, 1.000000, 0.999989;;,
      26;3; 1.000000, 1.000000, 0.999989;;,
      27;3; 1.000000, 1.000000, 0.999989;;,
      28;3; 1.000000, 1.000000, 0.999989;;,
      29;3; 1.000000, 1.000000, 0.999989;;,
      30;3; 1.000000, 1.000000, 0.999989;;,
      31;3; 1.000000, 1.000000, 0.999989;;,
      32;3; 1.000000, 1.000000, 0.999989;;,
      33;3; 1.000000, 1.000000, 0.999989;;,
      34;3; 1.000000, 1.000000, 0.999989;;,
      35;3; 1.000000, 1.000000, 0.999989;;,
      36;3; 1.000000, 1.000000, 0.999989;;,
      37;3; 1.000000, 1.000000, 0.999989;;,
      38;3; 1.000000, 1.000000, 0.999989;;,
      39;3; 1.000000, 1.000000, 0.999989;;,
      40;3; 1.000000, 1.000000, 0.999989;;,
      41;3; 1.000000, 1.000000, 0.999989;;,
      42;3; 1.000000, 1.000000, 0.999989;;,
      43;3; 1.000000, 1.000000, 0.999989;;,
      44;3; 1.000000, 1.000000, 0.999989;;,
      45;3; 1.000000, 1.000000, 0.999989;;,
      46;3; 1.000000, 1.000000, 0.999989;;,
      47;3; 1.000000, 1.000000, 0.999989;;,
      48;3; 1.000000, 1.000000, 0.999989;;,
      49;3; 1.000000, 1.000000, 0.999989;;,
      50;3; 1.000000, 1.000000, 0.999989;;;
    }
    AnimationKey { // Position
      2;
      51;
      0;3; 0.000000,56.922386,13.463865;;,
      1;3; 0.000000,56.922386,13.463865;;,
      2;3; 0.000000,56.922386,13.463865;;,
      3;3; 0.000000,56.922386,13.463865;;,
      4;3; 0.000000,56.922386,13.463865;;,
      5;3; 0.000000,56.922386,13.463865;;,
      6;3; 0.000000,56.922386,13.463865;;,
      7;3; 0.000000,56.922386,13.463865;;,
      8;3; 0.000000,56.922386,13.463865;;,
      9;3; 0.000000,56.922386,13.463865;;,
      10;3; 0.000000,56.922386,13.463865;;,
      11;3; 0.000000,56.922386,13.463865;;,
      12;3; 0.000000,56.922386,13.463865;;,
      13;3; 0.000000,56.922386,13.463865;;,
      14;3; 0.000000,56.922386,13.463865;;,
      15;3; 0.000000,56.922386,13.463865;;,
      16;3; 0.000000,56.922386,13.463865;;,
      17;3; 0.000000,56.922386,13.463865;;,
      18;3; 0.000000,56.922386,13.463865;;,
      19;3; 0.000000,56.922386,13.463865;;,
      20;3; 0.000000,56.922386,13.463865;;,
      21;3; 0.000000,56.922386,13.463865;;,
      22;3; 0.000000,56.922386,13.463865;;,
      23;3; 0.000000,56.922386,13.463865;;,
      24;3; 0.000000,56.922386,13.463865;;,
      25;3; 0.000000,56.922386,13.463865;;,
      26;3; 0.000000,56.922386,13.463865;;,
      27;3; 0.000000,56.922386,13.463865;;,
      28;3; 0.000000,56.922386,13.463865;;,
      29;3; 0.000000,56.922386,13.463865;;,
      30;3; 0.000000,56.922386,13.463865;;,
      31;3; 0.000000,56.922386,13.463865;;,
      32;3; 0.000000,56.922386,13.463865;;,
      33;3; 0.000000,56.922386,13.463865;;,
      34;3; 0.000000,56.922386,13.463865;;,
      35;3; 0.000000,56.922386,13.463865;;,
      36;3; 0.000000,56.922386,13.463865;;,
      37;3; 0.000000,56.922386,13.463865;;,
      38;3; 0.000000,56.922386,13.463865;;,
      39;3; 0.000000,56.922386,13.463865;;,
      40;3; 0.000000,56.922386,13.463865;;,
      41;3; 0.000000,56.922386,13.463865;;,
      42;3; 0.000000,56.922386,13.463865;;,
      43;3; 0.000000,56.922386,13.463865;;,
      44;3; 0.000000,56.922386,13.463865;;,
      45;3; 0.000000,56.922386,13.463865;;,
      46;3; 0.000000,56.922386,13.463865;;,
      47;3; 0.000000,56.922386,13.463865;;,
      48;3; 0.000000,56.922386,13.463865;;,
      49;3; 0.000000,56.922386,13.463865;;,
      50;3; 0.000000,56.922386,13.463865;;;
    }
  }
  Animation {
    {Armature_Spine01}
    AnimationKey { // Rotation
      0;
      51;
      0;4;-0.995712,-0.000000,-0.000000,-0.092510;;,
      1;4;-0.995708,-0.000000,-0.000000,-0.092556;;,
      2;4;-0.995695,-0.000000,-0.000000,-0.092688;;,
      3;4;-0.995675,-0.000000,-0.000000,-0.092900;;,
      4;4;-0.995649,-0.000000,-0.000000,-0.093183;;,
      5;4;-0.995617,-0.000000,-0.000000,-0.093530;;,
      6;4;-0.995578,-0.000000,-0.000000,-0.093934;;,
      7;4;-0.995536,-0.000000,-0.000000,-0.094386;;,
      8;4;-0.995489,-0.000000,-0.000000,-0.094880;;,
      9;4;-0.995438,-0.000000,-0.000000,-0.095408;;,
      10;4;-0.995385,-0.000000,-0.000000,-0.095962;;,
      11;4;-0.995330,-0.000000,-0.000000,-0.096535;;,
      12;4;-0.995273,-0.000000,-0.000000,-0.097119;;,
      13;4;-0.995215,-0.000000,-0.000000,-0.097707;;,
      14;4;-0.995158,-0.000000,-0.000000,-0.098291;;,
      15;4;-0.995101,-0.000000,-0.000000,-0.098863;;,
      16;4;-0.995046,-0.000000,-0.000000,-0.099417;;,
      17;4;-0.994993,-0.000000,-0.000000,-0.099945;;,
      18;4;-0.994943,-0.000000,-0.000000,-0.100438;;,
      19;4;-0.994898,-0.000000,-0.000000,-0.100891;;,
      20;4;-0.994857,-0.000000,-0.000000,-0.101294;;,
      21;4;-0.994821,-0.000000,-0.000000,-0.101641;;,
      22;4;-0.994792,-0.000000,-0.000000,-0.101924;;,
      23;4;-0.994771,-0.000000,-0.000000,-0.102135;;,
      24;4;-0.994757,-0.000000,-0.000000,-0.102267;;,
      25;4;-0.994752,-0.000000,-0.000000,-0.102313;;,
      26;4;-0.994757,-0.000000,-0.000000,-0.102267;;,
      27;4;-0.994771,-0.000000,-0.000000,-0.102135;;,
      28;4;-0.994792,-0.000000,-0.000000,-0.101924;;,
      29;4;-0.994821,-0.000000,-0.000000,-0.101641;;,
      30;4;-0.994857,-0.000000,-0.000000,-0.101294;;,
      31;4;-0.994898,-0.000000,-0.000000,-0.100891;;,
      32;4;-0.994943,-0.000000,-0.000000,-0.100438;;,
      33;4;-0.994993,-0.000000,-0.000000,-0.099945;;,
      34;4;-0.995046,-0.000000,-0.000000,-0.099417;;,
      35;4;-0.995101,-0.000000,-0.000000,-0.098863;;,
      36;4;-0.995158,-0.000000,-0.000000,-0.098291;;,
      37;4;-0.995215,-0.000000,-0.000000,-0.097707;;,
      38;4;-0.995273,-0.000000,-0.000000,-0.097119;;,
      39;4;-0.995330,-0.000000,-0.000000,-0.096535;;,
      40;4;-0.995385,-0.000000,-0.000000,-0.095962;;,
      41;4;-0.995438,-0.000000,-0.000000,-0.095408;;,
      42;4;-0.995489,-0.000000,-0.000000,-0.094880;;,
      43;4;-0.995536,-0.000000,-0.000000,-0.094386;;,
      44;4;-0.995578,-0.000000,-0.000000,-0.093934;;,
      45;4;-0.995617,-0.000000,-0.000000,-0.093530;;,
      46;4;-0.995649,-0.000000,-0.000000,-0.093183;;,
      47;4;-0.995675,-0.000000,-0.000000,-0.092900;;,
      48;4;-0.995695,-0.000000,-0.000000,-0.092688;;,
      49;4;-0.995708,-0.000000,-0.000000,-0.092556;;,
      50;4;-0.995712,-0.000000,-0.000000,-0.092510;;;
    }
    AnimationKey { // Scale
      1;
      51;
      0;3; 1.000000, 1.000000, 1.000000;;,
      1;3; 1.000000, 1.000000, 1.000000;;,
      2;3; 1.000000, 1.000000, 1.000000;;,
      3;3; 1.000000, 1.000000, 1.000000;;,
      4;3; 1.000000, 1.000000, 1.000000;;,
      5;3; 1.000000, 1.000000, 1.000000;;,
      6;3; 1.000000, 1.000000, 1.000000;;,
      7;3; 1.000000, 1.000000, 1.000000;;,
      8;3; 1.000000, 1.000000, 1.000000;;,
      9;3; 1.000000, 1.000000, 1.000000;;,
      10;3; 1.000000, 1.000000, 1.000000;;,
      11;3; 1.000000, 1.000000, 1.000000;;,
      12;3; 1.000000, 1.000000, 1.000000;;,
      13;3; 1.000000, 1.000000, 1.000000;;,
      14;3; 1.000000, 1.000000, 1.000000;;,
      15;3; 1.000000, 1.000000, 1.000000;;,
      16;3; 1.000000, 1.000000, 1.000000;;,
      17;3; 1.000000, 1.000000, 1.000000;;,
      18;3; 1.000000, 1.000000, 1.000000;;,
      19;3; 1.000000, 1.000000, 1.000000;;,
      20;3; 1.000000, 1.000000, 1.000000;;,
      21;3; 1.000000, 1.000000, 1.000000;;,
      22;3; 1.000000, 1.000000, 1.000000;;,
      23;3; 1.000000, 1.000000, 1.000000;;,
      24;3; 1.000000, 1.000000, 1.000000;;,
      25;3; 1.000000, 1.000000, 1.000000;;,
      26;3; 1.000000, 1.000000, 1.000000;;,
      27;3; 1.000000, 1.000000, 1.000000;;,
      28;3; 1.000000, 1.000000, 1.000000;;,
      29;3; 1.000000, 1.000000, 1.000000;;,
      30;3; 1.000000, 1.000000, 1.000000;;,
      31;3; 1.000000, 1.000000, 1.000000;;,
      32;3; 1.000000, 1.000000, 1.000000;;,
      33;3; 1.000000, 1.000000, 1.000000;;,
      34;3; 1.000000, 1.000000, 1.000000;;,
      35;3; 1.000000, 1.000000, 1.000000;;,
      36;3; 1.000000, 1.000000, 1.000000;;,
      37;3; 1.000000, 1.000000, 1.000000;;,
      38;3; 1.000000, 1.000000, 1.000000;;,
      39;3; 1.000000, 1.000000, 1.000000;;,
      40;3; 1.000000, 1.000000, 1.000000;;,
      41;3; 1.000000, 1.000000, 1.000000;;,
      42;3; 1.000000, 1.000000, 1.000000;;,
      43;3; 1.000000, 1.000000, 1.000000;;,
      44;3; 1.000000, 1.000000, 1.000000;;,
      45;3; 1.000000, 1.000000, 1.000000;;,
      46;3; 1.000000, 1.000000, 1.000000;;,
      47;3; 1.000000, 1.000000, 1.000000;;,
      48;3; 1.000000, 1.000000, 1.000000;;,
      49;3; 1.000000, 1.000000, 1.000000;;,
      50;3; 1.000000, 1.000000, 1.000000;;;
    }
    AnimationKey { // Position
      2;
      51;
      0;3; 0.000001,31.336260,-0.000000;;,
      1;3; 0.010348,31.335175, 0.000000;;,
      2;3; 0.040260,31.332041, 0.000000;;,
      3;3; 0.088032,31.327038, 0.000000;;,
      4;3; 0.151964,31.320339, 0.000000;;,
      5;3; 0.230356,31.312126, 0.000000;;,
      6;3; 0.321506,31.302580, 0.000000;;,
      7;3; 0.423712,31.291870, 0.000000;;,
      8;3; 0.535275,31.280186, 0.000000;;,
      9;3; 0.654492,31.267694, 0.000000;;,
      10;3; 0.779663,31.254580, 0.000000;;,
      11;3; 0.909087,31.241022, 0.000000;;,
      12;3; 1.041063,31.227196, 0.000000;;,
      13;3; 1.173889,31.213280, 0.000000;;,
      14;3; 1.305865,31.199457, 0.000000;;,
      15;3; 1.435289,31.185898, 0.000000;;,
      16;3; 1.560460,31.172783, 0.000000;;,
      17;3; 1.679678,31.160294, 0.000000;;,
      18;3; 1.791241,31.148605, 0.000000;;,
      19;3; 1.893447,31.137896, 0.000000;;,
      20;3; 1.984596,31.128349, 0.000000;;,
      21;3; 2.062989,31.120136, 0.000000;;,
      22;3; 2.126921,31.113440, 0.000000;;,
      23;3; 2.174693,31.108435, 0.000000;;,
      24;3; 2.204603,31.105301, 0.000000;;,
      25;3; 2.214952,31.104219, 0.000000;;,
      26;3; 2.204603,31.105301, 0.000000;;,
      27;3; 2.174693,31.108435, 0.000000;;,
      28;3; 2.126921,31.113440, 0.000000;;,
      29;3; 2.062989,31.120136, 0.000000;;,
      30;3; 1.984596,31.128349, 0.000000;;,
      31;3; 1.893447,31.137896, 0.000000;;,
      32;3; 1.791240,31.148605, 0.000000;;,
      33;3; 1.679677,31.160294, 0.000000;;,
      34;3; 1.560460,31.172783, 0.000000;;,
      35;3; 1.435289,31.185898, 0.000000;;,
      36;3; 1.305864,31.199455, 0.000000;;,
      37;3; 1.173889,31.213280, 0.000000;;,
      38;3; 1.041063,31.227196, 0.000000;;,
      39;3; 0.909087,31.241022, 0.000000;;,
      40;3; 0.779663,31.254580, 0.000000;;,
      41;3; 0.654492,31.267694, 0.000000;;,
      42;3; 0.535275,31.280186, 0.000000;;,
      43;3; 0.423712,31.291870, 0.000000;;,
      44;3; 0.321506,31.302580, 0.000000;;,
      45;3; 0.230355,31.312126, 0.000000;;,
      46;3; 0.151964,31.320339, 0.000000;;,
      47;3; 0.088032,31.327038, 0.000000;;,
      48;3; 0.040260,31.332041, 0.000000;;,
      49;3; 0.010348,31.335175, 0.000000;;,
      50;3; 0.000001,31.336260,-0.000000;;;
    }
  }
  Animation {
    {Armature_Spine02}
    AnimationKey { // Rotation
      0;
      51;
      0;4;-0.991947,-0.000000,-0.000000,-0.126654;;,
      1;4;-0.991931,-0.000000,-0.000000,-0.126782;;,
      2;4;-0.991883,-0.000000,-0.000000,-0.127153;;,
      3;4;-0.991807,-0.000000,-0.000000,-0.127746;;,
      4;4;-0.991704,-0.000000,-0.000000,-0.128541;;,
      5;4;-0.991577,-0.000000,-0.000000,-0.129518;;,
      6;4;-0.991428,-0.000000,-0.000000,-0.130656;;,
      7;4;-0.991258,-0.000000,-0.000000,-0.131936;;,
      8;4;-0.991071,-0.000000,-0.000000,-0.133336;;,
      9;4;-0.990868,-0.000000,-0.000000,-0.134838;;,
      10;4;-0.990651,-0.000000,-0.000000,-0.136420;;,
      11;4;-0.990424,-0.000000,-0.000000,-0.138062;;,
      12;4;-0.990188,-0.000000,-0.000000,-0.139744;;,
      13;4;-0.989946,-0.000000,-0.000000,-0.141445;;,
      14;4;-0.989701,-0.000000,-0.000000,-0.143147;;,
      15;4;-0.989457,-0.000000,-0.000000,-0.144828;;,
      16;4;-0.989215,-0.000000,-0.000000,-0.146468;;,
      17;4;-0.988980,-0.000000,-0.000000,-0.148047;;,
      18;4;-0.988755,-0.000000,-0.000000,-0.149545;;,
      19;4;-0.988543,-0.000000,-0.000000,-0.150942;;,
      20;4;-0.988347,-0.000000,-0.000000,-0.152218;;,
      21;4;-0.988172,-0.000000,-0.000000,-0.153353;;,
      22;4;-0.988020,-0.000000,-0.000000,-0.154326;;,
      23;4;-0.987896,-0.000000,-0.000000,-0.155118;;,
      24;4;-0.987803,-0.000000,-0.000000,-0.155709;;,
      25;4;-0.987745,-0.000000,-0.000000,-0.156078;;,
      26;4;-0.987725,-0.000000,-0.000000,-0.156205;;,
      27;4;-0.987748,-0.000000,-0.000000,-0.156056;;,
      28;4;-0.987816,-0.000000,-0.000000,-0.155625;;,
      29;4;-0.987924,-0.000000,-0.000000,-0.154938;;,
      30;4;-0.988068,-0.000000,-0.000000,-0.154021;;,
      31;4;-0.988242,-0.000000,-0.000000,-0.152898;;,
      32;4;-0.988442,-0.000000,-0.000000,-0.151597;;,
      33;4;-0.988665,-0.000000,-0.000000,-0.150141;;,
      34;4;-0.988904,-0.000000,-0.000000,-0.148556;;,
      35;4;-0.989156,-0.000000,-0.000000,-0.146869;;,
      36;4;-0.989416,-0.000000,-0.000000,-0.145104;;,
      37;4;-0.989681,-0.000000,-0.000000,-0.143288;;,
      38;4;-0.989946,-0.000000,-0.000000,-0.141445;;,
      39;4;-0.990208,-0.000000,-0.000000,-0.139602;;,
      40;4;-0.990462,-0.000000,-0.000000,-0.137785;;,
      41;4;-0.990707,-0.000000,-0.000000,-0.136018;;,
      42;4;-0.990937,-0.000000,-0.000000,-0.134327;;,
      43;4;-0.991151,-0.000000,-0.000000,-0.132739;;,
      44;4;-0.991345,-0.000000,-0.000000,-0.131279;;,
      45;4;-0.991517,-0.000000,-0.000000,-0.129973;;,
      46;4;-0.991664,-0.000000,-0.000000,-0.128847;;,
      47;4;-0.991784,-0.000000,-0.000000,-0.127926;;,
      48;4;-0.991872,-0.000000,-0.000000,-0.127237;;,
      49;4;-0.991928,-0.000000,-0.000000,-0.126804;;,
      50;4;-0.991947,-0.000000,-0.000000,-0.126654;;;
    }
    AnimationKey { // Scale
      1;
      51;
      0;3; 1.000000, 1.000000, 1.000000;;,
      1;3; 1.000000, 1.000000, 1.000000;;,
      2;3; 1.000000, 1.000000, 1.000000;;,
      3;3; 1.000000, 1.000000, 1.000000;;,
      4;3; 1.000000, 1.000000, 1.000000;;,
      5;3; 1.000000, 1.000000, 1.000000;;,
      6;3; 1.000000, 1.000000, 1.000000;;,
      7;3; 1.000000, 1.000000, 1.000000;;,
      8;3; 1.000000, 1.000000, 1.000000;;,
      9;3; 1.000000, 1.000000, 1.000000;;,
      10;3; 1.000000, 1.000000, 1.000000;;,
      11;3; 1.000000, 1.000000, 1.000000;;,
      12;3; 1.000000, 1.000000, 1.000000;;,
      13;3; 1.000000, 1.000000, 1.000000;;,
      14;3; 1.000000, 1.000000, 1.000000;;,
      15;3; 1.000000, 1.000000, 1.000000;;,
      16;3; 1.000000, 1.000000, 1.000000;;,
      17;3; 1.000000, 1.000000, 1.000000;;,
      18;3; 1.000000, 1.000000, 1.000000;;,
      19;3; 1.000000, 1.000000, 1.000000;;,
      20;3; 1.000000, 1.000000, 1.000000;;,
      21;3; 1.000000, 1.000000, 1.000000;;,
      22;3; 1.000000, 1.000000, 1.000000;;,
      23;3; 1.000000, 1.000000, 1.000000;;,
      24;3; 1.000000, 1.000000, 1.000000;;,
      25;3; 1.000000, 1.000000, 1.000000;;,
      26;3; 1.000000, 1.000000, 1.000000;;,
      27;3; 1.000000, 1.000000, 1.000000;;,
      28;3; 1.000000, 1.000000, 1.000000;;,
      29;3; 1.000000, 1.000000, 1.000000;;,
      30;3; 1.000000, 1.000000, 1.000000;;,
      31;3; 1.000000, 1.000000, 1.000000;;,
      32;3; 1.000000, 1.000000, 1.000000;;,
      33;3; 1.000000, 1.000000, 1.000000;;,
      34;3; 1.000000, 1.000000, 1.000000;;,
      35;3; 1.000000, 1.000000, 1.000000;;,
      36;3; 1.000000, 1.000000, 1.000000;;,
      37;3; 1.000000, 1.000000, 1.000000;;,
      38;3; 1.000000, 1.000000, 1.000000;;,
      39;3; 1.000000, 1.000000, 1.000000;;,
      40;3; 1.000000, 1.000000, 1.000000;;,
      41;3; 1.000000, 1.000000, 1.000000;;,
      42;3; 1.000000, 1.000000, 1.000000;;,
      43;3; 1.000000, 1.000000, 1.000000;;,
      44;3; 1.000000, 1.000000, 1.000000;;,
      45;3; 1.000000, 1.000000, 1.000000;;,
      46;3; 1.000000, 1.000000, 1.000000;;,
      47;3; 1.000000, 1.000000, 1.000000;;,
      48;3; 1.000000, 1.000000, 1.000000;;,
      49;3; 1.000000, 1.000000, 1.000000;;,
      50;3; 1.000000, 1.000000, 1.000000;;;
    }
    AnimationKey { // Position
      2;
      51;
      0;3;-0.000000,33.054729,-0.000000;;,
      1;3;-0.009365,33.053970,-0.000000;;,
      2;3;-0.036472,33.051769,-0.000000;;,
      3;3;-0.079847,33.048256,-0.000000;;,
      4;3;-0.138006,33.043541,-0.000000;;,
      5;3;-0.209471,33.037746,-0.000000;;,
      6;3;-0.292768,33.030991,-0.000000;;,
      7;3;-0.386415,33.023396,-0.000000;;,
      8;3;-0.488933,33.015087,-0.000000;;,
      9;3;-0.598845,33.006172,-0.000000;;,
      10;3;-0.714671,32.996784,-0.000000;;,
      11;3;-0.834932,32.987030,-0.000000;;,
      12;3;-0.958153,32.977043,-0.000000;;,
      13;3;-1.082851,32.966930,-0.000000;;,
      14;3;-1.207548,32.956818,-0.000000;;,
      15;3;-1.330769,32.946831,-0.000000;;,
      16;3;-1.451030,32.937080,-0.000000;;,
      17;3;-1.566857,32.927685,-0.000000;;,
      18;3;-1.676767,32.918777,-0.000000;;,
      19;3;-1.779287,32.910465,-0.000000;;,
      20;3;-1.872933,32.902870,-0.000000;;,
      21;3;-1.956229,32.896114,-0.000000;;,
      22;3;-2.027695,32.890324,-0.000000;;,
      23;3;-2.085855,32.885605,-0.000001;;,
      24;3;-2.129229,32.882092,-0.000001;;,
      25;3;-2.156338,32.879890,-0.000001;;,
      26;3;-2.165702,32.879131,-0.000001;;,
      27;3;-2.154737,32.880020,-0.000001;;,
