xof 0303txt 0032

Frame Root {
  FrameTransformMatrix {
     1.000000, 0.000000, 0.000000, 0.000000,
     0.000000,-0.000000,-1.000000, 0.000000,
     0.000000, 1.000000,-0.000000, 0.000000,
     0.000000, 0.000000, 0.000000, 1.000000;;
  }
  Frame Armature {
    FrameTransformMatrix {
       0.010000, 0.000000, 0.000000, 0.000000,
       0.000000, 0.010000, 0.000000, 0.000000,
       0.000000, 0.000000, 0.010000, 0.000000,
       0.000000, 0.000000, 0.000000, 1.000000;;
    }
    Frame Armature_Body {
      FrameTransformMatrix {
        -0.000000,-0.104192, 0.994557, 0.000000,
        -0.000000,-0.994557,-0.104192, 0.000000,
         0.999989, 0.000001, 0.000000, 0.000000,
         0.000000,56.922386,13.463865, 1.000000;;
      }
      Frame Armature_Spine01 {
        FrameTransformMatrix {
           0.982884,-0.184227, 0.000000, 0.000000,
           0.184227, 0.982884, 0.000000, 0.000000,
          -0.000000, 0.000000, 1.000000, 0.000000,
          -0.146941,29.933632, 0.000000, 1.000000;;
        }
        Frame Armature_Shell {
          FrameTransformMatrix {
            -0.089122, 0.996021,-0.000001, 0.000000,
             0.996021, 0.089122,-0.000000, 0.000000,
            -0.000000,-0.000001,-1.000000, 0.000000,
            37.512909,14.992228,-0.000006, 1.000000;;
          }
          Frame Armature_HornL01 {
            FrameTransformMatrix {
              -0.999983,-0.003934,-0.004219, 0.000000,
               0.000079, 0.721943,-0.691953, 0.000000,
               0.005768,-0.691942,-0.721930, 0.000000,
               1.772913,22.098843,-21.630371, 1.000000;;
            }
            Frame Armature_HornLTip01 {
              FrameTransformMatrix {
                 0.999981,-0.006097,-0.000000, 0.000000,
                 0.004219, 0.691953, 0.721931, 0.000000,
                -0.004401,-0.721917, 0.691966, 0.000000,
                 0.000000,26.061651,-0.000006, 1.000000;;
              }
            } // End of Armature_HornLTip01
          } // End of Armature_HornL01
          Frame Armature_HornL02 {
            FrameTransformMatrix {
              -0.863740, 0.261626,-0.430703, 0.000000,
               0.503888, 0.460365,-0.730863, 0.000000,
               0.007067,-0.848302,-0.529466, 0.000000,
              24.946095, 5.954981,-32.448830, 1.000000;;
            }
            Frame Armature_HornLTip02 {
              FrameTransformMatrix {
                 0.861529,-0.507708, 0.000005, 0.000000,
                 0.430702, 0.730863, 0.529466, 0.000000,
                -0.268818,-0.456149, 0.848331, 0.000000,
                -0.000004,22.917959,-0.000002, 1.000000;;
              }
            } // End of Armature_HornLTip02
          } // End of Armature_HornL02
          Frame Armature_HornL03 {
            FrameTransformMatrix {
              -0.825636,-0.306001, 0.474013, 0.000000,
              -0.564159, 0.437253,-0.700382, 0.000000,
               0.007054,-0.845679,-0.533645, 0.000000,
              -25.218185, 6.419463,-31.772219, 1.000000;;
            }
            Frame Armature_HornLTip03 {
              FrameTransformMatrix {
                 0.828158, 0.560494,-0.000004, 0.000000,
                -0.474013, 0.700382, 0.533645, 0.000000,
                 0.299108,-0.441940, 0.845709, 0.000000,
                -0.000000,21.928833,-0.000003, 1.000000;;
              }
            } // End of Armature_HornLTip03
          } // End of Armature_HornL03
          Frame Armature_HornL04 {
            FrameTransformMatrix {
              -0.999925,-0.010402, 0.006519, 0.000000,
              -0.009356, 0.302043,-0.953249, 0.000000,
               0.007946,-0.953238,-0.302117, 0.000000,
               3.628018,-10.459240,-42.497318, 1.000000;;
            }
            Frame Armature_HornLTip04 {
              FrameTransformMatrix {
                 0.999977, 0.006838,-0.000000, 0.000000,
                -0.006518, 0.953248, 0.302117, 0.000000,
                 0.002066,-0.302110, 0.953270, 0.000000,
                -0.000000,25.214073,-0.000003, 1.000000;;
              }
            } // End of Armature_HornLTip04
          } // End of Armature_HornL04
          Frame Armature_HornMid01 {
            FrameTransformMatrix {
              -0.484909,-0.874565,-0.000000, 0.000000,
              -0.874565, 0.484909, 0.000001, 0.000000,
              -0.000001, 0.000001,-1.000000, 0.000000,
              -37.650898, 1.860808, 0.000048, 1.000000;;
            }
            Frame Armature_HornMidTip01 {
              FrameTransformMatrix {
                 0.492182, 0.870492, 0.000001, 0.000000,
                 0.000000,-0.000001, 1.000000, 0.000000,
                 0.870492,-0.492182,-0.000001, 0.000000,
                -0.000000,23.230301,-0.000000, 1.000000;;
              }
            } // End of Armature_HornMidTip01
          } // End of Armature_HornMid01
          Frame Armature_HornMid02 {
            FrameTransformMatrix {
              -0.985332,-0.170649, 0.000000, 0.000000,
              -0.170649, 0.985332, 0.000000, 0.000000,
              -0.000000, 0.000000,-1.000000, 0.000000,
               0.541829,34.079460, 0.000000, 1.000000;;
            }
            Frame Armature_HornMidTip02 {
              FrameTransformMatrix {
                 0.986720, 0.162430, 0.000000, 0.000000,
                 0.000000,-0.000000, 1.000000, 0.000000,
                 0.162430,-0.986720,-0.000000, 0.000000,
                 0.000002,23.869211, 0.000000, 1.000000;;
              }
            } // End of Armature_HornMidTip02
          } // End of Armature_HornMid02
          Frame Armature_HornMid03 {
            FrameTransformMatrix {
              -0.742934, 0.669365, 0.000000, 0.000000,
               0.669365, 0.742934,-0.000001, 0.000000,
              -0.000001,-0.000001,-1.000000, 0.000000,
              37.328316,17.870411,-0.000047, 1.000000;;
            }
            Frame Armature_HornMidTip03 {
              FrameTransformMatrix {
                 0.737328,-0.675534, 0.000001, 0.000000,
                -0.000000, 0.000001, 1.000000, 0.000000,
                -0.675534,-0.737328, 0.000001, 0.000000,
                 0.000000,23.350197,-0.000000, 1.000000;;
              }
            } // End of Armature_HornMidTip03
          } // End of Armature_HornMid03
          Frame Armature_HornR01 {
            FrameTransformMatrix {
              -0.999983,-0.003934, 0.004219, 0.000000,
               0.000079, 0.721944, 0.691951, 0.000000,
              -0.005768, 0.691940,-0.721932, 0.000000,
               1.772884,22.098850,21.630346, 1.000000;;
            }
            Frame Armature_HornRTip01 {
              FrameTransformMatrix {
                -0.999981, 0.006097,-0.000000, 0.000000,
                -0.004219,-0.691951, 0.721932, 0.000000,
                 0.004402, 0.721919, 0.691964, 0.000000,
                 0.000000,26.061672, 0.000003, 1.000000;;
              }
            } // End of Armature_HornRTip01
          } // End of Armature_HornR01
          Frame Armature_HornR02 {
            FrameTransformMatrix {
              -0.863739, 0.261627, 0.430705, 0.000000,
               0.503891, 0.460365, 0.730862, 0.000000,
              -0.007068, 0.848301,-0.529466, 0.000000,
              24.946064, 5.954972,32.448730, 1.000000;;
            }
            Frame Armature_HornRTip02 {
              FrameTransformMatrix {
                -0.861528, 0.507710, 0.000004, 0.000000,
                -0.430705,-0.730862, 0.529466, 0.000000,
                 0.268818, 0.456148, 0.848331, 0.000000,
                -0.000002,22.917988,-0.000005, 1.000000;;
              }
            } // End of Armature_HornRTip02
          } // End of Armature_HornR02
          Frame Armature_HornR03 {
            FrameTransformMatrix {
              -0.825636,-0.306000,-0.474014, 0.000000,
              -0.564159, 0.437250, 0.700383, 0.000000,
              -0.007054, 0.845681,-0.533643, 0.000000,
              -25.218151, 6.419503,31.772291, 1.000000;;
            }
            Frame Armature_HornRTip03 {
              FrameTransformMatrix {
                -0.828158,-0.560495,-0.000005, 0.000000,
                 0.474014,-0.700383, 0.533642, 0.000000,
                -0.299107, 0.441938, 0.845710, 0.000000,
                 0.000003,21.928844, 0.000004, 1.000000;;
              }
            } // End of Armature_HornRTip03
          } // End of Armature_HornR03
          Frame Armature_HornR04 {
            FrameTransformMatrix {
              -0.999925,-0.010401,-0.006518, 0.000000,
              -0.009355, 0.302042, 0.953249, 0.000000,
              -0.007946, 0.953238,-0.302116, 0.000000,
               3.628050,-10.459208,42.497276, 1.000000;;
            }
            Frame Armature_HornRTip04 {
              FrameTransformMatrix {
                -0.999977,-0.006837,-0.000000, 0.000000,
                 0.006518,-0.953249, 0.302117, 0.000000,
                -0.002066, 0.302110, 0.953271, 0.000000,
                -0.000000,25.214050, 0.000000, 1.000000;;
              }
            } // End of Armature_HornRTip04
          } // End of Armature_HornR04
        } // End of Armature_Shell
        Frame Armature_Spine02 {
          FrameTransformMatrix {
             0.967918,-0.251268, 0.000000, 0.000000,
             0.251268, 0.967918,-0.000000, 0.000000,
            -0.000000, 0.000000, 1.000000, 0.000000,
             0.113975,31.649040, 0.000000, 1.000000;;
          }
          Frame Armature_Head {
            FrameTransformMatrix {
               0.994427, 0.105429,-0.000000, 0.000000,
              -0.105429, 0.994427, 0.000000, 0.000000,
               0.000000,-0.000000, 1.000000, 0.000000,
               0.463521,25.265734,-0.000000, 1.000000;;
            }
            Frame Armature_BottomCover {
              FrameTransformMatrix {
                -0.158736,-0.987321, 0.000001, 0.000000,
                -0.000000, 0.000001, 1.000000, 0.000000,
                -0.987321, 0.158736,-0.000000, 0.000000,
                -0.000001,13.390950,-0.000000, 1.000000;;
              }
            } // End of Armature_BottomCover
            Frame Armature_Eyeball {
              FrameTransformMatrix {
                 0.227265,-0.973833, 0.000001, 0.000000,
                -0.000000, 0.000001, 1.000000, 0.000000,
                -0.973833,-0.227265, 0.000000, 0.000000,
                -0.000001,13.390950,-0.000000, 1.000000;;
              }
            } // End of Armature_Eyeball
            Frame Armature_UpperCover {
              FrameTransformMatrix {
                 0.227265,-0.973833, 0.000001, 0.000000,
                -0.000000, 0.000001, 1.000000, 0.000000,
                -0.973833,-0.227265, 0.000000, 0.000000,
                -0.000001,13.390950,-0.000000, 1.000000;;
              }
            } // End of Armature_UpperCover
          } // End of Armature_Head
        } // End of Armature_Spine02
      } // End of Armature_Spine01
    } // End of Armature_Body
    Frame TurtleShell {
      FrameTransformMatrix {
         1.000000,-0.000000,-0.000000, 0.000000,
        -0.000000, 1.000000,-0.000000, 0.000000,
        -0.000000,-0.000000, 1.000000, 0.000000,
        -0.000000,-0.000000,-1.233475, 1.000000;;
      }
    } // End of TurtleShell
  } // End of Armature
} // End of Root
AnimationSet Global {
  Animation {
    {Armature}
    AnimationKey { // Rotation
      0;
      26;
      0;4;-1.000000, 0.000000, 0.000000, 0.000000;;,
      1;4;-1.000000, 0.000000, 0.000000, 0.000000;;,
      2;4;-1.000000, 0.000000, 0.000000, 0.000000;;,
      3;4;-1.000000, 0.000000, 0.000000, 0.000000;;,
      4;4;-1.000000, 0.000000, 0.000000, 0.000000;;,
      5;4;-1.000000, 0.000000, 0.000000, 0.000000;;,
      6;4;-1.000000, 0.000000, 0.000000, 0.000000;;,
      7;4;-1.000000, 0.000000, 0.000000, 0.000000;;,
      8;4;-1.000000, 0.000000, 0.000000, 0.000000;;,
      9;4;-1.000000, 0.000000, 0.000000, 0.000000;;,
      10;4;-1.000000, 0.000000, 0.000000, 0.000000;;,
      11;4;-1.000000, 0.000000, 0.000000, 0.000000;;,
      12;4;-1.000000, 0.000000, 0.000000, 0.000000;;,
      13;4;-1.000000, 0.000000, 0.000000, 0.000000;;,
      14;4;-1.000000, 0.000000, 0.000000, 0.000000;;,
      15;4;-1.000000, 0.000000, 0.000000, 0.000000;;,
      16;4;-1.000000, 0.000000, 0.000000, 0.000000;;,
      17;4;-1.000000, 0.000000, 0.000000, 0.000000;;,
      18;4;-1.000000, 0.000000, 0.000000, 0.000000;;,
      19;4;-1.000000, 0.000000, 0.000000, 0.000000;;,
      20;4;-1.000000, 0.000000, 0.000000, 0.000000;;,
      21;4;-1.000000, 0.000000, 0.000000, 0.000000;;,
      22;4;-1.000000, 0.000000, 0.000000, 0.000000;;,
      23;4;-1.000000, 0.000000, 0.000000, 0.000000;;,
      24;4;-1.000000, 0.000000, 0.000000, 0.000000;;,
      25;4;-1.000000, 0.000000, 0.000000, 0.000000;;;
    }
    AnimationKey { // Scale
      1;
      26;
      0;3; 0.010000, 0.010000, 0.010000;;,
      1;3; 0.010000, 0.010000, 0.010000;;,
      2;3; 0.010000, 0.010000, 0.010000;;,
      3;3; 0.010000, 0.010000, 0.010000;;,
      4;3; 0.010000, 0.010000, 0.010000;;,
      5;3; 0.010000, 0.010000, 0.010000;;,
      6;3; 0.010000, 0.010000, 0.010000;;,
      7;3; 0.010000, 0.010000, 0.010000;;,
      8;3; 0.010000, 0.010000, 0.010000;;,
      9;3; 0.010000, 0.010000, 0.010000;;,
      10;3; 0.010000, 0.010000, 0.010000;;,
      11;3; 0.010000, 0.010000, 0.010000;;,
      12;3; 0.010000, 0.010000, 0.010000;;,
      13;3; 0.010000, 0.010000, 0.010000;;,
      14;3; 0.010000, 0.010000, 0.010000;;,
      15;3; 0.010000, 0.010000, 0.010000;;,
      16;3; 0.010000, 0.010000, 0.010000;;,
      17;3; 0.010000, 0.010000, 0.010000;;,
      18;3; 0.010000, 0.010000, 0.010000;;,
      19;3; 0.010000, 0.010000, 0.010000;;,
      20;3; 0.010000, 0.010000, 0.010000;;,
      21;3; 0.010000, 0.010000, 0.010000;;,
      22;3; 0.010000, 0.010000, 0.010000;;,
      23;3; 0.010000, 0.010000, 0.010000;;,
      24;3; 0.010000, 0.010000, 0.010000;;,
      25;3; 0.010000, 0.010000, 0.010000;;;
    }
    AnimationKey { // Position
      2;
      26;
      0;3; 0.000000, 0.000000, 0.000000;;,
      1;3; 0.000000, 0.000000, 0.000000;;,
      2;3; 0.000000, 0.000000, 0.000000;;,
      3;3; 0.000000, 0.000000, 0.000000;;,
      4;3; 0.000000, 0.000000, 0.000000;;,
      5;3; 0.000000, 0.000000, 0.000000;;,
      6;3; 0.000000, 0.000000, 0.000000;;,
      7;3; 0.000000, 0.000000, 0.000000;;,
      8;3; 0.000000, 0.000000, 0.000000;;,
      9;3; 0.000000, 0.000000, 0.000000;;,
      10;3; 0.000000, 0.000000, 0.000000;;,
      11;3; 0.000000, 0.000000, 0.000000;;,
      12;3; 0.000000, 0.000000, 0.000000;;,
      13;3; 0.000000, 0.000000, 0.000000;;,
      14;3; 0.000000, 0.000000, 0.000000;;,
      15;3; 0.000000, 0.000000, 0.000000;;,
      16;3; 0.000000, 0.000000, 0.000000;;,
      17;3; 0.000000, 0.000000, 0.000000;;,
      18;3; 0.000000, 0.000000, 0.000000;;,
      19;3; 0.000000, 0.000000, 0.000000;;,
      20;3; 0.000000, 0.000000, 0.000000;;,
      21;3; 0.000000, 0.000000, 0.000000;;,
      22;3; 0.000000, 0.000000, 0.000000;;,
      23;3; 0.000000, 0.000000, 0.000000;;,
      24;3; 0.000000, 0.000000, 0.000000;;,
      25;3; 0.000000, 0.000000, 0.000000;;;
    }
  }
  Animation {
    {Armature_Body}
    AnimationKey { // Rotation
      0;
      26;
      0;4;-0.036887,-0.706148, 0.036887,-0.706140;;,
      1;4;-0.060499,-0.707073, 0.007509,-0.704508;;,
      2;4;-0.115482,-0.705123,-0.053013,-0.697606;;,
      3;4;-0.169334,-0.698227,-0.111751,-0.686525;;,
      4;4;-0.190959,-0.693811,-0.136511,-0.680827;;,
      5;4;-0.149756,-0.700616,-0.095634,-0.691060;;,
      6;4; 0.212720,-0.655738, 0.264604,-0.674346;;,
      7;4; 0.695153,-0.074512, 0.703170,-0.129473;;,
      8;4; 0.315378, 0.655925, 0.264137, 0.632875;;,
      9;4;-0.450805, 0.506694,-0.493216, 0.544770;;,
      10;4;-0.690754, 0.094175,-0.700807, 0.151195;;,
      11;4;-0.705375,-0.108014,-0.698808,-0.049455;;,
      12;4;-0.670543,-0.280560,-0.649065,-0.224439;;,
      13;4;-0.604522,-0.417844,-0.570443,-0.366816;;,
      14;4;-0.522604,-0.520754,-0.478347,-0.476325;;,
      15;4;-0.436205,-0.593749,-0.384012,-0.556527;;,
      16;4;-0.353047,-0.642714,-0.294828,-0.612660;;,
      17;4;-0.277813,-0.673599,-0.215106,-0.650241;;,
      18;4;-0.212927,-0.691682,-0.146915,-0.674280;;,
      19;4;-0.159265,-0.701256,-0.090826,-0.688931;;,
      20;4;-0.116708,-0.705584,-0.046479,-0.697403;;,
      21;4;-0.084542,-0.706994,-0.012987,-0.702029;;,
      22;4;-0.061723,-0.707030, 0.010805,-0.704402;;,
      23;4;-0.047041,-0.706627, 0.026172,-0.705536;;,
      24;4;-0.039203,-0.706272, 0.034427,-0.706015;;,
      25;4;-0.036888,-0.706148, 0.036887,-0.706140;;;
    }
    AnimationKey { // Scale
      1;
      26;
      0;3; 1.000000, 1.000000, 0.999989;;,
      1;3; 1.000000, 1.000000, 0.999989;;,
      2;3; 1.000000, 0.999999, 0.999990;;,
      3;3; 1.000000, 0.999998, 0.999991;;,
      4;3; 1.000000, 0.999997, 0.999992;;,
      5;3; 1.000000, 0.999998, 0.999990;;,
      6;3; 1.000000, 0.999996, 0.999993;;,
      7;3; 1.000000, 0.999999, 0.999990;;,
      8;3; 1.000000, 0.999993, 0.999996;;,
      9;3; 1.000000, 0.999989, 1.000000;;,
      10;3; 1.000000, 0.999998, 0.999991;;,
      11;3; 1.000000, 0.999999, 0.999989;;,
      12;3; 1.000000, 0.999996, 0.999994;;,
      13;3; 1.000000, 0.999991, 0.999998;;,
      14;3; 1.000000, 0.999989, 1.000000;;,
      15;3; 1.000000, 0.999990, 0.999999;;,
      16;3; 1.000000, 0.999992, 0.999997;;,
      17;3; 1.000000, 0.999995, 0.999994;;,
      18;3; 1.000000, 0.999997, 0.999992;;,
      19;3; 1.000000, 0.999998, 0.999991;;,
      20;3; 1.000000, 0.999999, 0.999990;;,
      21;3; 1.000000, 0.999999, 0.999989;;,
      22;3; 1.000000, 1.000000, 0.999989;;,
      23;3; 1.000000, 1.000000, 0.999989;;,
      24;3; 1.000000, 1.000000, 0.999989;;,
      25;3; 1.000000, 1.000000, 0.999989;;;
    }
    AnimationKey { // Position
      2;
      26;
      0;3; 0.000000,56.922386,13.463865;;,
      1;3;-3.292562,58.549786,13.463864;;,
      2;3;-10.452759,61.638271,13.463863;;,
      3;3;-17.332012,64.512253,13.463862;;,
      4;3;-20.156782,67.698433,13.463862;;,
      5;3;-15.163749,72.002426,13.463862;;,
      6;3;30.533247,46.280487,13.463871;;,
      7;3;12.448217,-77.623619,13.463867;;,
      8;3;-35.358788,-48.315758,13.463861;;,
      9;3;49.254089,-120.460167,13.463874;;,
      10;3;15.163748,-188.904694,13.463868;;,
      11;3;-12.824401,-187.556854,13.463865;;,
      12;3;-34.312649,-169.659027,13.463861;;,
      13;3;-45.980804,-142.796204,13.463860;;,
      14;3;-48.694389,-113.179420,13.463858;;,
      15;3;-45.148888,-84.577080,13.463860;;,
      16;3;-38.203823,-58.659531,13.463860;;,
      17;3;-30.095346,-35.791618,13.463861;;,
      18;3;-22.261375,-15.744720,13.463862;;,
      19;3;-15.465443, 1.837761,13.463863;;,
      20;3;-10.005374,17.204563,13.463864;;,
      21;3;-5.902158,30.413399,13.463864;;,
      22;3;-3.035009,41.331184,13.463864;;,
      23;3;-1.224339,49.668682,13.463865;;,
      24;3;-0.275829,55.024036,13.463865;;,
      25;3; 0.000000,56.922386,13.463865;;;
    }
  }
  Animation {
    {Armature_Spine01}
    AnimationKey { // Rotation
      0;
      26;
      0;4;-0.995712,-0.000000,-0.000000,-0.092510;;,
      1;4;-0.995226,-0.000000,-0.000000,-0.097601;;,
      2;4;-0.993962,-0.000000,-0.000000,-0.109729;;,
      3;4;-0.992259, 0.000000,-0.000000,-0.124184;;,
      4;4;-0.990671, 0.000000,-0.000000,-0.136274;;,
      5;4;-0.989961,-0.000000,-0.000000,-0.141338;;,
      6;4;-0.995712,-0.000000,-0.000000,-0.092510;;,
      7;4;-0.995712,-0.000000,-0.000000,-0.092510;;,
      8;4;-0.995712,-0.000000,-0.000000,-0.092510;;,
      9;4;-0.995712,-0.000000,-0.000000,-0.092510;;,
      10;4;-0.995712, 0.000000,-0.000000,-0.092510;;,
      11;4;-0.995712,-0.000000,-0.000000,-0.092510;;,
      12;4;-0.995712,-0.000000,-0.000000,-0.092510;;,
      13;4;-0.995712,-0.000000,-0.000000,-0.092510;;,
      14;4;-0.995712,-0.000000,-0.000000,-0.092510;;,
      15;4;-0.995712,-0.000000,-0.000000,-0.092510;;,
      16;4;-0.995712, 0.000000,-0.000000,-0.092510;;,
      17;4;-0.995712,-0.000000,-0.000000,-0.092510;;,
      18;4;-0.995712, 0.000000,-0.000000,-0.092510;;,
      19;4;-0.995712,-0.000000,-0.000000,-0.092510;;,
      20;4;-0.995712,-0.000000,-0.000000,-0.092510;;,
      21;4;-0.995712,-0.000000,-0.000000,-0.092510;;,
      22;4;-0.995712,-0.000000,-0.000000,-0.092510;;,
      23;4;-0.995712,-0.000000,-0.000000,-0.092510;;,
      24;4;-0.995712,-0.000000,-0.000000,-0.092510;;,
      25;4;-0.995712,-0.000000,-0.000000,-0.092510;;;
    }
    AnimationKey { // Scale
      1;
      26;
      0;3; 1.000000, 1.000000, 1.000000;;,
      1;3; 1.000000, 1.000000, 1.000000;;,
      2;3; 1.000000, 1.000000, 1.000000;;,
      3;3; 1.000000, 1.000000, 1.000000;;,
      4;3; 1.000000, 1.000000, 1.000000;;,
      5;3; 1.000000, 1.000000, 1.000000;;,
      6;3; 1.000000, 1.000000, 1.000000;;,
      7;3; 1.000000, 1.000000, 1.000000;;,
      8;3; 1.000000, 1.000000, 1.000000;;,
      9;3; 1.000000, 1.000000, 1.000000;;,
      10;3; 1.000000, 1.000000, 1.000000;;,
      11;3; 1.000000, 1.000000, 1.000000;;,
      12;3; 1.000000, 1.000000, 1.000000;;,
      13;3; 1.000000, 1.000000, 1.000000;;,
      14;3; 1.000000, 1.000000, 1.000000;;,
      15;3; 1.000000, 1.000000, 1.000000;;,
      16;3; 1.000000, 1.000000, 1.000000;;,
      17;3; 1.000000, 1.000000, 1.000000;;,
      18;3; 1.000000, 1.000000, 1.000000;;,
      19;3; 1.000000, 1.000000, 1.000000;;,
      20;3; 1.000000, 1.000000, 1.000000;;,
      21;3; 1.000000, 1.000000, 1.000000;;,
      22;3; 1.000000, 1.000000, 1.000000;;,
      23;3; 1.000000, 1.000000, 1.000000;;,
      24;3; 1.000000, 1.000000, 1.000000;;,
      25;3; 1.000000, 1.000000, 1.000000;;;
    }
    AnimationKey { // Position
      2;
      26;
      0;3;-0.146941,29.933632, 0.000000;;,
      1;3;-0.209629,29.335249, 0.000000;;,
      2;3;-0.267559,28.782278, 0.000000;;,
      3;3;-0.322450,28.258322, 0.000001;;,
      4;3;-0.376023,27.746933,-0.000001;;,
      5;3;-0.429995,27.231750, 0.000000;;,
      6;3;-0.475417,26.798189,-0.000001;;,
      7;3;-0.511856,26.450348,-0.000002;;,
      8;3;-0.551657,26.070448,-0.000004;;,
      9;3;-0.588234,25.721296, 0.000008;;,
      10;3;-0.615006,25.465736,-0.000003;;,
      11;3;-0.625395,25.366589, 0.000003;;,
      12;3;-0.618421,25.433151,-0.000005;;,
      13;3;-0.598892,25.619564, 0.000001;;,
      14;3;-0.568902,25.905846,-0.000011;;,
      15;3;-0.530541,26.271999, 0.000005;;,
      16;3;-0.485904,26.698086, 0.000014;;,
      17;3;-0.437081,27.164114, 0.000000;;,
      18;3;-0.386168,27.650105, 0.000002;;,
      19;3;-0.335253,28.136105, 0.000001;;,
      20;3;-0.286433,28.602127, 0.000001;;,
      21;3;-0.241795,29.028208, 0.000000;;,
      22;3;-0.203434,29.394377,-0.000000;;,
      23;3;-0.173446,29.680645,-0.000000;;,
      24;3;-0.153916,29.867056,-0.000000;;,
      25;3;-0.146941,29.933628, 0.000000;;;
    }
  }
  Animation {
    {Armature_Spine02}
    AnimationKey { // Rotation
      0;
      26;
      0;4;-0.991947,-0.000000,-0.000000,-0.126654;;,
      1;4;-0.991947,-0.000000,-0.000000,-0.126654;;,
      2;4;-0.991947,-0.000000,-0.000000,-0.126654;;,
      3;4;-0.991947,-0.000000,-0.000000,-0.126654;;,
      4;4;-0.991947,-0.000000,-0.000000,-0.126654;;,
      5;4;-0.991947,-0.000000,-0.000000,-0.126654;;,
      6;4;-0.991947,-0.000000,-0.000000,-0.126654;;,
      7;4;-0.991947,-0.000000,-0.000000,-0.126654;;,
      8;4;-0.991947,-0.000000,-0.000000,-0.126654;;,
      9;4;-0.991947,-0.000000,-0.000000,-0.126654;;,
      10;4;-0.991947,-0.000000,-0.000000,-0.126654;;,
      11;4;-0.991947,-0.000000,-0.000000,-0.126654;;,
      12;4;-0.991947,-0.000000,-0.000000,-0.126654;;,
      13;4;-0.991947,-0.000000,-0.000000,-0.126654;;,
      14;4;-0.991947,-0.000000,-0.000000,-0.126654;;,
      15;4;-0.991947,-0.000000,-0.000000,-0.126654;;,
      16;4;-0.991947,-0.000000,-0.000000,-0.126654;;,
      17;4;-0.991947,-0.000000,-0.000000,-0.126654;;,
      18;4;-0.991947,-0.000000,-0.000000,-0.126654;;,
      19;4;-0.991947,-0.000000,-0.000000,-0.126654;;,
      20;4;-0.991947,-0.000000,-0.000000,-0.126654;;,
      21;4;-0.991947,-0.000000,-0.000000,-0.126654;;,
      22;4;-0.991947,-0.000000,-0.000000,-0.126654;;,
      23;4;-0.991947,-0.000000,-0.000000,-0.126654;;,
      24;4;-0.991947,-0.000000,-0.000000,-0.126654;;,
      25;4;-0.991947,-0.000000,-0.000000,-0.126654;;;
    }
    AnimationKey { // Scale
      1;
      26;
      0;3; 1.000000, 1.000000, 1.000000;;,
      1;3; 1.000000, 1.000000, 1.000000;;,
      2;3; 1.000000, 1.000000, 1.000000;;,
      3;3; 1.000000, 1.000000, 1.000000;;,
      4;3; 1.000000, 1.000000, 1.000000;;,
      5;3; 1.000000, 1.000000, 1.000000;;,
      6;3; 1.000000, 1.000000, 1.000000;;,
      7;3; 1.000000, 1.000000, 1.000000;;,
      8;3; 1.000000, 1.000000, 1.000000;;,
      9;3; 1.000000, 1.000000, 1.000000;;,
      10;3; 1.000000, 1.000000, 1.000000;;,
      11;3; 1.000000, 1.000000, 1.000000;;,
      12;3; 1.000000, 1.000000, 1.000000;;,
      13;3; 1.000000, 1.000000, 1.000000;;,
      14;3; 1.000000, 1.000000, 1.000000;;,
      15;3; 1.000000, 1.000000, 1.000000;;,
      16;3; 1.000000, 1.000000, 1.000000;;,
      17;3; 1.000000, 1.000000, 1.000000;;,
      18;3; 1.000000, 1.000000, 1.000000;;,
      19;3; 1.000000, 1.000000, 1.000000;;,
      20;3; 1.000000, 1.000000, 1.000000;;,
      21;3; 1.000000, 1.000000, 1.000000;;,
      22;3; 1.000000, 1.000000, 1.000000;;,
      23;3; 1.000000, 1.000000, 1.000000;;,
      24;3; 1.000000, 1.000000, 1.000000;;,
      25;3; 1.000000, 1.000000, 1.000000;;;
    }
    AnimationKey { // Position
      2;
      26;
      0;3; 0.113975,31.649040, 0.000000;;,
      1;3; 0.156752,31.121450, 0.000000;;,
      2;3; 0.204546,30.532019, 0.000000;;,
      3;3; 0.253125,29.932861,-0.000001;;,
      4;3; 0.298268,29.376120,-0.000001;;,
      5;3; 0.335742,28.913902,-0.000000;;,
      6;3; 0.361329,28.598352,-0.000000;;,
      7;3; 0.370796,28.481586, 0.000000;;,
      8;3; 0.345194,28.797342, 0.000003;;,
      9;3; 0.284032,29.551683,-0.000011;;,
      10;3; 0.210774,30.455189, 0.000002;;,
      11;3; 0.148886,31.218502,-0.000003;;,
      12;3; 0.121835,31.552113,-0.000010;;,
      13;3; 0.120156,31.572821,-0.000010;;,
      14;3; 0.118736,31.590330,-0.000004;;,
      15;3; 0.117551,31.604933,-0.000020;;,
      16;3; 0.116583,31.616886, 0.000000;;,
      17;3; 0.115806,31.626450, 0.000000;;,
      18;3; 0.115200,31.633917, 0.000001;;,
      19;3; 0.114748,31.639511, 0.000001;;,
      20;3; 0.114423,31.643524, 0.000001;;,
      21;3; 0.114203,31.646221, 0.000000;;,
      22;3; 0.114073,31.647850, 0.000000;;,
      23;3; 0.114003,31.648693, 0.000000;;,
      24;3; 0.113979,31.648994, 0.000000;;,
      25;3; 0.113975,31.649042, 0.000000;;;
    }
  }
  Animation {
    {Armature_Head}
    AnimationKey { // Rotation
      0;
      26;
      0;4;-0.998606, 0.000000, 0.000000, 0.052788;;,
      1;4;-0.998606, 0.000000, 0.000000, 0.052788;;,
      2;4;-0.998606, 0.000000, 0.000000, 0.052788;;,
      3;4;-0.998606,-0.000000, 0.000000, 0.052788;;,
      4;4;-0.998606, 0.000000, 0.000000, 0.052788;;,
      5;4;-0.998606, 0.000000, 0.000000, 0.052788;;,
      6;4;-0.998606, 0.000000, 0.000000, 0.052788;;,
      7;4;-0.998606, 0.000000, 0.000000, 0.052788;;,
      8;4;-0.998606, 0.000000, 0.000000, 0.052788;;,
      9;4;-0.998606, 0.000000, 0.000000, 0.052788;;,
      10;4;-0.998606, 0.000000, 0.000000, 0.052788;;,
      11;4;-0.998606, 0.000000, 0.000000, 0.052788;;,
      12;4;-0.998606, 0.000000, 0.000000, 0.052788;;,
      13;4;-0.998606,-0.000000, 0.000000, 0.052788;;,
      14;4;-0.998606, 0.000000, 0.000000, 0.052788;;,
      15;4;-0.998606, 0.000000, 0.000000, 0.052788;;,
      16;4;-0.998606, 0.000000, 0.000000, 0.052788;;,
      17;4;-0.998606, 0.000000, 0.000000, 0.052788;;,
      18;4;-0.998606, 0.000000, 0.000000, 0.052788;;,
      19;4;-0.998606, 0.000000, 0.000000, 0.052788;;,
      20;4;-0.998606, 0.000000, 0.000000, 0.052788;;,
      21;4;-0.998606, 0.000000, 0.000000, 0.052788;;,
      22;4;-0.998606, 0.000000, 0.000000, 0.052788;;,
      23;4;-0.998606, 0.000000, 0.000000, 0.052788;;,
      24;4;-0.998606, 0.000000, 0.000000, 0.052788;;,
      25;4;-0.998606, 0.000000, 0.000000, 0.052788;;;
    }
    AnimationKey { // Scale
      1;
      26;
      0;3; 1.000000, 1.000000, 1.000000;;,
      1;3; 1.000000, 1.000000, 1.000000;;,
      2;3; 1.000000, 1.000000, 1.000000;;,
      3;3; 1.000000, 1.000000, 1.000000;;,
      4;3; 1.000000, 1.000000, 1.000000;;,
      5;3; 1.000000, 1.000000, 1.000000;;,
      6;3; 1.000000, 1.000000, 1.000000;;,
      7;3; 1.000000, 1.000000, 1.000000;;,
      8;3; 1.000000, 1.000000, 1.000000;;,
      9;3; 1.000000, 1.000000, 1.000000;;,
      10;3; 1.000000, 1.000000, 1.000000;;,
      11;3; 1.000000, 1.000000, 1.000000;;,
      12;3; 1.000000, 1.000000, 1.000000;;,
      13;3; 1.000000, 1.000000, 1.000000;;,
      14;3; 1.000000, 1.000000, 1.000000;;,
      15;3; 1.000000, 1.000000, 1.000000;;,
      16;3; 1.000000, 1.000000, 1.000000;;,
      17;3; 1.000000, 1.000000, 1.000000;;,
      18;3; 1.000000, 1.000000, 1.000000;;,
      19;3; 1.000000, 1.000000, 1.000000;;,
      20;3; 1.000000, 1.000000, 1.000000;;,
      21;3; 1.000000, 1.000000, 1.000000;;,
      22;3; 1.000000, 1.000000, 1.000000;;,
      23;3; 1.000000, 1.000000, 1.000000;;,
      24;3; 1.000000, 1.000000, 1.000000;;,
      25;3; 1.000000, 1.000000, 1.000000;;;
    }
    AnimationKey { // Position
      2;
      26;
      0;3; 0.463521,25.265734,-0.000000;;,
      1;3; 0.637083,24.767004,-0.000000;;,
      2;3; 0.809425,24.271772,-0.000001;;,
      3;3; 0.968519,23.814606,-0.000001;;,
      4;3; 1.102332,23.430079,-0.000004;;,
      5;3; 1.214879,23.106680,-0.000001;;,
      6;3; 1.310163,22.832872, 0.000002;;,
      7;3; 1.376156,22.643234, 0.000002;;,
      8;3; 1.400831,22.572334, 0.000004;;,
      9;3; 1.285072,22.904976, 0.000009;;,
      10;3; 1.009034,23.698183, 0.000003;;,
      11;3; 0.679569,24.644934, 0.000001;;,
      12;3; 0.403526,25.438137, 0.000012;;,
      13;3; 0.287767,25.770771, 0.000003;;,
      14;3; 0.291230,25.760832, 0.000007;;,
      15;3; 0.300785,25.733360, 0.000012;;,
      16;3; 0.315229,25.691858, 0.000013;;,
      17;3; 0.333332,25.639828, 0.000002;;,
      18;3; 0.353881,25.580801, 0.000000;;,
      19;3; 0.375641,25.518250,-0.000007;;,
      20;3; 0.397410,25.455711, 0.000000;;,
      21;3; 0.417953,25.396671,-0.000000;;,
      22;3; 0.436061,25.344648,-0.000000;;,
      23;3; 0.450503,25.303141,-0.000000;;,
      24;3; 0.460065,25.275669,-0.000000;;,
      25;3; 0.463521,25.265734,-0.000000;;;
    }
  }
  Animation {
    {Armature_Eyeball}
    AnimationKey { // Rotation
      0;
      26;
      0;4;-0.553910, 0.553910,-0.439527,-0.439526;;,
      1;4;-0.553910, 0.553910,-0.439527,-0.439526;;,
      2;4;-0.553910, 0.553910,-0.439527,-0.439526;;,
      3;4;-0.553910, 0.553910,-0.439527,-0.439526;;,
      4;4;-0.553910, 0.553910,-0.439527,-0.439526;;,
      5;4;-0.553910, 0.553910,-0.439527,-0.439526;;,
      6;4;-0.553910, 0.553910,-0.439527,-0.439527;;,
      7;4;-0.553910, 0.553910,-0.439527,-0.439526;;,
      8;4;-0.553910, 0.553910,-0.439527,-0.439526;;,
      9;4;-0.553910, 0.553910,-0.439527,-0.439526;;,
      10;4;-0.553910, 0.553910,-0.439527,-0.439526;;,
      11;4;-0.553910, 0.553910,-0.439527,-0.439526;;,
      12;4;-0.553910, 0.553910,-0.439527,-0.439527;;,
      13;4;-0.553910, 0.553910,-0.439527,-0.439526;;,
      14;4;-0.553910, 0.553910,-0.439527,-0.439526;;,
      15;4;-0.553910, 0.553910,-0.439527,-0.439526;;,
      16;4;-0.553910, 0.553910,-0.439527,-0.439526;;,
      17;4;-0.553910, 0.553910,-0.439527,-0.439526;;,
      18;4;-0.553910, 0.553910,-0.439527,-0.439526;;,
      19;4;-0.553910, 0.553910,-0.439527,-0.439526;;,
      20;4;-0.553910, 0.553910,-0.439527,-0.439526;;,
      21;4;-0.553910, 0.553910,-0.439527,-0.439526;;,
      22;4;-0.553910, 0.553910,-0.439527,-0.439526;;,
      23;4;-0.553910, 0.553910,-0.439527,-0.439526;;,
      24;4;-0.553910, 0.553910,-0.439527,-0.439526;;,
      25;4;-0.553910, 0.553910,-0.439527,-0.439526;;;
    }
    AnimationKey { // Scale
      1;
      26;
      0;3; 1.000000, 1.000000, 1.000000;;,
      1;3; 1.000000, 1.000000, 1.000000;;,
      2;3; 1.000000, 1.000000, 1.000000;;,
      3;3; 1.000000, 1.000000, 1.000000;;,
      4;3; 1.000000, 1.000000, 1.000000;;,
      5;3; 1.000000, 1.000000, 1.000000;;,
      6;3; 1.000000, 1.000000, 1.000000;;,
      7;3; 1.000000, 1.000000, 1.000000;;,
      8;3; 1.000000, 1.000000, 1.000000;;,
      9;3; 1.000000, 1.000000, 1.000000;;,
      10;3; 1.000000, 1.000000, 1.000000;;,
      11;3; 1.000000, 1.000000, 1.000000;;,
      12;3; 1.000000, 1.000000, 1.000000;;,
      13;3; 1.000000, 1.000000, 1.000000;;,
      14;3; 1.000000, 1.000000, 1.000000;;,
      15;3; 1.000000, 1.000000, 1.000000;;,
      16;3; 1.000000, 1.000000, 1.000000;;,
      17;3; 1.000000, 1.000000, 1.000000;;,
      18;3; 1.000000, 1.000000, 1.000000;;,
      19;3; 1.000000, 1.000000, 1.000000;;,
      20;3; 1.000000, 1.000000, 1.000000;;,
      21;3; 1.000000, 1.000000, 1.000000;;,
      22;3; 1.000000, 1.000000, 1.000000;;,
      23;3; 1.000000, 1.000000, 1.000000;;,
      24;3; 1.000000, 1.000000, 1.000000;;,
      25;3; 1.000000, 1.000000, 1.000000;;;
    }
    AnimationKey { // Position
      2;
      26;
      0;3;-0.000001,13.390950,-0.000000;;,
      1;3;-0.000002,13.390953,-0.000000;;,
      2;3; 0.000000,13.390948, 0.000001;;,
      3;3; 0.000003,13.390953, 0.000002;;,
      4;3;-0.000001,13.390953, 0.000003;;,
      5;3; 0.000002,13.390951, 0.000001;;,
      6;3; 0.000002,13.390950, 0.000000;;,
      7;3;-0.000002,13.390950,-0.000000;;,
      8;3; 0.000000,13.390938,-0.000000;;,
      9;3;-0.000001,13.390947, 0.000001;;,
      10;3; 0.000002,13.390953,-0.000002;;,
      11;3; 0.000006,13.390940,-0.000001;;,
      12;3; 0.000001,13.390941,-0.000003;;,
      13;3;-0.000003,13.390947,-0.000002;;,
      14;3;-0.000003,13.390949,-0.000012;;,
      15;3; 0.000000,13.390938,-0.000003;;,
      16;3;-0.000001,13.390947,-0.000009;;,
      17;3; 0.000004,13.390945,-0.000001;;,
      18;3; 0.000002,13.390947, 0.000003;;,
      19;3;-0.000002,13.390963, 0.000003;;,
      20;3; 0.000000,13.390951,-0.000001;;,
      21;3;-0.000003,13.390942, 0.000000;;,
      22;3;-0.000001,13.390952,-0.000000;;,
      23;3; 0.000000,13.390947,-0.000000;;,
      24;3;-0.000002,13.390951,-0.000000;;,
      25;3;-0.000002,13.390950,-0.000000;;;
    }
  }
  Animation {
    {Armature_UpperCover}
    AnimationKey { // Rotation
      0;
      26;
      0;4;-0.553910, 0.553910,-0.439527,-0.439526;;,
      1;4;-0.520224, 0.520223,-0.478923,-0.478923;;,
      2;4;-0.420913, 0.420912,-0.568184,-0.568183;;,
      3;4;-0.308843, 0.308843,-0.636095,-0.636094;;,
      4;4;-0.264006, 0.264006,-0.655973,-0.655973;;,
      5;4;-0.308843, 0.308843,-0.636095,-0.636094;;,
      6;4;-0.420913, 0.420912,-0.568184,-0.568183;;,
      7;4;-0.520224, 0.520223,-0.478923,-0.478923;;,
      8;4;-0.553910, 0.553910,-0.439527,-0.439526;;,
      9;4;-0.553910, 0.553910,-0.439527,-0.439526;;,
      10;4;-0.553910, 0.553910,-0.439527,-0.439526;;,
      11;4;-0.553910, 0.553910,-0.439527,-0.439526;;,
      12;4;-0.553910, 0.553910,-0.439527,-0.439527;;,
      13;4;-0.553910, 0.553910,-0.439527,-0.439526;;,
      14;4;-0.553910, 0.553910,-0.439527,-0.439526;;,
      15;4;-0.553910, 0.553910,-0.439527,-0.439526;;,
      16;4;-0.553910, 0.553910,-0.439527,-0.439526;;,
      17;4;-0.553910, 0.553910,-0.439527,-0.439526;;,
      18;4;-0.553910, 0.553910,-0.439527,-0.439526;;,
      19;4;-0.553910, 0.553910,-0.439527,-0.439526;;,
      20;4;-0.553910, 0.553910,-0.439527,-0.439526;;,
      21;4;-0.553910, 0.553910,-0.439527,-0.439526;;,
      22;4;-0.553910, 0.553910,-0.439527,-0.439526;;,
      23;4;-0.553910, 0.553910,-0.439527,-0.439526;;,
      24;4;-0.553910, 0.553910,-0.439527,-0.439526;;,
      25;4;-0.553910, 0.553910,-0.439527,-0.439526;;;
    }
    AnimationKey { // Scale
      1;
      26;
      0;3; 1.000000, 1.000000, 1.000000;;,
      1;3; 1.000000, 1.000000, 1.000000;;,
      2;3; 1.000000, 1.000000, 1.000000;;,
      3;3; 1.000000, 1.000000, 1.000000;;,
      4;3; 1.000000, 1.000000, 1.000000;;,
      5;3; 1.000000, 1.000000, 1.000000;;,
      6;3; 1.000000, 1.000000, 1.000000;;,
      7;3; 1.000000, 1.000000, 1.000000;;,
      8;3; 1.000000, 1.000000, 1.000000;;,
      9;3; 1.000000, 1.000000, 1.000000;;,
      10;3; 1.000000, 1.000000, 1.000000;;,
      11;3; 1.000000, 1.000000, 1.000000;;,
      12;3; 1.000000, 1.000000, 1.000000;;,
      13;3; 1.000000, 1.000000, 1.000000;;,
      14;3; 1.000000, 1.000000, 1.000000;;,
      15;3; 1.000000, 1.000000, 1.000000;;,
      16;3; 1.000000, 1.000000, 1.000000;;,
      17;3; 1.000000, 1.000000, 1.000000;;,
      18;3; 1.000000, 1.000000, 1.000000;;,
      19;3; 1.000000, 1.000000, 1.000000;;,
      20;3; 1.000000, 1.000000, 1.000000;;,
      21;3; 1.000000, 1.000000, 1.000000;;,
      22;3; 1.000000, 1.000000, 1.000000;;,
      23;3; 1.000000, 1.000000, 1.000000;;,
      24;3; 1.000000, 1.000000, 1.000000;;,
      25;3; 1.000000, 1.000000, 1.000000;;;
    }
    AnimationKey { // Position
      2;
      26;
      0;3;-0.000001,13.390950,-0.000000;;,
      1;3;-0.000002,13.390953,-0.000000;;,
      2;3; 0.000000,13.390948, 0.000001;;,
      3;3; 0.000003,13.390953, 0.000002;;,
      4;3;-0.000001,13.390953, 0.000003;;,
      5;3; 0.000002,13.390951, 0.000001;;,
      6;3; 0.000002,13.390950, 0.000000;;,
      7;3;-0.000002,13.390950,-0.000000;;,
      8;3; 0.000000,13.390938,-0.000000;;,
      9;3;-0.000001,13.390947, 0.000001;;,
      10;3; 0.000002,13.390953,-0.000002;;,
      11;3; 0.000006,13.390940,-0.000001;;,
      12;3; 0.000001,13.390941,-0.000003;;,
      13;3;-0.000003,13.390947,-0.000002;;,
      14;3;-0.000003,13.390949,-0.000012;;,
      15;3; 0.000000,13.390938,-0.000003;;,
      16;3;-0.000001,13.390947,-0.000009;;,
      17;3; 0.000004,13.390945,-0.000001;;,
      18;3; 0.000002,13.390947, 0.000003;;,
      19;3;-0.000002,13.390963, 0.000003;;,
      20;3; 0.000000,13.390951,-0.000001;;,
      21;3;-0.000003,13.390942, 0.000000;;,
      22;3;-0.000001,13.390952,-0.000000;;,
      23;3; 0.000000,13.390947,-0.000000;;,
      24;3;-0.000002,13.390951,-0.000000;;,
      25;3;-0.000002,13.390950,-0.000000;;;
    }
  }
  Animation {
    {Armature_BottomCover}
    AnimationKey { // Rotation
      0;
      26;
      0;4;-0.458602, 0.458602,-0.538223,-0.538223;;,
      1;4;-0.486844, 0.486844,-0.512819,-0.512819;;,
      2;4;-0.537608, 0.537608,-0.459323,-0.459323;;,
      3;4;-0.568801, 0.568801,-0.420078,-0.420077;;,
      4;4;-0.580668, 0.580667,-0.403516,-0.403516;;,
      5;4;-0.571039, 0.571038,-0.417031,-0.417031;;,
      6;4;-0.546008, 0.546008,-0.449306,-0.449305;;,
      7;4;-0.501227, 0.501226,-0.498771,-0.498770;;,
      8;4;-0.458602, 0.458602,-0.538223,-0.538223;;,
      9;4;-0.432664, 0.432664,-0.559287,-0.559287;;,
      10;4;-0.412621, 0.412620,-0.574234,-0.574233;;,
      11;4;-0.398734, 0.398734,-0.583962,-0.583961;;,
      12;4;-0.390698, 0.390697,-0.589369,-0.589369;;,
      13;4;-0.388091, 0.388090,-0.591089,-0.591088;;,
      14;4;-0.389419, 0.389418,-0.590215,-0.590214;;,
      15;4;-0.393118, 0.393118,-0.587757,-0.587757;;,
      16;4;-0.398777, 0.398777,-0.583933,-0.583932;;,
      17;4;-0.405969, 0.405969,-0.578956,-0.578955;;,
      18;4;-0.414232, 0.414232,-0.573073,-0.573072;;,
      19;4;-0.423062, 0.423061,-0.566586,-0.566585;;,
      20;4;-0.431924, 0.431924,-0.559859,-0.559859;;,
      21;4;-0.440280, 0.440280,-0.553312,-0.553311;;,
      22;4;-0.447607, 0.447607,-0.547401,-0.547401;;,
      23;4;-0.453412, 0.453411,-0.542603,-0.542603;;,
      24;4;-0.457228, 0.457228,-0.539391,-0.539391;;,
      25;4;-0.458602, 0.458602,-0.538223,-0.538223;;;
    }
    AnimationKey { // Scale
      1;
      26;
