xof 0303txt 0032

Frame Root {
  FrameTransformMatrix {
     1.000000, 0.000000, 0.000000, 0.000000,
     0.000000,-0.000000,-1.000000, 0.000000,
     0.000000, 1.000000,-0.000000, 0.000000,
     0.000000, 0.000000, 0.000000, 1.000000;;
  }
  Frame Armature {
    FrameTransformMatrix {
       0.010000, 0.000000, 0.000000, 0.000000,
       0.000000, 0.010000, 0.000000, 0.000000,
       0.000000, 0.000000, 0.010000, 0.000000,
       0.000000, 0.000000, 0.000000, 1.000000;;
    }
    Frame Armature_Body {
      FrameTransformMatrix {
        -0.000000,-0.104192, 0.994557, 0.000000,
        -0.000000,-0.994557,-0.104192, 0.000000,
         0.999989, 0.000001, 0.000000, 0.000000,
         0.000000,56.922386,13.463865, 1.000000;;
      }
      Frame Armature_Spine01 {
        FrameTransformMatrix {
           0.982884,-0.184227, 0.000000, 0.000000,
           0.184227, 0.982884, 0.000000, 0.000000,
          -0.000000, 0.000000, 1.000000, 0.000000,
           0.000001,31.336260,-0.000000, 1.000000;;
        }
        Frame Armature_Shell {
          FrameTransformMatrix {
            -0.089122, 0.996021,-0.000001, 0.000000,
             0.996021, 0.089122,-0.000000, 0.000000,
            -0.000000,-0.000001,-1.000000, 0.000000,
            37.512909,14.992228,-0.000006, 1.000000;;
          }
          Frame Armature_HornL01 {
            FrameTransformMatrix {
              -0.999983,-0.003934,-0.004219, 0.000000,
               0.000079, 0.721943,-0.691953, 0.000000,
               0.005768,-0.691942,-0.721930, 0.000000,
               1.772913,22.098843,-21.630371, 1.000000;;
            }
            Frame Armature_HornLTip01 {
              FrameTransformMatrix {
                 0.999981,-0.006097,-0.000000, 0.000000,
                 0.004219, 0.691953, 0.721931, 0.000000,
                -0.004401,-0.721917, 0.691966, 0.000000,
                 0.000000,26.061644,-0.000005, 1.000000;;
              }
            } // End of Armature_HornLTip01
          } // End of Armature_HornL01
          Frame Armature_HornL02 {
            FrameTransformMatrix {
              -0.863740, 0.261626,-0.430703, 0.000000,
               0.503888, 0.460365,-0.730863, 0.000000,
               0.007067,-0.848302,-0.529466, 0.000000,
              24.946095, 5.954980,-32.448830, 1.000000;;
            }
            Frame Armature_HornLTip02 {
              FrameTransformMatrix {
                 0.861529,-0.507708, 0.000005, 0.000000,
                 0.430702, 0.730863, 0.529466, 0.000000,
                -0.268818,-0.456149, 0.848331, 0.000000,
                -0.000002,22.917961,-0.000002, 1.000000;;
              }
            } // End of Armature_HornLTip02
          } // End of Armature_HornL02
          Frame Armature_HornL03 {
            FrameTransformMatrix {
              -0.825636,-0.306001, 0.474013, 0.000000,
              -0.564159, 0.437253,-0.700382, 0.000000,
               0.007054,-0.845679,-0.533645, 0.000000,
              -25.218187, 6.419462,-31.772219, 1.000000;;
            }
            Frame Armature_HornLTip03 {
              FrameTransformMatrix {
                 0.828158, 0.560494,-0.000004, 0.000000,
                -0.474013, 0.700382, 0.533645, 0.000000,
                 0.299108,-0.441940, 0.845709, 0.000000,
                -0.000001,21.928827,-0.000002, 1.000000;;
              }
            } // End of Armature_HornLTip03
          } // End of Armature_HornL03
          Frame Armature_HornL04 {
            FrameTransformMatrix {
              -0.999925,-0.010402, 0.006519, 0.000000,
              -0.009356, 0.302043,-0.953249, 0.000000,
               0.007946,-0.953238,-0.302117, 0.000000,
               3.628018,-10.459241,-42.497318, 1.000000;;
            }
            Frame Armature_HornLTip04 {
              FrameTransformMatrix {
                 0.999977, 0.006838,-0.000000, 0.000000,
                -0.006518, 0.953248, 0.302117, 0.000000,
                 0.002066,-0.302110, 0.953270, 0.000000,
                 0.000002,25.214075,-0.000002, 1.000000;;
              }
            } // End of Armature_HornLTip04
          } // End of Armature_HornL04
          Frame Armature_HornMid01 {
            FrameTransformMatrix {
              -0.484909,-0.874565,-0.000000, 0.000000,
              -0.874565, 0.484909, 0.000001, 0.000000,
              -0.000001, 0.000001,-1.000000, 0.000000,
              -37.650902, 1.860807, 0.000048, 1.000000;;
            }
            Frame Armature_HornMidTip01 {
              FrameTransformMatrix {
                 0.492182, 0.870492, 0.000001, 0.000000,
                 0.000000,-0.000001, 1.000000, 0.000000,
                 0.870492,-0.492182,-0.000001, 0.000000,
                -0.000002,23.230297,-0.000000, 1.000000;;
              }
            } // End of Armature_HornMidTip01
          } // End of Armature_HornMid01
          Frame Armature_HornMid02 {
            FrameTransformMatrix {
              -0.985332,-0.170649, 0.000000, 0.000000,
              -0.170649, 0.985332, 0.000000, 0.000000,
              -0.000000, 0.000000,-1.000000, 0.000000,
               0.541829,34.079460, 0.000000, 1.000000;;
            }
            Frame Armature_HornMidTip02 {
              FrameTransformMatrix {
                 0.986720, 0.162430, 0.000000, 0.000000,
                 0.000000,-0.000000, 1.000000, 0.000000,
                 0.162430,-0.986720,-0.000000, 0.000000,
                 0.000001,23.869209, 0.000000, 1.000000;;
              }
            } // End of Armature_HornMidTip02
          } // End of Armature_HornMid02
          Frame Armature_HornMid03 {
            FrameTransformMatrix {
              -0.742934, 0.669365, 0.000000, 0.000000,
               0.669365, 0.742934,-0.000001, 0.000000,
              -0.000001,-0.000001,-1.000000, 0.000000,
              37.328312,17.870409,-0.000047, 1.000000;;
            }
            Frame Armature_HornMidTip03 {
              FrameTransformMatrix {
                 0.737328,-0.675534, 0.000001, 0.000000,
                -0.000000, 0.000001, 1.000000, 0.000000,
                -0.675534,-0.737328, 0.000001, 0.000000,
                 0.000004,23.350195,-0.000000, 1.000000;;
              }
            } // End of Armature_HornMidTip03
          } // End of Armature_HornMid03
          Frame Armature_HornR01 {
            FrameTransformMatrix {
              -0.999983,-0.003934, 0.004219, 0.000000,
               0.000079, 0.721944, 0.691951, 0.000000,
              -0.005768, 0.691940,-0.721932, 0.000000,
               1.772884,22.098848,21.630346, 1.000000;;
            }
            Frame Armature_HornRTip01 {
              FrameTransformMatrix {
                -0.999981, 0.006097,-0.000000, 0.000000,
                -0.004219,-0.691951, 0.721932, 0.000000,
                 0.004402, 0.721919, 0.691964, 0.000000,
                 0.000000,26.061678, 0.000001, 1.000000;;
              }
            } // End of Armature_HornRTip01
          } // End of Armature_HornR01
          Frame Armature_HornR02 {
            FrameTransformMatrix {
              -0.863739, 0.261627, 0.430705, 0.000000,
               0.503891, 0.460365, 0.730862, 0.000000,
              -0.007068, 0.848301,-0.529466, 0.000000,
              24.946064, 5.954971,32.448730, 1.000000;;
            }
            Frame Armature_HornRTip02 {
              FrameTransformMatrix {
                -0.861528, 0.507710, 0.000004, 0.000000,
                -0.430705,-0.730862, 0.529466, 0.000000,
                 0.268818, 0.456148, 0.848331, 0.000000,
                -0.000004,22.917984,-0.000007, 1.000000;;
              }
            } // End of Armature_HornRTip02
          } // End of Armature_HornR02
          Frame Armature_HornR03 {
            FrameTransformMatrix {
              -0.825636,-0.306000,-0.474014, 0.000000,
              -0.564159, 0.437250, 0.700383, 0.000000,
              -0.007054, 0.845681,-0.533643, 0.000000,
              -25.218151, 6.419503,31.772291, 1.000000;;
            }
            Frame Armature_HornRTip03 {
              FrameTransformMatrix {
                -0.828158,-0.560495,-0.000005, 0.000000,
                 0.474014,-0.700383, 0.533642, 0.000000,
                -0.299107, 0.441938, 0.845710, 0.000000,
                 0.000004,21.928848, 0.000005, 1.000000;;
              }
            } // End of Armature_HornRTip03
          } // End of Armature_HornR03
          Frame Armature_HornR04 {
            FrameTransformMatrix {
              -0.999925,-0.010401,-0.006518, 0.000000,
              -0.009355, 0.302042, 0.953249, 0.000000,
              -0.007946, 0.953238,-0.302116, 0.000000,
               3.628050,-10.459208,42.497276, 1.000000;;
            }
            Frame Armature_HornRTip04 {
              FrameTransformMatrix {
                -0.999977,-0.006837,-0.000000, 0.000000,
                 0.006518,-0.953249, 0.302117, 0.000000,
                -0.002066, 0.302110, 0.953271, 0.000000,
                -0.000000,25.214046, 0.000001, 1.000000;;
              }
            } // End of Armature_HornRTip04
          } // End of Armature_HornR04
        } // End of Armature_Shell
        Frame Armature_Spine02 {
          FrameTransformMatrix {
             0.967918,-0.251268, 0.000000, 0.000000,
             0.251268, 0.967918,-0.000000, 0.000000,
            -0.000000, 0.000000, 1.000000, 0.000000,
            -0.000000,33.054729,-0.000000, 1.000000;;
          }
          Frame Armature_Head {
            FrameTransformMatrix {
               0.994427, 0.105429,-0.000000, 0.000000,
              -0.105429, 0.994427, 0.000000, 0.000000,
               0.000000,-0.000000, 1.000000, 0.000000,
              -0.000002,26.597687,-0.000000, 1.000000;;
            }
            Frame Armature_BottomCover {
              FrameTransformMatrix {
                -0.316591,-0.948562, 0.000001, 0.000000,
                -0.000000, 0.000001, 1.000000, 0.000000,
                -0.948562, 0.316591,-0.000000, 0.000000,
                 0.000000,13.390946,-0.000000, 1.000000;;
              }
            } // End of Armature_BottomCover
            Frame Armature_Eyeball {
              FrameTransformMatrix {
                 0.227265,-0.973833, 0.000001, 0.000000,
                -0.000000, 0.000001, 1.000000, 0.000000,
                -0.973833,-0.227265, 0.000000, 0.000000,
                 0.000000,13.390946,-0.000000, 1.000000;;
              }
            } // End of Armature_Eyeball
            Frame Armature_UpperCover {
              FrameTransformMatrix {
                 0.137740,-0.990468, 0.000001, 0.000000,
                -0.000000, 0.000001, 1.000000, 0.000000,
                -0.990468,-0.137740, 0.000000, 0.000000,
                 0.000000,13.390946,-0.000000, 1.000000;;
              }
            } // End of Armature_UpperCover
          } // End of Armature_Head
        } // End of Armature_Spine02
      } // End of Armature_Spine01
    } // End of Armature_Body
    Frame TurtleShell {
      FrameTransformMatrix {
         1.000000, 0.000000,-0.000000, 0.000000,
         0.000000, 1.000000, 0.000000, 0.000000,
        -0.000000, 0.000000, 1.000000, 0.000000,
        -0.000000, 0.000002,-1.233471, 1.000000;;
      }
    } // End of TurtleShell
  } // End of Armature
} // End of Root
AnimationSet Global {
  Animation {
    {Armature}
    AnimationKey { // Rotation
      0;
      17;
      0;4;-1.000000, 0.000000, 0.000000, 0.000000;;,
      1;4;-1.000000, 0.000000, 0.000000, 0.000000;;,
      2;4;-1.000000, 0.000000, 0.000000, 0.000000;;,
      3;4;-1.000000, 0.000000, 0.000000, 0.000000;;,
      4;4;-1.000000, 0.000000, 0.000000, 0.000000;;,
      5;4;-1.000000, 0.000000, 0.000000, 0.000000;;,
      6;4;-1.000000, 0.000000, 0.000000, 0.000000;;,
      7;4;-1.000000, 0.000000, 0.000000, 0.000000;;,
      8;4;-1.000000, 0.000000, 0.000000, 0.000000;;,
      9;4;-1.000000, 0.000000, 0.000000, 0.000000;;,
      10;4;-1.000000, 0.000000, 0.000000, 0.000000;;,
      11;4;-1.000000, 0.000000, 0.000000, 0.000000;;,
      12;4;-1.000000, 0.000000, 0.000000, 0.000000;;,
      13;4;-1.000000, 0.000000, 0.000000, 0.000000;;,
      14;4;-1.000000, 0.000000, 0.000000, 0.000000;;,
      15;4;-1.000000, 0.000000, 0.000000, 0.000000;;,
      16;4;-1.000000, 0.000000, 0.000000, 0.000000;;;
    }
    AnimationKey { // Scale
      1;
      17;
      0;3; 0.010000, 0.010000, 0.010000;;,
      1;3; 0.010000, 0.010000, 0.010000;;,
      2;3; 0.010000, 0.010000, 0.010000;;,
      3;3; 0.010000, 0.010000, 0.010000;;,
      4;3; 0.010000, 0.010000, 0.010000;;,
      5;3; 0.010000, 0.010000, 0.010000;;,
      6;3; 0.010000, 0.010000, 0.010000;;,
      7;3; 0.010000, 0.010000, 0.010000;;,
      8;3; 0.010000, 0.010000, 0.010000;;,
      9;3; 0.010000, 0.010000, 0.010000;;,
      10;3; 0.010000, 0.010000, 0.010000;;,
      11;3; 0.010000, 0.010000, 0.010000;;,
      12;3; 0.010000, 0.010000, 0.010000;;,
      13;3; 0.010000, 0.010000, 0.010000;;,
      14;3; 0.010000, 0.010000, 0.010000;;,
      15;3; 0.010000, 0.010000, 0.010000;;,
      16;3; 0.010000, 0.010000, 0.010000;;;
    }
    AnimationKey { // Position
      2;
      17;
      0;3; 0.000000, 0.000000, 0.000000;;,
      1;3; 0.000000, 0.000000, 0.000000;;,
      2;3; 0.000000, 0.000000, 0.000000;;,
      3;3; 0.000000, 0.000000, 0.000000;;,
      4;3; 0.000000, 0.000000, 0.000000;;,
      5;3; 0.000000, 0.000000, 0.000000;;,
      6;3; 0.000000, 0.000000, 0.000000;;,
      7;3; 0.000000, 0.000000, 0.000000;;,
      8;3; 0.000000, 0.000000, 0.000000;;,
      9;3; 0.000000, 0.000000, 0.000000;;,
      10;3; 0.000000, 0.000000, 0.000000;;,
      11;3; 0.000000, 0.000000, 0.000000;;,
      12;3; 0.000000, 0.000000, 0.000000;;,
      13;3; 0.000000, 0.000000, 0.000000;;,
      14;3; 0.000000, 0.000000, 0.000000;;,
      15;3; 0.000000, 0.000000, 0.000000;;,
      16;3; 0.000000, 0.000000, 0.000000;;;
    }
  }
  Animation {
    {Armature_Body}
    AnimationKey { // Rotation
      0;
      17;
      0;4;-0.036887,-0.706148, 0.036887,-0.706140;;,
      1;4;-0.036887,-0.706148, 0.036887,-0.706140;;,
      2;4;-0.036887,-0.706148, 0.036887,-0.706140;;,
      3;4;-0.036887,-0.706148, 0.036887,-0.706140;;,
      4;4;-0.036887,-0.706148, 0.036887,-0.706140;;,
      5;4;-0.036887,-0.706148, 0.036887,-0.706140;;,
      6;4;-0.036887,-0.706148, 0.036887,-0.706140;;,
      7;4;-0.036887,-0.706148, 0.036887,-0.706140;;,
      8;4;-0.036887,-0.706148, 0.036887,-0.706140;;,
      9;4;-0.036887,-0.706148, 0.036887,-0.706140;;,
      10;4;-0.036887,-0.706148, 0.036887,-0.706140;;,
      11;4;-0.036887,-0.706148, 0.036887,-0.706140;;,
      12;4;-0.036887,-0.706148, 0.036887,-0.706140;;,
      13;4;-0.036887,-0.706148, 0.036887,-0.706140;;,
      14;4;-0.036887,-0.706148, 0.036887,-0.706140;;,
      15;4;-0.036887,-0.706148, 0.036887,-0.706140;;,
      16;4;-0.036887,-0.706148, 0.036887,-0.706140;;;
    }
    AnimationKey { // Scale
      1;
      17;
      0;3; 1.000000, 1.000000, 0.999989;;,
      1;3; 1.000000, 1.000000, 0.999989;;,
      2;3; 1.000000, 1.000000, 0.999989;;,
      3;3; 1.000000, 1.000000, 0.999989;;,
      4;3; 1.000000, 1.000000, 0.999989;;,
      5;3; 1.000000, 1.000000, 0.999989;;,
      6;3; 1.000000, 1.000000, 0.999989;;,
      7;3; 1.000000, 1.000000, 0.999989;;,
      8;3; 1.000000, 1.000000, 0.999989;;,
      9;3; 1.000000, 1.000000, 0.999989;;,
      10;3; 1.000000, 1.000000, 0.999989;;,
      11;3; 1.000000, 1.000000, 0.999989;;,
      12;3; 1.000000, 1.000000, 0.999989;;,
      13;3; 1.000000, 1.000000, 0.999989;;,
      14;3; 1.000000, 1.000000, 0.999989;;,
      15;3; 1.000000, 1.000000, 0.999989;;,
      16;3; 1.000000, 1.000000, 0.999989;;;
    }
    AnimationKey { // Position
      2;
      17;
      0;3; 0.000000,56.922386,13.463865;;,
      1;3;-0.000000,56.426830,13.463865;;,
      2;3;-0.000000,55.120369,13.463865;;,
      3;3;-0.000000,53.273308,13.463865;;,
      4;3;-0.000000,51.155945,13.463865;;,
      5;3;-0.000000,49.038574,13.463865;;,
      6;3;-0.000000,47.191509,13.463865;;,
      7;3;-0.000000,45.885048,13.463865;;,
      8;3;-0.000000,45.389496,13.463865;;,
      9;3;-0.000000,45.885048,13.463865;;,
      10;3;-0.000000,47.191509,13.463865;;,
      11;3;-0.000000,49.038574,13.463865;;,
      12;3;-0.000000,51.155937,13.463865;;,
      13;3;-0.000000,53.273304,13.463865;;,
      14;3;-0.000000,55.120369,13.463865;;,
      15;3;-0.000000,56.426830,13.463865;;,
      16;3; 0.000000,56.922386,13.463865;;;
    }
  }
  Animation {
    {Armature_Spine01}
    AnimationKey { // Rotation
      0;
      17;
      0;4;-0.995712,-0.000000,-0.000000,-0.092510;;,
      1;4;-0.995761,-0.000000,-0.000000,-0.091979;;,
      2;4;-0.995891,-0.000000,-0.000000,-0.090555;;,
      3;4;-0.996077,-0.000000,-0.000000,-0.088494;;,
      4;4;-0.996291,-0.000000,-0.000000,-0.086050;;,
      5;4;-0.996510,-0.000000,-0.000000,-0.083478;;,
      6;4;-0.996711,-0.000000,-0.000000,-0.081032;;,
      7;4;-0.996877,-0.000000,-0.000000,-0.078969;;,
      8;4;-0.996989,-0.000000,-0.000000,-0.077544;;,
      9;4;-0.997030,-0.000000,-0.000000,-0.077012;;,
      10;4;-0.996963,-0.000000,-0.000000,-0.077871;;,
      11;4;-0.996788,-0.000000,-0.000000,-0.080086;;,
      12;4;-0.996540,-0.000000,-0.000000,-0.083114;;,
      13;4;-0.996259,-0.000000,-0.000000,-0.086413;;,
      14;4;-0.995992,-0.000000,-0.000000,-0.089439;;,
      15;4;-0.995791,-0.000000,-0.000000,-0.091652;;,
      16;4;-0.995712,-0.000000,-0.000000,-0.092510;;;
    }
    AnimationKey { // Scale
      1;
      17;
      0;3; 1.000000, 1.000000, 1.000000;;,
      1;3; 1.000000, 1.000000, 1.000000;;,
      2;3; 1.000000, 1.000000, 1.000000;;,
      3;3; 1.000000, 1.000000, 1.000000;;,
      4;3; 1.000000, 1.000000, 1.000000;;,
      5;3; 1.000000, 1.000000, 1.000000;;,
      6;3; 1.000000, 1.000000, 1.000000;;,
      7;3; 1.000000, 1.000000, 1.000000;;,
      8;3; 1.000000, 1.000000, 1.000000;;,
      9;3; 1.000000, 1.000000, 1.000000;;,
      10;3; 1.000000, 1.000000, 1.000000;;,
      11;3; 1.000000, 1.000000, 1.000000;;,
      12;3; 1.000000, 1.000000, 1.000000;;,
      13;3; 1.000000, 1.000000, 1.000000;;,
      14;3; 1.000000, 1.000000, 1.000000;;,
      15;3; 1.000000, 1.000000, 1.000000;;,
      16;3; 1.000000, 1.000000, 1.000000;;;
    }
    AnimationKey { // Position
      2;
      17;
      0;3; 0.000001,31.336260,-0.000000;;,
      1;3; 0.103104,31.708117,-0.065508;;,
      2;3; 0.379424,32.704693,-0.241069;;,
      3;3; 0.779467,34.147503,-0.495239;;,
      4;3; 1.253746,35.858051,-0.796575;;,
      5;3; 1.752772,37.657841,-1.113632;;,
      6;3; 2.227050,39.368385,-1.414968;;,
      7;3; 2.627095,40.811195,-1.669138;;,
      8;3; 2.903413,41.807770,-1.844699;;,
      9;3; 3.006518,42.179630,-1.910207;;,
      10;3; 2.839975,41.578979,-1.804394;;,
      11;3; 2.410475,40.029926,-1.531507;;,
      12;3; 1.823195,37.911835,-1.158377;;,
      13;3; 1.183325,35.604057,-0.751831;;,
      14;3; 0.596045,33.485970,-0.378700;;,
      15;3; 0.166543,31.936911,-0.105813;;,
      16;3; 0.000001,31.336260,-0.000000;;;
    }
  }
  Animation {
    {Armature_Spine02}
    AnimationKey { // Rotation
      0;
      17;
      0;4;-0.991947,-0.000000,-0.000000,-0.126654;;,
      1;4;-0.991870,-0.000000,-0.000000,-0.127257;;,
      2;4;-0.991659,-0.000000,-0.000000,-0.128893;;,
      3;4;-0.991342,-0.000000,-0.000000,-0.131304;;,
      4;4;-0.990950,-0.000000,-0.000000,-0.134230;;,
      5;4;-0.990514,-0.000000,-0.000000,-0.137414;;,
      6;4;-0.990067,-0.000000,-0.000000,-0.140595;;,
      7;4;-0.989648,-0.000000,-0.000000,-0.143518;;,
      8;4;-0.989296,-0.000000,-0.000000,-0.145924;;,
      9;4;-0.989054,-0.000000,-0.000000,-0.147556;;,
      10;4;-0.988964,-0.000000,-0.000000,-0.148157;;,
      11;4;-0.989201,-0.000000,-0.000000,-0.146566;;,
      12;4;-0.989782,-0.000000,-0.000000,-0.142588;;,
      13;4;-0.990514,-0.000000,-0.000000,-0.137414;;,
      14;4;-0.991218,-0.000000,-0.000000,-0.132235;;,
      15;4;-0.991742,-0.000000,-0.000000,-0.128249;;,
      16;4;-0.991947,-0.000000,-0.000000,-0.126654;;;
    }
    AnimationKey { // Scale
      1;
      17;
      0;3; 1.000000, 1.000000, 1.000000;;,
      1;3; 1.000000, 1.000000, 1.000000;;,
      2;3; 1.000000, 1.000000, 1.000000;;,
      3;3; 1.000000, 1.000000, 1.000000;;,
      4;3; 1.000000, 1.000000, 1.000000;;,
      5;3; 1.000000, 1.000000, 1.000000;;,
      6;3; 1.000000, 1.000000, 1.000000;;,
      7;3; 1.000000, 1.000000, 1.000000;;,
      8;3; 1.000000, 1.000000, 1.000000;;,
      9;3; 1.000000, 1.000000, 1.000000;;,
      10;3; 1.000000, 1.000000, 1.000000;;,
      11;3; 1.000000, 1.000000, 1.000000;;,
      12;3; 1.000000, 1.000000, 1.000000;;,
      13;3; 1.000000, 1.000000, 1.000000;;,
      14;3; 1.000000, 1.000000, 1.000000;;,
      15;3; 1.000000, 1.000000, 1.000000;;,
      16;3; 1.000000, 1.000000, 1.000000;;;
    }
    AnimationKey { // Position
      2;
      17;
      0;3;-0.000000,33.054729,-0.000000;;,
      1;3;-0.012987,33.272739, 0.053486;;,
      2;3;-0.048243,33.864471, 0.198661;;,
      3;3;-0.100198,34.736507, 0.412605;;,
      4;3;-0.163285,35.795403, 0.672393;;,
      5;3;-0.231938,36.947735, 0.955103;;,
      6;3;-0.300594,38.100067, 1.237814;;,
      7;3;-0.363679,39.158966, 1.497602;;,
      8;3;-0.415633,40.030994, 1.711545;;,
      9;3;-0.450889,40.622726, 1.856721;;,
      10;3;-0.463877,40.840736, 1.910206;;,
      11;3;-0.429516,40.264000, 1.768710;;,
      12;3;-0.343613,38.822144, 1.414968;;,
      13;3;-0.231937,36.947739, 0.955103;;,
      14;3;-0.120263,35.073330, 0.495239;;,
      15;3;-0.034361,33.631474, 0.141497;;,
      16;3;-0.000000,33.054729,-0.000000;;;
    }
  }
  Animation {
    {Armature_Head}
    AnimationKey { // Rotation
      0;
      17;
      0;4;-0.998606, 0.000000, 0.000000, 0.052788;;,
      1;4;-0.998582, 0.000000, 0.000000, 0.053228;;,
      2;4;-0.998517, 0.000000, 0.000000, 0.054433;;,
      3;4;-0.998418, 0.000000, 0.000000, 0.056233;;,
      4;4;-0.998290, 0.000000, 0.000000, 0.058458;;,
      5;4;-0.998142, 0.000000, 0.000000, 0.060939;;,
      6;4;-0.997982, 0.000000, 0.000000, 0.063503;;,
      7;4;-0.997821, 0.000000, 0.000000, 0.065983;;,
      8;4;-0.997671, 0.000000, 0.000000, 0.068207;;,
      9;4;-0.997547, 0.000000, 0.000000, 0.070006;;,
      10;4;-0.997461, 0.000000, 0.000000, 0.071209;;,
      11;4;-0.997430, 0.000000, 0.000000, 0.071649;;,
      12;4;-0.997569, 0.000000, 0.000000, 0.069688;;,
      13;4;-0.997884, 0.000000, 0.000000, 0.065012;;,
      14;4;-0.998233, 0.000000, 0.000000, 0.059429;;,
      15;4;-0.998500, 0.000000, 0.000000, 0.054751;;,
      16;4;-0.998606, 0.000000, 0.000000, 0.052788;;;
    }
    AnimationKey { // Scale
      1;
      17;
      0;3; 1.000000, 1.000000, 1.000000;;,
      1;3; 1.000000, 1.000000, 1.000000;;,
      2;3; 1.000000, 1.000000, 1.000000;;,
      3;3; 1.000000, 1.000000, 1.000000;;,
      4;3; 1.000000, 1.000000, 1.000000;;,
      5;3; 1.000000, 1.000000, 1.000000;;,
      6;3; 1.000000, 1.000000, 1.000000;;,
      7;3; 1.000000, 1.000000, 1.000000;;,
      8;3; 1.000000, 1.000000, 1.000000;;,
      9;3; 1.000000, 1.000000, 1.000000;;,
      10;3; 1.000000, 1.000000, 1.000000;;,
      11;3; 1.000000, 1.000000, 1.000000;;,
      12;3; 1.000000, 1.000000, 1.000000;;,
      13;3; 1.000000, 1.000000, 1.000000;;,
      14;3; 1.000000, 1.000000, 1.000000;;,
      15;3; 1.000000, 1.000000, 1.000000;;,
      16;3; 1.000000, 1.000000, 1.000000;;;
    }
    AnimationKey { // Position
      2;
      17;
      0;3;-0.000002,26.597687,-0.000000;;,
      1;3;-0.021508,26.697206,-0.053388;;,
      2;3;-0.080482,26.970100,-0.199775;;,
      3;3;-0.168595,27.377827,-0.418495;;,
      4;3;-0.277518,27.881872,-0.688880;;,
      5;3;-0.398936,28.443699,-0.990265;;,
      6;3;-0.524513,29.024799,-1.301984;;,
      7;3;-0.645925,29.586630,-1.603369;;,
      8;3;-0.754856,30.090672,-1.873754;;,
      9;3;-0.842969,30.498404,-2.092473;;,
      10;3;-0.901942,30.771288,-2.238860;;,
      11;3;-0.923450,30.870813,-2.292248;;,
      12;3;-0.827413,30.426409,-2.053855;;,
      13;3;-0.598395,29.366674,-1.485377;;,
      14;3;-0.325051,28.101828,-0.806872;;,
      15;3;-0.096040,27.042091,-0.238394;;,
      16;3;-0.000002,26.597687,-0.000000;;;
    }
  }
  Animation {
    {Armature_Eyeball}
    AnimationKey { // Rotation
      0;
      17;
      0;4;-0.553910, 0.553910,-0.439527,-0.439526;;,
      1;4;-0.554286, 0.554285,-0.439053,-0.439053;;,
      2;4;-0.555319, 0.555318,-0.437746,-0.437746;;,
      3;4;-0.556871, 0.556870,-0.435770,-0.435770;;,
      4;4;-0.558802, 0.558802,-0.433290,-0.433290;;,
      5;4;-0.560972, 0.560971,-0.430477,-0.430477;;,
      6;4;-0.563233, 0.563232,-0.427515,-0.427515;;,
      7;4;-0.565433, 0.565433,-0.424601,-0.424600;;,
      8;4;-0.567418, 0.567418,-0.421944,-0.421944;;,
      9;4;-0.569031, 0.569030,-0.419767,-0.419766;;,
      10;4;-0.570114, 0.570113,-0.418295,-0.418295;;,
      11;4;-0.570509, 0.570508,-0.417756,-0.417756;;,
      12;4;-0.568746, 0.568745,-0.420153,-0.420153;;,
      13;4;-0.564570, 0.564570,-0.425748,-0.425747;;,
      14;4;-0.559650, 0.559649,-0.432195,-0.432195;;,
      15;4;-0.555592, 0.555591,-0.437399,-0.437399;;,
      16;4;-0.553910, 0.553910,-0.439527,-0.439526;;;
    }
    AnimationKey { // Scale
      1;
      17;
      0;3; 1.000000, 1.000000, 1.000000;;,
      1;3; 1.000000, 1.000000, 1.000000;;,
      2;3; 1.000000, 1.000000, 1.000000;;,
      3;3; 1.000000, 1.000000, 1.000000;;,
      4;3; 1.000000, 1.000000, 1.000000;;,
      5;3; 1.000000, 1.000000, 1.000000;;,
      6;3; 1.000000, 1.000000, 1.000000;;,
      7;3; 1.000000, 1.000000, 1.000000;;,
      8;3; 1.000000, 1.000000, 1.000000;;,
      9;3; 1.000000, 1.000000, 1.000000;;,
      10;3; 1.000000, 1.000000, 1.000000;;,
      11;3; 1.000000, 1.000000, 1.000000;;,
      12;3; 1.000000, 1.000000, 1.000000;;,
      13;3; 1.000000, 1.000000, 1.000000;;,
      14;3; 1.000000, 1.000000, 1.000000;;,
      15;3; 1.000000, 1.000000, 1.000000;;,
      16;3; 1.000000, 1.000000, 1.000000;;;
    }
    AnimationKey { // Position
      2;
      17;
      0;3; 0.000000,13.390946,-0.000000;;,
      1;3;-0.000001,13.390950,-0.000000;;,
      2;3;-0.000002,13.390952,-0.000000;;,
      3;3;-0.000003,13.390951,-0.000000;;,
      4;3; 0.000000,13.390953,-0.000000;;,
      5;3;-0.000003,13.390943,-0.000000;;,
      6;3;-0.000002,13.390949,-0.000000;;,
      7;3; 0.000001,13.390943,-0.000000;;,
      8;3; 0.000003,13.390950,-0.000000;;,
      9;3;-0.000001,13.390939, 0.000000;;,
      10;3; 0.000004,13.390942,-0.000000;;,
      11;3; 0.000001,13.390943, 0.000000;;,
      12;3;-0.000002,13.390944,-0.000000;;,
      13;3; 0.000001,13.390948,-0.000000;;,
      14;3;-0.000001,13.390949,-0.000000;;,
      15;3;-0.000001,13.390950,-0.000000;;,
      16;3; 0.000000,13.390946,-0.000000;;;
    }
  }
  Animation {
    {Armature_UpperCover}
    AnimationKey { // Rotation
      0;
      17;
      0;4;-0.533325, 0.533324,-0.464290,-0.464289;;,
      1;4;-0.534066, 0.534066,-0.463437,-0.463436;;,
      2;4;-0.536080, 0.536079,-0.461106,-0.461106;;,
      3;4;-0.539034, 0.539034,-0.457649,-0.457649;;,
      4;4;-0.542597, 0.542596,-0.453420,-0.453419;;,
      5;4;-0.546449, 0.546449,-0.448769,-0.448768;;,
      6;4;-0.550301, 0.550301,-0.444037,-0.444037;;,
      7;4;-0.553896, 0.553896,-0.439545,-0.439544;;,
      8;4;-0.557085, 0.557085,-0.435496,-0.435495;;,
      9;4;-0.559695, 0.559695,-0.432136,-0.432136;;,
      10;4;-0.561456, 0.561455,-0.429846,-0.429846;;,
      11;4;-0.562100, 0.562100,-0.429003,-0.429003;;,
      12;4;-0.559232, 0.559232,-0.432735,-0.432735;;,
      13;4;-0.552504, 0.552504,-0.441293,-0.441293;;,
      14;4;-0.544120, 0.544119,-0.451590,-0.451590;;,
      15;4;-0.536606, 0.536606,-0.460494,-0.460493;;,
      16;4;-0.533325, 0.533324,-0.464290,-0.464289;;;
    }
    AnimationKey { // Scale
      1;
      17;
      0;3; 1.000000, 1.000000, 1.000000;;,
      1;3; 1.000000, 1.000000, 1.000000;;,
      2;3; 1.000000, 1.000000, 1.000000;;,
      3;3; 1.000000, 1.000000, 1.000000;;,
      4;3; 1.000000, 1.000000, 1.000000;;,
      5;3; 1.000000, 1.000000, 1.000000;;,
      6;3; 1.000000, 1.000000, 1.000000;;,
      7;3; 1.000000, 1.000000, 1.000000;;,
      8;3; 1.000000, 1.000000, 1.000000;;,
      9;3; 1.000000, 1.000000, 1.000000;;,
      10;3; 1.000000, 1.000000, 1.000000;;,
      11;3; 1.000000, 1.000000, 1.000000;;,
      12;3; 1.000000, 1.000000, 1.000000;;,
      13;3; 1.000000, 1.000000, 1.000000;;,
      14;3; 1.000000, 1.000000, 1.000000;;,
      15;3; 1.000000, 1.000000, 1.000000;;,
      16;3; 1.000000, 1.000000, 1.000000;;;
    }
    AnimationKey { // Position
      2;
      17;
      0;3; 0.000000,13.390946,-0.000000;;,
      1;3;-0.000001,13.390950,-0.000000;;,
      2;3;-0.000002,13.390952,-0.000000;;,
      3;3;-0.000003,13.390951,-0.000000;;,
      4;3; 0.000000,13.390953,-0.000000;;,
      5;3;-0.000003,13.390943,-0.000000;;,
      6;3;-0.000002,13.390949,-0.000000;;,
      7;3; 0.000001,13.390943,-0.000000;;,
      8;3; 0.000003,13.390950,-0.000000;;,
      9;3;-0.000001,13.390939, 0.000000;;,
      10;3; 0.000004,13.390942,-0.000000;;,
      11;3; 0.000001,13.390943, 0.000000;;,
      12;3;-0.000002,13.390944,-0.000000;;,
      13;3; 0.000001,13.390948,-0.000000;;,
      14;3;-0.000001,13.390949,-0.000000;;,
      15;3;-0.000001,13.390950,-0.000000;;,
      16;3; 0.000000,13.390946,-0.000000;;;
    }
  }
  Animation {
    {Armature_BottomCover}
    AnimationKey { // Rotation
      0;
      17;
      0;4;-0.413343, 0.413343,-0.573714,-0.573714;;,
      1;4;-0.413418, 0.413418,-0.573660,-0.573660;;,
      2;4;-0.413624, 0.413624,-0.573512,-0.573511;;,
      3;4;-0.413932, 0.413932,-0.573289,-0.573289;;,
      4;4;-0.414313, 0.414313,-0.573014,-0.573013;;,
      5;4;-0.414738, 0.414737,-0.572707,-0.572706;;,
      6;4;-0.415177, 0.415177,-0.572388,-0.572388;;,
      7;4;-0.415602, 0.415602,-0.572080,-0.572079;;,
      8;4;-0.415984, 0.415983,-0.571802,-0.571802;;,
      9;4;-0.416292, 0.416292,-0.571578,-0.571577;;,
      10;4;-0.416499, 0.416499,-0.571427,-0.571427;;,
      11;4;-0.416574, 0.416574,-0.571372,-0.571372;;,
      12;4;-0.416238, 0.416237,-0.571617,-0.571617;;,
      13;4;-0.415436, 0.415435,-0.572201,-0.572200;;,
      14;4;-0.414479, 0.414479,-0.572894,-0.572893;;,
      15;4;-0.413679, 0.413678,-0.573472,-0.573472;;,
      16;4;-0.413343, 0.413343,-0.573714,-0.573714;;;
    }
    AnimationKey { // Scale
      1;
      17;
      0;3; 1.000000, 1.000000, 1.000000;;,
      1;3; 1.000000, 1.000000, 1.000000;;,
      2;3; 1.000000, 1.000000, 1.000000;;,
      3;3; 1.000000, 1.000000, 1.000000;;,
      4;3; 1.000000, 1.000000, 1.000000;;,
      5;3; 1.000000, 1.000000, 1.000000;;,
      6;3; 1.000000, 1.000000, 1.000000;;,
      7;3; 1.000000, 1.000000, 1.000000;;,
      8;3; 1.000000, 1.000000, 1.000000;;,
      9;3; 1.000000, 1.000000, 1.000000;;,
      10;3; 1.000000, 1.000000, 1.000000;;,
      11;3; 1.000000, 1.000000, 1.000000;;,
      12;3; 1.000000, 1.000000, 1.000000;;,
      13;3; 1.000000, 1.000000, 1.000000;;,
      14;3; 1.000000, 1.000000, 1.000000;;,
      15;3; 1.000000, 1.000000, 1.000000;;,
      16;3; 1.000000, 1.000000, 1.000000;;;
    }
    AnimationKey { // Position
      2;
      17;
      0;3; 0.000000,13.390946,-0.000000;;,
      1;3;-0.000001,13.390950,-0.000000;;,
      2;3;-0.000002,13.390952,-0.000000;;,
      3;3;-0.000003,13.390951,-0.000000;;,
      4;3; 0.000000,13.390953,-0.000000;;,
      5;3;-0.000003,13.390943,-0.000000;;,
      6;3;-0.000002,13.390949,-0.000000;;,
      7;3; 0.000001,13.390943,-0.000000;;,
      8;3; 0.000003,13.390950,-0.000000;;,
      9;3;-0.000001,13.390939, 0.000000;;,
      10;3; 0.000004,13.390942,-0.000000;;,
      11;3; 0.000001,13.390943, 0.000000;;,
      12;3;-0.000002,13.390944,-0.000000;;,
      13;3; 0.000001,13.390948,-0.000000;;,
      14;3;-0.000001,13.390949,-0.000000;;,
      15;3;-0.000001,13.390950,-0.000000;;,
      16;3; 0.000000,13.390946,-0.000000;;;
    }
  }
  Animation {
    {Armature_Shell}
    AnimationKey { // Rotation
      0;
      17;
      0;4;-0.000000, 0.674862, 0.737944,-0.000000;;,
      1;4;-0.000000, 0.674490, 0.738284,-0.000000;;,
      2;4;-0.000000, 0.673492, 0.739194,-0.000000;;,
      3;4;-0.000000, 0.672046, 0.740510,-0.000000;;,
      4;4;-0.000000, 0.670327, 0.742066,-0.000000;;,
      5;4;-0.000000, 0.668515, 0.743699,-0.000000;;,
      6;4;-0.000000, 0.666789, 0.745247,-0.000000;;,
      7;4;-0.000000, 0.665330, 0.746549,-0.000000;;,
      8;4;-0.000000, 0.664321, 0.747447,-0.000000;;,
      9;4;-0.000000, 0.663944, 0.747782,-0.000000;;,
      10;4;-0.000000, 0.664553, 0.747241,-0.000000;;,
      11;4;-0.000000, 0.666120, 0.745844,-0.000000;;,
      12;4;-0.000000, 0.668259, 0.743929,-0.000000;;,
      13;4;-0.000000, 0.670582, 0.741835,-0.000000;;,
      14;4;-0.000000, 0.672709, 0.739907,-0.000000;;,
      15;4;-0.000000, 0.674261, 0.738493,-0.000000;;,
      16;4;-0.000000, 0.674862, 0.737944,-0.000000;;;
    }
    AnimationKey { // Scale
      1;
      17;
      0;3; 1.000000, 1.000000, 1.000000;;,
      1;3; 1.000000, 1.000000, 1.000000;;,
      2;3; 1.000000, 1.000000, 1.000000;;,
      3;3; 1.000000, 1.000000, 1.000000;;,
      4;3; 1.000000, 1.000000, 1.000000;;,
      5;3; 1.000000, 1.000000, 1.000000;;,
      6;3; 1.000000, 1.000000, 1.000000;;,
      7;3; 1.000000, 1.000000, 1.000000;;,
      8;3; 1.000000, 1.000000, 1.000000;;,
      9;3; 1.000000, 1.000000, 1.000000;;,
      10;3; 1.000000, 1.000000, 1.000000;;,
      11;3; 1.000000, 1.000000, 1.000000;;,
      12;3; 1.000000, 1.000000, 1.000000;;,
      13;3; 1.000000, 1.000000, 1.000000;;,
      14;3; 1.000000, 1.000000, 1.000000;;,
      15;3; 1.000000, 1.000000, 1.000000;;,
      16;3; 1.000000, 1.000000, 1.000000;;;
    }
    AnimationKey { // Position
      2;
      17;
      0;3;37.512909,14.992228,-0.000006;;,
      1;3;37.442333,15.069286,-0.000006;;,
      2;3;37.253197,15.275805,-0.000007;;,
      3;3;36.979370,15.574799,-0.000007;;,
      4;3;36.654747,15.929269,-0.000008;;,
      5;3;36.313168,16.302235,-0.000008;;,
      6;3;35.988525,16.656708,-0.000008;;,
      7;3;35.714703,16.955700,-0.000009;;,
      8;3;35.525570,17.162218,-0.000009;;,
      9;3;35.454990,17.239275,-0.000009;;,
      10;3;35.568993,17.114803,-0.000009;;,
      11;3;35.862980,16.793797,-0.000008;;,
      12;3;36.264965,16.354870,-0.000008;;,
      13;3;36.702946,15.876637,-0.000007;;,
      14;3;37.104931,15.437709,-0.000007;;,
      15;3;37.398914,15.116699,-0.000007;;,
      16;3;37.512909,14.992228,-0.000006;;;
    }
  }
  Animation {
    {Armature_HornMid01}
    AnimationKey { // Rotation
      0;
      17;
      0;4; 0.000000,-0.507490, 0.861658, 0.000000;;,
      1;4; 0.000000,-0.512143, 0.858900, 0.000000;;,
      2;4; 0.000000,-0.524705, 0.851284, 0.000000;;,
      3;4; 0.000000,-0.542976, 0.839748, 0.000000;;,
      4;4; 0.000000,-0.564458, 0.825462, 0.000001;;,
      5;4; 0.000000,-0.586435, 0.809997, 0.000001;;,
      6;4; 0.000000,-0.606339, 0.795206, 0.000001;;,
      7;4; 0.000000,-0.622127, 0.782916, 0.000001;;,
      8;4; 0.000000,-0.632391, 0.774649, 0.000001;;,
      9;4; 0.000000,-0.636072, 0.771630, 0.000001;;,
      10;4; 0.000000,-0.630085, 0.776526, 0.000001;;,
      11;4; 0.000000,-0.613705, 0.789535, 0.000001;;,
      12;4; 0.000000,-0.589460, 0.807798, 0.000001;;,
      13;4; 0.000000,-0.561295, 0.827616, 0.000001;;,
      14;4; 0.000000,-0.534599, 0.845106, 0.000000;;,
      15;4; 0.000000,-0.515017, 0.857180, 0.000000;;,
      16;4; 0.000000,-0.507490, 0.861658, 0.000000;;;
    }
    AnimationKey { // Scale
      1;
      17;
      0;3; 1.000000, 1.000000, 1.000000;;,
      1;3; 1.000000, 1.000000, 1.000000;;,
      2;3; 1.000000, 1.000000, 1.000000;;,
      3;3; 1.000000, 1.000000, 1.000000;;,
      4;3; 1.000000, 1.000000, 1.000000;;,
      5;3; 1.000000, 1.000000, 1.000000;;,
      6;3; 1.000000, 1.000000, 1.000000;;,
      7;3; 1.000000, 1.000000, 1.000000;;,
      8;3; 1.000000, 1.000000, 1.000000;;,
      9;3; 1.000000, 1.000000, 1.000000;;,
      10;3; 1.000000, 1.000000, 1.000000;;,
      11;3; 1.000000, 1.000000, 1.000000;;,
      12;3; 1.000000, 1.000000, 1.000000;;,
      13;3; 1.000000, 1.000000, 1.000000;;,
      14;3; 1.000000, 1.000000, 1.000000;;,
      15;3; 1.000000, 1.000000, 1.000000;;,
      16;3; 1.000000, 1.000000, 1.000000;;;
    }
    AnimationKey { // Position
      2;
      17;
      0;3;-37.650902, 1.860807, 0.000048;;,
      1;3;-37.650898, 1.860807, 0.000048;;,
      2;3;-37.650902, 1.860806, 0.000048;;,
      3;3;-37.650902, 1.860806, 0.000048;;,
      4;3;-37.650902, 1.860806, 0.000048;;,
      5;3;-37.650902, 1.860811, 0.000048;;,
      6;3;-37.650902, 1.860809, 0.000048;;,
      7;3;-37.650898, 1.860805, 0.000048;;,
      8;3;-37.650898, 1.860807, 0.000048;;,
      9;3;-37.650898, 1.860809, 0.000048;;,
      10;3;-37.650898, 1.860809, 0.000048;;,
      11;3;-37.650902, 1.860808, 0.000048;;,
      12;3;-37.650898, 1.860805, 0.000048;;,
      13;3;-37.650898, 1.860801, 0.000048;;,
      14;3;-37.650894, 1.860805, 0.000048;;,
      15;3;-37.650894, 1.860807, 0.000048;;,
      16;3;-37.650902, 1.860807, 0.000048;;;
    }
  }
  Animation {
    {Armature_HornMidTip01}
    AnimationKey { // Rotation
      0;
      17;
      0;4;-0.610774, 0.610775, 0.356307, 0.356307;;,
      1;4;-0.610774, 0.610775, 0.356307, 0.356307;;,
      2;4;-0.610774, 0.610775, 0.356307, 0.356307;;,
      3;4;-0.610774, 0.610775, 0.356307, 0.356307;;,
      4;4;-0.610774, 0.610775, 0.356307, 0.356307;;,
      5;4;-0.610774, 0.610775, 0.356307, 0.356307;;,
      6;4;-0.610774, 0.610775, 0.356307, 0.356307;;,
      7;4;-0.610774, 0.610775, 0.356307, 0.356307;;,
      8;4;-0.610774, 0.610775, 0.356307, 0.356307;;,
      9;4;-0.610774, 0.610775, 0.356307, 0.356307;;,
      10;4;-0.610774, 0.610775, 0.356307, 0.356307;;,
      11;4;-0.610774, 0.610775, 0.356307, 0.356307;;,
      12;4;-0.610774, 0.610775, 0.356307, 0.356307;;,
      13;4;-0.610774, 0.610775, 0.356307, 0.356307;;,
      14;4;-0.610774, 0.610775, 0.356307, 0.356307;;,
      15;4;-0.610774, 0.610775, 0.356307, 0.356307;;,
      16;4;-0.610774, 0.610775, 0.356307, 0.356307;;;
    }
    AnimationKey { // Scale
      1;
      17;
      0;3; 1.000000, 1.000000, 1.000000;;,
      1;3; 1.000000, 1.000000, 1.000000;;,
      2;3; 1.000000, 1.000000, 1.000000;;,
      3;3; 1.000000, 1.000000, 1.000000;;,
      4;3; 1.000000, 1.000000, 1.000000;;,
      5;3; 1.000000, 1.000000, 1.000000;;,
      6;3; 1.000000, 1.000000, 1.000000;;,
      7;3; 1.000000, 1.000000, 1.000000;;,
      8;3; 1.000000, 1.000000, 1.000000;;,
      9;3; 1.000000, 1.000000, 1.000000;;,
      10;3; 1.000000, 1.000000, 1.000000;;,
      11;3; 1.000000, 1.000000, 1.000000;;,
      12;3; 1.000000, 1.000000, 1.000000;;,
      13;3; 1.000000, 1.000000, 1.000000;;,
      14;3; 1.000000, 1.000000, 1.000000;;,
      15;3; 1.000000, 1.000000, 1.000000;;,
      16;3; 1.000000, 1.000000, 1.000000;;;
    }
    AnimationKey { // Position
      2;
      17;
      0;3;-0.000002,23.230297,-0.000000;;,
      1;3; 0.000006,23.230293,-0.000000;;,
      2;3; 0.000004,23.230299,-0.000000;;,
      3;3; 0.000007,23.230301,-0.000000;;,
      4;3;-0.000000,23.230297,-0.000000;;,
      5;3; 0.000003,23.230307,-0.000000;;,
      6;3; 0.000005,23.230303,-0.000000;;,
      7;3; 0.000004,23.230299,-0.000000;;,
      8;3; 0.000001,23.230297,-0.000000;;,
      9;3; 0.000007,23.230297,-0.000001;;,
      10;3; 0.000006,23.230291,-0.000000;;,
      11;3; 0.000007,23.230297,-0.000000;;,
      12;3; 0.000003,23.230299,-0.000000;;,
      13;3; 0.000005,23.230297,-0.000000;;,
      14;3;-0.000000,23.230301,-0.000000;;,
      15;3;-0.000002,23.230301,-0.000000;;,
      16;3;-0.000002,23.230297,-0.000000;;;
    }
  }
  Animation {
    {Armature_HornMid02}
    AnimationKey { // Rotation
      0;
      17;
