xof 0303txt 0032

Frame Root {
  FrameTransformMatrix {
     1.000000, 0.000000, 0.000000, 0.000000,
     0.000000,-0.000000,-1.000000, 0.000000,
     0.000000, 1.000000,-0.000000, 0.000000,
     0.000000, 0.000000, 0.000000, 1.000000;;
  }
  Frame Armature {
    FrameTransformMatrix {
       0.010000, 0.000000, 0.000000, 0.000000,
       0.000000, 0.010000, 0.000000, 0.000000,
       0.000000, 0.000000, 0.010000, 0.000000,
       0.000000, 0.000000, 0.000000, 1.000000;;
    }
    Frame Armature_root {
      FrameTransformMatrix {
         1.000000, 0.000000, 0.000000, 0.000000,
         0.000000, 0.000000, 1.000000, 0.000000,
         0.000000,-1.000000, 0.000000, 0.000000,
         0.000000, 0.000000, 0.000000, 1.000000;;
      }
      Frame Armature_pelvis {
        FrameTransformMatrix {
          -0.051673, 0.984175, 0.169498, 0.000000,
           0.411275, 0.175636,-0.894430, 0.000000,
          -0.910045, 0.023492,-0.413842, 0.000000,
           1.415972,39.025639,-6.263434, 1.000000;;
        }
        Frame Armature_spine_01 {
          FrameTransformMatrix {
             0.999636,-0.017176, 0.020873, 0.000000,
            -0.020012,-0.989336, 0.144271, 0.000000,
             0.018172,-0.144636,-0.989318, 0.000000,
            14.028803, 0.619728,-0.000000, 1.000000;;
          }
          Frame Armature_FrontBelly {
            FrameTransformMatrix {
              -0.000000, 0.000000, 1.000000, 0.000000,
               0.044573, 0.999006,-0.000000, 0.000000,
              -0.999006, 0.044573,-0.000000, 0.000000,
              -0.411177,29.645016, 0.252285, 1.000000;;
            }
          } // End of Armature_FrontBelly
          Frame Armature_spine_02 {
            FrameTransformMatrix {
              -0.076992,-0.989735, 0.120401, 0.000000,
               0.997017,-0.077078, 0.003951, 0.000000,
               0.005369, 0.120346, 0.992718, 0.000000,
              15.357315, 0.000011, 0.000002, 1.000000;;
            }
            Frame Armature_spine_03 {
              FrameTransformMatrix {
                 0.997325,-0.025422, 0.068531, 0.000000,
                 0.023642, 0.999364, 0.026662, 0.000000,
                -0.069165,-0.024970, 0.997293, 0.000000,
                 0.000000,14.891393,-0.000000, 1.000000;;
              }
              Frame Armature_clavicle_l {
                FrameTransformMatrix {
                   0.949237, 0.256066, 0.182698, 0.000000,
                  -0.164414,-0.091268, 0.982160, 0.000000,
                   0.268172,-0.962341,-0.044535, 0.000000,
                   3.006553, 6.351171,20.842352, 1.000000;;
                }
                Frame Armature_upperarm_l {
                  FrameTransformMatrix {
                     0.898682, 0.273426, 0.342941, 0.000000,
                    -0.102575, 0.891238,-0.441784, 0.000000,
                    -0.426437, 0.361847, 0.828986, 0.000000,
                     0.000004,15.415949, 0.000001, 1.000000;;
                  }
                  Frame Armature_lowerarm_l {
                    FrameTransformMatrix {
                       0.010507, 0.999945, 0.000000, 0.000000,
                      -0.999945, 0.010507, 0.000000, 0.000000,
                       0.000000,-0.000000, 1.000000, 0.000000,
                       0.000005,35.891960,-0.000004, 1.000000;;
                    }
                    Frame Armature_hand_l {
                      FrameTransformMatrix {
                        -0.135668, 0.096485, 0.986045, 0.000000,
                         0.129770, 0.988403,-0.078861, 0.000000,
                        -0.982219, 0.117260,-0.146616, 0.000000,
                         0.000004,40.930397, 0.000010, 1.000000;;
                      }
                      Frame Armature_LowerJaw_l {
                        FrameTransformMatrix {
                           0.003665, 0.003570,-0.999987, 0.000000,
                           0.002668, 0.999990, 0.003579, 0.000000,
                           0.999990,-0.002681, 0.003656, 0.000000,
                          14.700433,27.837105, 0.056977, 1.000000;;
                        }
                      } // End of Armature_LowerJaw_l
                      Frame Armature_drill_l {
                        FrameTransformMatrix {
                           0.003665, 0.003570,-0.999987, 0.000000,
                           0.002667, 0.999990, 0.003579, 0.000000,
                           0.999990,-0.002681, 0.003656, 0.000000,
                          -0.944945,11.008301,-0.060442, 1.000000;;
                        }
                      } // End of Armature_drill_l
                      Frame Armature_saw_l {
                        FrameTransformMatrix {
                           0.003665, 0.003570,-0.999987, 0.000000,
                           0.002667, 0.999990, 0.003579, 0.000000,
                           0.999990,-0.002681, 0.003656, 0.000000,
                          -0.224313,13.957769,-0.047299, 1.000000;;
                        }
                      } // End of Armature_saw_l
                      Frame Armature_upperJaw_l {
                        FrameTransformMatrix {
                           0.003665, 0.003570,-0.999987, 0.000000,
                           0.002668, 0.999990, 0.003579, 0.000000,
                           0.999990,-0.002681, 0.003656, 0.000000,
                          -13.323120,24.131821,-0.058958, 1.000000;;
                        }
                      } // End of Armature_upperJaw_l
                    } // End of Armature_hand_l
                  } // End of Armature_lowerarm_l
                } // End of Armature_upperarm_l
              } // End of Armature_clavicle_l
              Frame Armature_clavicle_r {
                FrameTransformMatrix {
                  -0.949237,-0.256066, 0.182697, 0.000000,
                  -0.164413,-0.091268,-0.982160, 0.000000,
                   0.268172,-0.962341, 0.044535, 0.000000,
                   3.006559, 6.351159,-20.842400, 1.000000;;
                }
                Frame Armature_upperarm_r {
                  FrameTransformMatrix {
                     0.978520, 0.170750, 0.115511, 0.000000,
                    -0.204591, 0.735537, 0.645854, 0.000000,
                     0.025317,-0.655613, 0.754672, 0.000000,
                     0.000007,15.415920,-0.000007, 1.000000;;
                  }
                  Frame Armature_lowerarm_r {
                    FrameTransformMatrix {
                      -0.073813,-0.997272, 0.000000, 0.000000,
                       0.997272,-0.073813,-0.000000, 0.000000,
                       0.000000, 0.000000, 1.000000, 0.000000,
                      -0.000006,35.891918, 0.000003, 1.000000;;
                    }
                    Frame Armature_hand_r {
                      FrameTransformMatrix {
                         0.098515,-0.064797,-0.993024, 0.000000,
                         0.350588, 0.936161,-0.026306, 0.000000,
                         0.931334,-0.345550, 0.114943, 0.000000,
                         0.000003,40.930725, 0.000004, 1.000000;;
                      }
                      Frame Armature_LowerJaw_r {
                        FrameTransformMatrix {
                           0.003665,-0.003570, 0.999987, 0.000000,
                          -0.002667, 0.999990, 0.003580, 0.000000,
                          -0.999990,-0.002680, 0.003656, 0.000000,
                          -14.700429,27.836870, 0.056984, 1.000000;;
                        }
                      } // End of Armature_LowerJaw_r
                      Frame Armature_drill_r {
                        FrameTransformMatrix {
                           0.003665,-0.003570, 0.999987, 0.000000,
                          -0.002667, 0.999990, 0.003580, 0.000000,
                          -0.999990,-0.002680, 0.003656, 0.000000,
                           0.944885,11.007850,-0.060431, 1.000000;;
                        }
                      } // End of Armature_drill_r
                      Frame Armature_saw_r {
                        FrameTransformMatrix {
                           0.003665,-0.003570, 0.999987, 0.000000,
                          -0.002667, 0.999990, 0.003579, 0.000000,
                          -0.999990,-0.002680, 0.003656, 0.000000,
                           0.224220,13.957910,-0.047287, 1.000000;;
                        }
                      } // End of Armature_saw_r
                      Frame Armature_upperJaw_r {
                        FrameTransformMatrix {
                           0.003665,-0.003570, 0.999987, 0.000000,
                          -0.002667, 0.999990, 0.003579, 0.000000,
                          -0.999990,-0.002680, 0.003656, 0.000000,
                          13.323227,24.130985,-0.058937, 1.000000;;
                        }
                      } // End of Armature_upperJaw_r
                    } // End of Armature_hand_r
                  } // End of Armature_lowerarm_r
                } // End of Armature_upperarm_r
              } // End of Armature_clavicle_r
              Frame Armature_neck_01 {
                FrameTransformMatrix {
                   0.900261, 0.431041,-0.061108, 0.000000,
                  -0.423951, 0.899919, 0.102037, 0.000000,
                   0.098974,-0.065953, 0.992902, 0.000000,
                  -0.000002,20.905081,-0.000001, 1.000000;;
                }
                Frame Armature_head {
                  FrameTransformMatrix {
                     0.990999,-0.133865, 0.000000, 0.000000,
                     0.133865, 0.991000,-0.000000, 0.000000,
                    -0.000000, 0.000000, 1.000000, 0.000000,
                    -0.000003,30.618118,-0.000002, 1.000000;;
                  }
                  Frame Armature_Jaw {
                    FrameTransformMatrix {
                       1.000000, 0.000000,-0.000000, 0.000000,
                       0.000000,-0.000000, 1.000000, 0.000000,
                       0.000000,-1.000000, 0.000000, 0.000000,
                       2.083530,-16.025862,-0.000001, 1.000000;;
                    }
                  } // End of Armature_Jaw
                  Frame Armature_face {
                    FrameTransformMatrix {
                      -0.172927, 0.984935, 0.000000, 0.000000,
                      -0.984935,-0.172927, 0.000000, 0.000000,
                       0.000000, 0.000000, 1.000000, 0.000000,
                      -11.381891,-11.468971, 0.000000, 1.000000;;
                    }
                    Frame Armature_mouth {
                      FrameTransformMatrix {
                        -0.172927,-0.984935,-0.000000, 0.000000,
                        -0.000000, 0.000000, 1.000000, 0.000000,
                        -0.984935, 0.172928,-0.000000, 0.000000,
                        -0.609473,10.399985, 0.000001, 1.000000;;
                      }
                    } // End of Armature_mouth
                  } // End of Armature_face
                  Frame Armature_hat_01 {
                    FrameTransformMatrix {
                       0.999920,-0.012625, 0.000000, 0.000000,
                       0.012625, 0.999920, 0.000000, 0.000000,
                       0.000000, 0.000000, 1.000000, 0.000000,
                       0.498004,18.918232,-0.000002, 1.000000;;
                    }
                    Frame Armature_hat_02 {
                      FrameTransformMatrix {
                         0.999920, 0.012625, 0.000000, 0.000000,
                        -0.000000,-0.000000, 1.000000, 0.000000,
                         0.012625,-0.999920,-0.000000, 0.000000,
                        -0.860997,68.190155, 0.000006, 1.000000;;
                      }
                    } // End of Armature_hat_02
                  } // End of Armature_hat_01
                  Frame Armature_hornA_01_l {
                    FrameTransformMatrix {
                       0.999912, 0.012123, 0.005449, 0.000000,
                      -0.013291, 0.912013, 0.409946, 0.000000,
                       0.000000,-0.409982, 0.912094, 0.000000,
                       0.497996,12.041773, 8.191209, 1.000000;;
                    }
                    Frame Armature_hornA_02_l {
                      FrameTransformMatrix {
                         1.000000, 0.000000, 0.000000, 0.000000,
                        -0.000000, 0.409981, 0.912094, 0.000000,
                         0.000000,-0.912094, 0.409981, 0.000000,
                        -0.000003,67.569504, 0.000010, 1.000000;;
                      }
                    } // End of Armature_hornA_02_l
                  } // End of Armature_hornA_01_l
                  Frame Armature_hornA_01_r {
                    FrameTransformMatrix {
                      -0.999912,-0.012123, 0.005449, 0.000000,
                      -0.013291, 0.912013,-0.409946, 0.000000,
                       0.000000,-0.409982,-0.912094, 0.000000,
                       0.497999,12.041635,-8.191210, 1.000000;;
                    }
                    Frame Armature_hornA_02_r {
                      FrameTransformMatrix {
                         1.000000,-0.000000,-0.000000, 0.000000,
                         0.000000, 0.409982, 0.912094, 0.000000,
                        -0.000000,-0.912094, 0.409982, 0.000000,
                         0.000006,67.569183, 0.000109, 1.000000;;
                      }
                    } // End of Armature_hornA_02_r
                  } // End of Armature_hornA_01_r
                  Frame Armature_hornB_01_l {
                    FrameTransformMatrix {
                       0.995309, 0.096750, 0.000000, 0.000000,
                      -0.064149, 0.659924, 0.748589, 0.000000,
                       0.072426,-0.745077, 0.663035, 0.000000,
                       0.497996, 1.614533,20.797295, 1.000000;;
                    }
                    Frame Armature_hornB_02_l {
                      FrameTransformMatrix {
                         1.000000, 0.000000,-0.000000, 0.000000,
                        -0.000000, 0.622114,-0.782926, 0.000000,
                         0.000000, 0.782927, 0.622114, 0.000000,
                         0.000008,21.829384, 0.000004, 1.000000;;
                      }
                      Frame Armature_hornB_03_l {
                        FrameTransformMatrix {
                           1.000000,-0.000000,-0.000000, 0.000000,
                           0.000000,-0.053400, 0.998573, 0.000000,
                          -0.000000,-0.998573,-0.053400, 0.000000,
                          -0.000018,29.144501, 0.000002, 1.000000;;
                        }
                      } // End of Armature_hornB_03_l
                    } // End of Armature_hornB_02_l
                  } // End of Armature_hornB_01_l
                  Frame Armature_hornB_01_r {
                    FrameTransformMatrix {
                      -0.995309,-0.096750, 0.000000, 0.000000,
                      -0.064149, 0.659924,-0.748589, 0.000000,
                       0.072426,-0.745077,-0.663035, 0.000000,
                       0.498005, 1.614656,-20.797300, 1.000000;;
                    }
                    Frame Armature_hornB_02_r {
                      FrameTransformMatrix {
                         1.000000,-0.000000, 0.000000, 0.000000,
                         0.000000, 0.622114,-0.782927, 0.000000,
                        -0.000000, 0.782926, 0.622114, 0.000000,
                        -0.000036,21.829521,-0.000200, 1.000000;;
                      }
                      Frame Armature_hornB_03_r {
                        FrameTransformMatrix {
                           1.000000, 0.000000, 0.000000, 0.000000,
                          -0.000000,-0.053400, 0.998573, 0.000000,
                           0.000000,-0.998573,-0.053400, 0.000000,
                           0.000034,29.144058,-0.000019, 1.000000;;
                        }
                      } // End of Armature_hornB_03_r
                    } // End of Armature_hornB_02_r
                  } // End of Armature_hornB_01_r
                  Frame Armature_hornC_01_l {
                    FrameTransformMatrix {
                       1.000000, 0.000000,-0.000000, 0.000000,
                      -0.000000, 0.550659, 0.834730, 0.000000,
                       0.000000,-0.834730, 0.550659, 0.000000,
                       0.498000,-6.945140,23.598648, 1.000000;;
                    }
                    Frame Armature_hornC_02_l {
                      FrameTransformMatrix {
                         1.000000,-0.000000, 0.000000, 0.000000,
                        -0.000000, 0.834730, 0.550659, 0.000000,
                        -0.000000,-0.550659, 0.834730, 0.000000,
                         0.000006,35.610882, 0.000003, 1.000000;;
                      }
                    } // End of Armature_hornC_02_l
                  } // End of Armature_hornC_01_l
                  Frame Armature_hornC_01_r {
                    FrameTransformMatrix {
                      -1.000000, 0.000000, 0.000000, 0.000000,
                       0.000000, 0.550659,-0.834730, 0.000000,
                      -0.000000,-0.834730,-0.550659, 0.000000,
                       0.498000,-6.945335,-23.598600, 1.000000;;
                    }
                    Frame Armature_hornC_02_r {
                      FrameTransformMatrix {
                         1.000000, 0.000000, 0.000000, 0.000000,
                        -0.000000, 0.834730, 0.550659, 0.000000,
                         0.000000,-0.550659, 0.834730, 0.000000,
                        -0.000003,35.611206,-0.000414, 1.000000;;
                      }
                    } // End of Armature_hornC_02_r
                  } // End of Armature_hornC_01_r
                } // End of Armature_head
              } // End of Armature_neck_01
            } // End of Armature_spine_03
          } // End of Armature_spine_02
        } // End of Armature_spine_01
        Frame Armature_tail_01 {
          FrameTransformMatrix {
             0.673576, 0.739118,-0.000000, 0.000000,
            -0.739118, 0.673576,-0.000000, 0.000000,
             0.000000, 0.000000, 1.000000, 0.000000,
             6.170578,24.843481,-0.000000, 1.000000;;
          }
          Frame Armature_tail_02 {
            FrameTransformMatrix {
               0.928497,-0.371339, 0.000000, 0.000000,
               0.348070, 0.870314,-0.348426, 0.000000,
               0.129384, 0.323513, 0.937336, 0.000000,
               0.000008,28.033707,-0.000001, 1.000000;;
            }
            Frame Armature_tail_03 {
              FrameTransformMatrix {
                 0.924825,-0.380392,-0.000000, 0.000000,
                 0.356555, 0.866872,-0.348426, 0.000000,
                 0.132539, 0.322233, 0.937336, 0.000000,
                 0.000002,30.899008, 0.000001, 1.000000;;
              }
              Frame Armature_tail_04 {
                FrameTransformMatrix {
                   0.946668,-0.322211, 0.000000, 0.000000,
                   0.302020, 0.887346,-0.348426, 0.000000,
                   0.112267, 0.329844, 0.937336, 0.000000,
                   1.136207,30.677719, 0.000006, 1.000000;;
                }
              } // End of Armature_tail_04
            } // End of Armature_tail_03
          } // End of Armature_tail_02
        } // End of Armature_tail_01
        Frame Armature_thigh_l {
          FrameTransformMatrix {
            -0.737034, 0.524157, 0.426661, 0.000000,
            -0.674834,-0.605435,-0.421956, 0.000000,
             0.037144,-0.598921, 0.799946, 0.000000,
            -2.265740,-0.180678,-17.085041, 1.000000;;
          }
          Frame Armature_calf_l {
            FrameTransformMatrix {
               0.537040,-0.841688,-0.056108, 0.000000,
               0.832320, 0.539534,-0.127071, 0.000000,
               0.137227, 0.021542, 0.990305, 0.000000,
              -1.092365,25.370678, 0.163616, 1.000000;;
            }
            Frame Armature_foot_l {
              FrameTransformMatrix {
                 0.325141,-0.940427,-0.099402, 0.000000,
                -0.945655,-0.322843,-0.038835, 0.000000,
                 0.004430, 0.106627,-0.994290, 0.000000,
                 1.794421,15.340363,-0.114337, 1.000000;;
              }
              Frame Armature_ball_l {
                FrameTransformMatrix {
                   0.000000, 1.000000,-0.000000, 0.000000,
                  -0.998608,-0.000000,-0.052741, 0.000000,
                  -0.052741, 0.000000, 0.998608, 0.000000,
                  -1.865966, 8.321957,-0.107339, 1.000000;;
                }
              } // End of Armature_ball_l
            } // End of Armature_foot_l
          } // End of Armature_calf_l
        } // End of Armature_thigh_l
        Frame Armature_thigh_r {
          FrameTransformMatrix {
             0.056119,-0.992062, 0.112536, 0.000000,
            -0.922800,-0.008508, 0.385185, 0.000000,
            -0.381170,-0.125464,-0.915952, 0.000000,
            -2.265774,-0.180684,17.085001, 1.000000;;
          }
          Frame Armature_calf_r {
            FrameTransformMatrix {
               0.909949, 0.403111, 0.097439, 0.000000,
              -0.399305, 0.915063,-0.056697, 0.000000,
              -0.112018, 0.012683, 0.993625, 0.000000,
               1.092370,25.370678, 0.163543, 1.000000;;
            }
            Frame Armature_foot_r {
              FrameTransformMatrix {
                 0.514002, 0.775563, 0.366475, 0.000000,
                 0.855154,-0.496769,-0.148101, 0.000000,
                 0.067191, 0.389516,-0.918565, 0.000000,
                -1.794428,15.340335,-0.114323, 1.000000;;
              }
              Frame Armature_ball_r {
                FrameTransformMatrix {
                  -0.000000,-1.000000,-0.000000, 0.000000,
                   0.998608, 0.000000,-0.052741, 0.000000,
                   0.052741,-0.000000, 0.998608, 0.000000,
                   1.865965, 8.321959,-0.107363, 1.000000;;
                }
              } // End of Armature_ball_r
            } // End of Armature_foot_r
          } // End of Armature_calf_r
        } // End of Armature_thigh_r
      } // End of Armature_pelvis
    } // End of Armature_root
    Frame Bodypart08 {
      FrameTransformMatrix {
         1.000000,-0.000000,-0.000000, 0.000000,
        -0.000000, 1.000000,-0.000000, 0.000000,
        -0.000000,-0.000000, 1.000000, 0.000000,
         0.000000, 0.000002, 0.000001, 1.000000;;
      }
    } // End of Bodypart08
    Frame Eye11 {
      FrameTransformMatrix {
         1.000000,-0.000000,-0.000000, 0.000000,
        -0.000000, 1.000000,-0.000000, 0.000000,
        -0.000000,-0.000000, 1.000000, 0.000000,
         0.000000, 0.000002, 0.000001, 1.000000;;
      }
    } // End of Eye11
    Frame Glove04 {
      FrameTransformMatrix {
         1.000000,-0.000000,-0.000000, 0.000000,
        -0.000000, 1.000000,-0.000000, 0.000000,
        -0.000000,-0.000000, 1.000000, 0.000000,
         0.000000, 0.000002, 0.000001, 1.000000;;
      }
    } // End of Glove04
    Frame MainBody03 {
      FrameTransformMatrix {
         1.000000,-0.000000,-0.000000, 0.000000,
        -0.000000, 1.000000,-0.000000, 0.000000,
        -0.000000,-0.000000, 1.000000, 0.000000,
         0.000000, 0.000002, 0.000001, 1.000000;;
      }
    } // End of MainBody03
    Frame Nose13 {
      FrameTransformMatrix {
         1.000000,-0.000000,-0.000000, 0.000000,
        -0.000000, 1.000000,-0.000000, 0.000000,
        -0.000000,-0.000000, 1.000000, 0.000000,
         0.000000, 0.000002, 0.000001, 1.000000;;
      }
    } // End of Nose13
    Frame Tail06 {
      FrameTransformMatrix {
         1.000000,-0.000000,-0.000000, 0.000000,
        -0.000000, 1.000000,-0.000000, 0.000000,
        -0.000000,-0.000000, 1.000000, 0.000000,
         0.000000, 0.000002, 0.000001, 1.000000;;
      }
    } // End of Tail06
  } // End of Armature
} // End of Root
AnimationSet Global {
  Animation {
    {Armature}
    AnimationKey { // Rotation
      0;
      21;
      0;4;-1.000000, 0.000000, 0.000000, 0.000000;;,
      1;4;-1.000000, 0.000000, 0.000000, 0.000000;;,
      2;4;-1.000000, 0.000000, 0.000000, 0.000000;;,
      3;4;-1.000000, 0.000000, 0.000000, 0.000000;;,
      4;4;-1.000000, 0.000000, 0.000000, 0.000000;;,
      5;4;-1.000000, 0.000000, 0.000000, 0.000000;;,
      6;4;-1.000000, 0.000000, 0.000000, 0.000000;;,
      7;4;-1.000000, 0.000000, 0.000000, 0.000000;;,
      8;4;-1.000000, 0.000000, 0.000000, 0.000000;;,
      9;4;-1.000000, 0.000000, 0.000000, 0.000000;;,
      10;4;-1.000000, 0.000000, 0.000000, 0.000000;;,
      11;4;-1.000000, 0.000000, 0.000000, 0.000000;;,
      12;4;-1.000000, 0.000000, 0.000000, 0.000000;;,
      13;4;-1.000000, 0.000000, 0.000000, 0.000000;;,
      14;4;-1.000000, 0.000000, 0.000000, 0.000000;;,
      15;4;-1.000000, 0.000000, 0.000000, 0.000000;;,
      16;4;-1.000000, 0.000000, 0.000000, 0.000000;;,
      17;4;-1.000000, 0.000000, 0.000000, 0.000000;;,
      18;4;-1.000000, 0.000000, 0.000000, 0.000000;;,
      19;4;-1.000000, 0.000000, 0.000000, 0.000000;;,
      20;4;-1.000000, 0.000000, 0.000000, 0.000000;;;
    }
    AnimationKey { // Scale
      1;
      21;
      0;3; 0.010000, 0.010000, 0.010000;;,
      1;3; 0.010000, 0.010000, 0.010000;;,
      2;3; 0.010000, 0.010000, 0.010000;;,
      3;3; 0.010000, 0.010000, 0.010000;;,
      4;3; 0.010000, 0.010000, 0.010000;;,
      5;3; 0.010000, 0.010000, 0.010000;;,
      6;3; 0.010000, 0.010000, 0.010000;;,
      7;3; 0.010000, 0.010000, 0.010000;;,
      8;3; 0.010000, 0.010000, 0.010000;;,
      9;3; 0.010000, 0.010000, 0.010000;;,
      10;3; 0.010000, 0.010000, 0.010000;;,
      11;3; 0.010000, 0.010000, 0.010000;;,
      12;3; 0.010000, 0.010000, 0.010000;;,
      13;3; 0.010000, 0.010000, 0.010000;;,
      14;3; 0.010000, 0.010000, 0.010000;;,
      15;3; 0.010000, 0.010000, 0.010000;;,
      16;3; 0.010000, 0.010000, 0.010000;;,
      17;3; 0.010000, 0.010000, 0.010000;;,
      18;3; 0.010000, 0.010000, 0.010000;;,
      19;3; 0.010000, 0.010000, 0.010000;;,
      20;3; 0.010000, 0.010000, 0.010000;;;
    }
    AnimationKey { // Position
      2;
      21;
      0;3; 0.000000, 0.000000, 0.000000;;,
      1;3; 0.000000, 0.000000, 0.000000;;,
      2;3; 0.000000, 0.000000, 0.000000;;,
      3;3; 0.000000, 0.000000, 0.000000;;,
      4;3; 0.000000, 0.000000, 0.000000;;,
      5;3; 0.000000, 0.000000, 0.000000;;,
      6;3; 0.000000, 0.000000, 0.000000;;,
      7;3; 0.000000, 0.000000, 0.000000;;,
      8;3; 0.000000, 0.000000, 0.000000;;,
      9;3; 0.000000, 0.000000, 0.000000;;,
      10;3; 0.000000, 0.000000, 0.000000;;,
      11;3; 0.000000, 0.000000, 0.000000;;,
      12;3; 0.000000, 0.000000, 0.000000;;,
      13;3; 0.000000, 0.000000, 0.000000;;,
      14;3; 0.000000, 0.000000, 0.000000;;,
      15;3; 0.000000, 0.000000, 0.000000;;,
      16;3; 0.000000, 0.000000, 0.000000;;,
      17;3; 0.000000, 0.000000, 0.000000;;,
      18;3; 0.000000, 0.000000, 0.000000;;,
      19;3; 0.000000, 0.000000, 0.000000;;,
      20;3; 0.000000, 0.000000, 0.000000;;;
    }
  }
  Animation {
    {Armature_root}
    AnimationKey { // Rotation
      0;
      21;
      0;4;-0.707107, 0.707107, 0.000000, 0.000000;;,
      1;4;-0.707051, 0.707051, 0.008865,-0.008865;;,
      2;4;-0.706714, 0.706714,-0.023574, 0.023574;;,
      3;4;-0.707101, 0.707101, 0.002917,-0.002917;;,
      4;4;-0.707107, 0.707107, 0.000000, 0.000000;;,
      5;4;-0.707107, 0.707107, 0.000000, 0.000000;;,
      6;4;-0.707107, 0.707107, 0.000000, 0.000000;;,
      7;4;-0.707107, 0.707107, 0.000000, 0.000000;;,
      8;4;-0.707107, 0.707107, 0.000000, 0.000000;;,
      9;4;-0.707107, 0.707107, 0.000000, 0.000000;;,
      10;4;-0.707107, 0.707107, 0.000000, 0.000000;;,
      11;4;-0.707107, 0.707107, 0.000000, 0.000000;;,
      12;4;-0.707107, 0.707107, 0.000000, 0.000000;;,
      13;4;-0.707107, 0.707107, 0.000000, 0.000000;;,
      14;4;-0.707107, 0.707107, 0.000000, 0.000000;;,
      15;4;-0.707107, 0.707107, 0.000000, 0.000000;;,
      16;4;-0.707107, 0.707107, 0.000000, 0.000000;;,
      17;4;-0.707107, 0.707107, 0.000000, 0.000000;;,
      18;4;-0.707107, 0.707107, 0.000000, 0.000000;;,
      19;4;-0.707107, 0.707107, 0.000000, 0.000000;;,
      20;4;-0.707107, 0.707107, 0.000000, 0.000000;;;
    }
    AnimationKey { // Scale
      1;
      21;
      0;3; 1.000000, 1.000000, 1.000000;;,
      1;3; 1.000000, 1.000000, 1.000000;;,
      2;3; 1.000000, 1.000000, 1.000000;;,
      3;3; 1.000000, 1.000000, 1.000000;;,
      4;3; 1.000000, 1.000000, 1.000000;;,
      5;3; 1.000000, 1.000000, 1.000000;;,
      6;3; 1.000000, 1.000000, 1.000000;;,
      7;3; 1.000000, 1.000000, 1.000000;;,
      8;3; 1.000000, 1.000000, 1.000000;;,
      9;3; 1.000000, 1.000000, 1.000000;;,
      10;3; 1.000000, 1.000000, 1.000000;;,
      11;3; 1.000000, 1.000000, 1.000000;;,
      12;3; 1.000000, 1.000000, 1.000000;;,
      13;3; 1.000000, 1.000000, 1.000000;;,
      14;3; 1.000000, 1.000000, 1.000000;;,
      15;3; 1.000000, 1.000000, 1.000000;;,
      16;3; 1.000000, 1.000000, 1.000000;;,
      17;3; 1.000000, 1.000000, 1.000000;;,
      18;3; 1.000000, 1.000000, 1.000000;;,
      19;3; 1.000000, 1.000000, 1.000000;;,
      20;3; 1.000000, 1.000000, 1.000000;;;
    }
    AnimationKey { // Position
      2;
      21;
      0;3; 0.000000, 0.000000, 0.000000;;,
      1;3; 0.000000,-1.861695, 0.000000;;,
      2;3; 0.000000, 0.000000, 0.000000;;,
      3;3; 0.000000,-3.257966, 0.000000;;,
      4;3; 0.000000, 0.000000, 0.000000;;,
      5;3; 0.000000, 0.000000, 0.000000;;,
      6;3; 0.000000, 0.000000, 0.000000;;,
      7;3; 0.000000, 0.000000, 0.000000;;,
      8;3; 0.000000, 0.000000, 0.000000;;,
      9;3; 0.000000, 0.000000, 0.000000;;,
      10;3; 0.000000, 0.000000, 0.000000;;,
      11;3; 0.000000, 0.000000, 0.000000;;,
      12;3; 0.000000, 0.000000, 0.000000;;,
      13;3; 0.000000, 0.000000, 0.000000;;,
      14;3; 0.000000, 0.000000, 0.000000;;,
      15;3; 0.000000, 0.000000, 0.000000;;,
      16;3; 0.000000, 0.000000, 0.000000;;,
      17;3; 0.000000, 0.000000, 0.000000;;,
      18;3; 0.000000, 0.000000, 0.000000;;,
      19;3; 0.000000, 0.000000, 0.000000;;,
      20;3; 0.000000, 0.000000, 0.000000;;;
    }
  }
  Animation {
    {Armature_pelvis}
    AnimationKey { // Rotation
      0;
      21;
      0;4;-0.421343,-0.544640,-0.640537, 0.339925;;,
      1;4;-0.421452,-0.544435,-0.640712, 0.339790;;,
      2;4;-0.421748,-0.543877,-0.641186, 0.339422;;,
      3;4;-0.422183,-0.543054,-0.641883, 0.338881;;,
      4;4;-0.422711,-0.542053,-0.642729, 0.338223;;,
      5;4;-0.423283,-0.540962,-0.643647, 0.337506;;,
      6;4;-0.423855,-0.539870,-0.644563, 0.336787;;,
      7;4;-0.424379,-0.538865,-0.645403, 0.336126;;,
      8;4;-0.424810,-0.538036,-0.646094, 0.335582;;,
      9;4;-0.425102,-0.537474,-0.646563, 0.335212;;,
      10;4;-0.425210,-0.537266,-0.646735, 0.335075;;,
      11;4;-0.425102,-0.537474,-0.646563, 0.335212;;,
      12;4;-0.424810,-0.538036,-0.646094, 0.335582;;,
      13;4;-0.424379,-0.538865,-0.645403, 0.336126;;,
      14;4;-0.423855,-0.539870,-0.644563, 0.336787;;,
      15;4;-0.423283,-0.540962,-0.643647, 0.337506;;,
      16;4;-0.422711,-0.542053,-0.642729, 0.338223;;,
      17;4;-0.422183,-0.543054,-0.641883, 0.338881;;,
      18;4;-0.421748,-0.543877,-0.641186, 0.339423;;,
      19;4;-0.421452,-0.544435,-0.640712, 0.339790;;,
      20;4;-0.421343,-0.544640,-0.640537, 0.339925;;;
    }
    AnimationKey { // Scale
      1;
      21;
      0;3; 1.000000, 1.000000, 1.000000;;,
      1;3; 1.000000, 1.000000, 1.000000;;,
      2;3; 1.000000, 1.000000, 1.000000;;,
      3;3; 1.000000, 1.000000, 1.000000;;,
      4;3; 1.000000, 1.000000, 1.000000;;,
      5;3; 1.000000, 1.000000, 1.000000;;,
      6;3; 1.000000, 1.000000, 1.000000;;,
      7;3; 1.000000, 1.000000, 1.000000;;,
      8;3; 1.000000, 1.000000, 1.000000;;,
      9;3; 1.000000, 1.000000, 1.000000;;,
      10;3; 1.000000, 1.000000, 1.000000;;,
      11;3; 1.000000, 1.000000, 1.000000;;,
      12;3; 1.000000, 1.000000, 1.000000;;,
      13;3; 1.000000, 1.000000, 1.000000;;,
      14;3; 1.000000, 1.000000, 1.000000;;,
      15;3; 1.000000, 1.000000, 1.000000;;,
      16;3; 1.000000, 1.000000, 1.000000;;,
      17;3; 1.000000, 1.000000, 1.000000;;,
      18;3; 1.000000, 1.000000, 1.000000;;,
      19;3; 1.000000, 1.000000, 1.000000;;,
      20;3; 1.000000, 1.000000, 1.000000;;;
    }
    AnimationKey { // Position
      2;
      21;
      0;3; 1.415972,39.025639,-6.263434;;,
      1;3; 1.415972,38.926197,-8.095810;;,
      2;3; 1.415972,38.656288, 0.229927;;,
      3;3; 1.415972,38.258522,-13.891427;;,
      4;3; 1.415972,37.775520,-21.220110;;,
      5;3; 1.415972,37.249901,-23.316296;;,
      6;3; 1.415972,36.724285,-23.099033;;,
      7;3; 1.415972,36.241287,-22.487654;;,
      8;3; 1.415972,35.843517,-21.542799;;,
      9;3; 1.415972,35.573608,-20.325098;;,
      10;3; 1.415972,35.474171,-18.895185;;,
      11;3; 1.415972,35.573608,-17.313690;;,
      12;3; 1.415972,35.843517,-15.641245;;,
      13;3; 1.415972,36.241287,-13.938486;;,
      14;3; 1.415972,36.724285,-12.266043;;,
      15;3; 1.415972,37.249901,-10.684546;;,
      16;3; 1.415972,37.775520,-9.254631;;,
      17;3; 1.415972,38.258522,-8.036932;;,
      18;3; 1.415972,38.656288,-7.092076;;,
      19;3; 1.415972,38.926201,-6.480699;;,
      20;3; 1.415972,39.025639,-6.263434;;;
    }
  }
  Animation {
    {Armature_spine_01}
    AnimationKey { // Rotation
      0;
      21;
      0;4;-0.072424, 0.997282,-0.009322, 0.009791;;,
      1;4;-0.073379, 0.996986,-0.025129, 0.001686;;,
      2;4;-0.074555, 0.996357,-0.040919,-0.006392;;,
      3;4;-0.074432, 0.996369,-0.040887,-0.006059;;,
      4;4;-0.074223, 0.996394,-0.040778,-0.005127;;,
      5;4;-0.073950, 0.996430,-0.040566,-0.003739;;,
      6;4;-0.073634, 0.996472,-0.040228,-0.002035;;,
      7;4;-0.073298, 0.996518,-0.039739,-0.000158;;,
      8;4;-0.072963, 0.996567,-0.039074, 0.001751;;,
      9;4;-0.072652, 0.996619,-0.038210, 0.003552;;,
      10;4;-0.072388, 0.996673,-0.037123, 0.005102;;,
      11;4;-0.072191, 0.996729,-0.035787, 0.006261;;,
      12;4;-0.072073, 0.996804,-0.033719, 0.007106;;,
      13;4;-0.072027, 0.996900,-0.030672, 0.007815;;,
      14;4;-0.072035, 0.997002,-0.026969, 0.008399;;,
      15;4;-0.072086, 0.997095,-0.022940, 0.008867;;,
      16;4;-0.072164, 0.997171,-0.018910, 0.009227;;,
      17;4;-0.072253, 0.997225,-0.015206, 0.009489;;,
      18;4;-0.072337, 0.997259,-0.012155, 0.009664;;,
      19;4;-0.072399, 0.997277,-0.010085, 0.009761;;,
      20;4;-0.072424, 0.997282,-0.009322, 0.009791;;;
    }
    AnimationKey { // Scale
      1;
      21;
      0;3; 1.000001, 1.000000, 1.000000;;,
      1;3; 1.000002, 1.000000, 1.000000;;,
      2;3; 1.000001, 1.000000, 1.000000;;,
      3;3; 1.000001, 1.000000, 1.000000;;,
      4;3; 1.000001, 1.000000, 1.000000;;,
      5;3; 1.000001, 1.000000, 1.000000;;,
      6;3; 1.000001, 1.000000, 1.000000;;,
      7;3; 1.000001, 1.000000, 1.000000;;,
      8;3; 1.000001, 1.000000, 1.000000;;,
      9;3; 1.000001, 1.000000, 1.000000;;,
      10;3; 1.000001, 1.000000, 1.000000;;,
      11;3; 1.000001, 1.000000, 1.000000;;,
      12;3; 1.000001, 1.000000, 1.000000;;,
      13;3; 1.000002, 1.000000, 1.000000;;,
      14;3; 1.000001, 1.000000, 1.000000;;,
      15;3; 1.000001, 1.000000, 1.000000;;,
      16;3; 1.000001, 1.000000, 1.000000;;,
      17;3; 1.000002, 1.000000, 1.000000;;,
      18;3; 1.000002, 1.000000, 1.000000;;,
      19;3; 1.000002, 1.000000, 1.000000;;,
      20;3; 1.000001, 1.000000, 1.000000;;;
    }
    AnimationKey { // Position
      2;
      21;
      0;3;14.028803, 0.619728,-0.000000;;,
      1;3;14.028803, 0.619729,-0.000001;;,
      2;3;14.028805, 0.619730,-0.000000;;,
      3;3;14.028804, 0.619728,-0.000001;;,
      4;3;14.028805, 0.619728,-0.000000;;,
      5;3;14.028808, 0.619727,-0.000001;;,
      6;3;14.028808, 0.619732, 0.000000;;,
      7;3;14.028808, 0.619727, 0.000000;;,
      8;3;14.028805, 0.619727,-0.000000;;,
      9;3;14.028801, 0.619728,-0.000001;;,
      10;3;14.028807, 0.619727,-0.000001;;,
      11;3;14.028801, 0.619728,-0.000001;;,
      12;3;14.028806, 0.619730,-0.000001;;,
      13;3;14.028807, 0.619729,-0.000001;;,
      14;3;14.028805, 0.619730,-0.000001;;,
      15;3;14.028805, 0.619726,-0.000001;;,
      16;3;14.028805, 0.619729,-0.000000;;,
      17;3;14.028806, 0.619730,-0.000001;;,
      18;3;14.028807, 0.619730,-0.000000;;,
      19;3;14.028807, 0.619729,-0.000000;;,
      20;3;14.028803, 0.619728,-0.000000;;;
    }
  }
  Animation {
    {Armature_spine_02}
    AnimationKey { // Rotation
      0;
      21;
      0;4;-0.677984,-0.042919,-0.042417,-0.732596;;,
      1;4;-0.684030,-0.039989,-0.047395,-0.726813;;,
      2;4;-0.690012,-0.037141,-0.052419,-0.720941;;,
      3;4;-0.683382,-0.044895,-0.043122,-0.727402;;,
      4;4;-0.666962,-0.064000,-0.021476,-0.742027;;,
      5;4;-0.646302,-0.087892, 0.003339,-0.757996;;,
      6;4;-0.628169,-0.108775, 0.023222,-0.770086;;,
      7;4;-0.620356,-0.117757, 0.031302,-0.774798;;,
      8;4;-0.625262,-0.109151, 0.018312,-0.772527;;,
      9;4;-0.636900,-0.089099,-0.012997,-0.765670;;,
      10;4;-0.650695,-0.066113,-0.050898,-0.754741;;,
      11;4;-0.662626,-0.047788,-0.082994,-0.742802;;,
      12;4;-0.669466,-0.040622,-0.096443,-0.735435;;,
      13;4;-0.672366,-0.041072,-0.093991,-0.733078;;,
      14;4;-0.674509,-0.041513,-0.087824,-0.731848;;,
      15;4;-0.676018,-0.041908,-0.079179,-0.731419;;,
      16;4;-0.677009,-0.042246,-0.069296,-0.731486;;,
      17;4;-0.677594,-0.042521,-0.059423,-0.731797;;,
      18;4;-0.677881,-0.042732,-0.050813,-0.732167;;,
      19;4;-0.677976,-0.042869,-0.044725,-0.732469;;,
      20;4;-0.677984,-0.042919,-0.042417,-0.732596;;;
    }
    AnimationKey { // Scale
      1;
      21;
      0;3; 1.000000, 1.000000, 1.000000;;,
      1;3; 1.000000, 1.000000, 1.000000;;,
      2;3; 1.000000, 1.000000, 1.000000;;,
      3;3; 1.000000, 1.000000, 1.000000;;,
      4;3; 1.000000, 1.000000, 1.000000;;,
      5;3; 1.000000, 1.000000, 1.000000;;,
      6;3; 1.000000, 1.000000, 1.000000;;,
      7;3; 1.000000, 1.000000, 1.000000;;,
      8;3; 1.000000, 1.000000, 1.000000;;,
      9;3; 1.000000, 1.000000, 1.000000;;,
      10;3; 1.000000, 1.000000, 1.000000;;,
      11;3; 1.000000, 1.000000, 1.000000;;,
      12;3; 1.000000, 1.000000, 1.000000;;,
      13;3; 1.000000, 1.000000, 1.000000;;,
      14;3; 1.000000, 1.000000, 1.000000;;,
      15;3; 1.000000, 1.000000, 1.000000;;,
      16;3; 1.000000, 1.000000, 1.000000;;,
      17;3; 1.000000, 1.000000, 1.000000;;,
      18;3; 1.000000, 1.000000, 1.000000;;,
      19;3; 1.000000, 1.000000, 1.000000;;,
      20;3; 1.000000, 1.000000, 1.000000;;;
    }
    AnimationKey { // Position
      2;
      21;
      0;3;15.357315, 0.000011, 0.000002;;,
      1;3;15.357306, 0.000012, 0.000001;;,
      2;3;15.357310, 0.000010, 0.000002;;,
      3;3;15.357300, 0.000014, 0.000001;;,
      4;3;15.357303, 0.000014, 0.000003;;,
      5;3;15.357302, 0.000008, 0.000001;;,
      6;3;15.357307, 0.000012, 0.000001;;,
      7;3;15.357311, 0.000010, 0.000003;;,
      8;3;15.357303, 0.000010, 0.000001;;,
      9;3;15.357303, 0.000011, 0.000002;;,
      10;3;15.357302, 0.000012, 0.000001;;,
      11;3;15.357303, 0.000012, 0.000002;;,
      12;3;15.357305, 0.000011, 0.000002;;,
      13;3;15.357312, 0.000010, 0.000000;;,
      14;3;15.357311, 0.000011, 0.000003;;,
      15;3;15.357304, 0.000014, 0.000002;;,
      16;3;15.357294, 0.000011, 0.000002;;,
      17;3;15.357306, 0.000011, 0.000002;;,
      18;3;15.357306, 0.000011, 0.000002;;,
      19;3;15.357308, 0.000011, 0.000002;;,
      20;3;15.357315, 0.000011, 0.000002;;;
    }
  }
  Animation {
    {Armature_spine_03}
    AnimationKey { // Rotation
      0;
      21;
      0;4;-0.999248, 0.012918,-0.034450,-0.012275;;,
      1;4;-0.999304, 0.012052,-0.034752, 0.006206;;,
