xof 0303txt 0032

Frame Root {
  FrameTransformMatrix {
     1.000000, 0.000000, 0.000000, 0.000000,
     0.000000,-0.000000,-1.000000, 0.000000,
     0.000000, 1.000000,-0.000000, 0.000000,
     0.000000, 0.000000, 0.000000, 1.000000;;
  }
  Frame Armature {
    FrameTransformMatrix {
       0.010000, 0.000000, 0.000000, 0.000000,
       0.000000, 0.010000, 0.000000, 0.000000,
       0.000000, 0.000000, 0.010000, 0.000000,
       0.000000, 0.000000, 0.000000, 1.000000;;
    }
    Frame Armature_root {
      FrameTransformMatrix {
         1.000000, 0.000000, 0.000000, 0.000000,
         0.000000, 0.000000, 1.000000, 0.000000,
         0.000000,-1.000000, 0.000000, 0.000000,
         0.000000, 0.000000, 0.000000, 1.000000;;
      }
      Frame Armature_pelvis {
        FrameTransformMatrix {
          -0.250799, 0.922644, 0.292962, 0.000000,
          -0.063929, 0.286188,-0.956038, 0.000000,
          -0.965926,-0.258503,-0.012792, 0.000000,
          -6.077348,43.452366, 0.076357, 1.000000;;
        }
        Frame Armature_spine_01 {
          FrameTransformMatrix {
             0.947851, 0.196311,-0.251086, 0.000000,
             0.244798,-0.952889, 0.179101, 0.000000,
            -0.204098,-0.231226,-0.951251, 0.000000,
            14.028803, 0.619730,-0.000000, 1.000000;;
          }
          Frame Armature_FrontBelly {
            FrameTransformMatrix {
              -0.000000,-0.000000, 1.000000, 0.000000,
               0.044573, 0.999006,-0.000000, 0.000000,
              -0.999006, 0.044573,-0.000000, 0.000000,
               0.030933,27.276634, 3.503982, 1.000000;;
            }
          } // End of Armature_FrontBelly
          Frame Armature_spine_02 {
            FrameTransformMatrix {
              -0.152205,-0.988304,-0.009449, 0.000000,
               0.984506,-0.152449, 0.086642, 0.000000,
              -0.087069, 0.003885, 0.996195, 0.000000,
              15.357307, 0.000011, 0.000002, 1.000000;;
            }
            Frame Armature_spine_03 {
              FrameTransformMatrix {
                 0.984060,-0.177833,-0.000000, 0.000000,
                 0.177833, 0.984060, 0.000000, 0.000000,
                 0.000000, 0.000000, 1.000000, 0.000000,
                -0.000000,14.891388,-0.000001, 1.000000;;
              }
              Frame Armature_clavicle_l {
                FrameTransformMatrix {
                   0.949238, 0.256066, 0.182698, 0.000000,
                  -0.164414,-0.091268, 0.982160, 0.000000,
                   0.268172,-0.962341,-0.044535, 0.000000,
                   3.006552, 6.351182,20.842352, 1.000000;;
                }
                Frame Armature_upperarm_l {
                  FrameTransformMatrix {
                     0.963076,-0.159448, 0.216937, 0.000000,
                     0.008942, 0.824265, 0.566134, 0.000000,
                    -0.269083,-0.543290, 0.795255, 0.000000,
                    -0.000002,15.415950,-0.000003, 1.000000;;
                  }
                  Frame Armature_lowerarm_l {
                    FrameTransformMatrix {
                       0.467366, 0.884064, 0.000000, 0.000000,
                      -0.884064, 0.467366, 0.000000, 0.000000,
                       0.000000,-0.000000, 1.000000, 0.000000,
                       0.000001,35.891953,-0.000003, 1.000000;;
                    }
                    Frame Armature_hand_l {
                      FrameTransformMatrix {
                         0.169875,-0.240669, 0.955626, 0.000000,
                        -0.124602, 0.956692, 0.263087, 0.000000,
                        -0.977557,-0.163765, 0.132530, 0.000000,
                         0.000008,40.930397,-0.000006, 1.000000;;
                      }
                      Frame Armature_LowerJaw_l {
                        FrameTransformMatrix {
                           0.003666, 0.003570,-0.999987, 0.000000,
                           0.002668, 0.999990, 0.003579, 0.000000,
                           0.999990,-0.002681, 0.003656, 0.000000,
                          14.700434,27.837097, 0.056986, 1.000000;;
                        }
                      } // End of Armature_LowerJaw_l
                      Frame Armature_drill_l {
                        FrameTransformMatrix {
                           0.003666, 0.003570,-0.999987, 0.000000,
                           0.002667, 0.999990, 0.003579, 0.000000,
                           0.999990,-0.002681, 0.003656, 0.000000,
                          -0.944946,11.008298,-0.060428, 1.000000;;
                        }
                      } // End of Armature_drill_l
                      Frame Armature_saw_l {
                        FrameTransformMatrix {
                           0.003666, 0.003570,-0.999987, 0.000000,
                           0.002667, 0.999990, 0.003579, 0.000000,
                           0.999990,-0.002681, 0.003656, 0.000000,
                          -0.224310,13.957766,-0.047288, 1.000000;;
                        }
                      } // End of Armature_saw_l
                      Frame Armature_upperJaw_l {
                        FrameTransformMatrix {
                           0.003665, 0.003570,-0.999987, 0.000000,
                           0.002668, 0.999990, 0.003579, 0.000000,
                           0.999990,-0.002681, 0.003656, 0.000000,
                          -13.323118,24.131817,-0.058947, 1.000000;;
                        }
                      } // End of Armature_upperJaw_l
                    } // End of Armature_hand_l
                  } // End of Armature_lowerarm_l
                } // End of Armature_upperarm_l
              } // End of Armature_clavicle_l
              Frame Armature_clavicle_r {
                FrameTransformMatrix {
                  -0.949238,-0.256066, 0.182697, 0.000000,
                  -0.164413,-0.091268,-0.982160, 0.000000,
                   0.268172,-0.962341, 0.044535, 0.000000,
                   3.006559, 6.351162,-20.842402, 1.000000;;
                }
                Frame Armature_upperarm_r {
                  FrameTransformMatrix {
                     0.988087,-0.153885, 0.001638, 0.000000,
                     0.153795, 0.987778, 0.025343, 0.000000,
                    -0.005518,-0.024789, 0.999677, 0.000000,
                     0.000004,15.415915,-0.000007, 1.000000;;
                  }
                  Frame Armature_lowerarm_r {
                    FrameTransformMatrix {
                       0.021264,-0.999774, 0.000000, 0.000000,
                       0.999774, 0.021264,-0.000000, 0.000000,
                       0.000000, 0.000000, 1.000000, 0.000000,
                       0.000002,35.891914, 0.000000, 1.000000;;
                    }
                    Frame Armature_hand_r {
                      FrameTransformMatrix {
                         0.094926,-0.412438,-0.906027, 0.000000,
                        -0.236289, 0.874792,-0.422975, 0.000000,
                         0.967035, 0.254235,-0.014414, 0.000000,
                         0.000000,40.930733,-0.000004, 1.000000;;
                      }
                      Frame Armature_LowerJaw_r {
                        FrameTransformMatrix {
                           0.003665,-0.003570, 0.999987, 0.000000,
                          -0.002667, 0.999990, 0.003580, 0.000000,
                          -0.999990,-0.002680, 0.003656, 0.000000,
                          -14.700438,27.836861, 0.056987, 1.000000;;
                        }
                      } // End of Armature_LowerJaw_r
                      Frame Armature_drill_r {
                        FrameTransformMatrix {
                           0.003665,-0.003570, 0.999987, 0.000000,
                          -0.002667, 0.999990, 0.003580, 0.000000,
                          -0.999990,-0.002680, 0.003656, 0.000000,
                           0.944880,11.007845,-0.060419, 1.000000;;
                        }
                      } // End of Armature_drill_r
                      Frame Armature_saw_r {
                        FrameTransformMatrix {
                           0.003665,-0.003570, 0.999987, 0.000000,
                          -0.002667, 0.999990, 0.003580, 0.000000,
                          -0.999990,-0.002680, 0.003656, 0.000000,
                           0.224210,13.957903,-0.047280, 1.000000;;
                        }
                      } // End of Armature_saw_r
                      Frame Armature_upperJaw_r {
                        FrameTransformMatrix {
                           0.003665,-0.003570, 0.999987, 0.000000,
                          -0.002667, 0.999990, 0.003580, 0.000000,
                          -0.999990,-0.002680, 0.003656, 0.000000,
                          13.323215,24.130981,-0.058941, 1.000000;;
                        }
                      } // End of Armature_upperJaw_r
                    } // End of Armature_hand_r
                  } // End of Armature_lowerarm_r
                } // End of Armature_upperarm_r
              } // End of Armature_clavicle_r
              Frame Armature_neck_01 {
                FrameTransformMatrix {
                   0.854262, 0.388969, 0.344875, 0.000000,
                  -0.360847, 0.921251,-0.145212, 0.000000,
                  -0.374200,-0.000398, 0.927348, 0.000000,
                  -0.000002,20.905094,-0.000000, 1.000000;;
                }
                Frame Armature_head {
                  FrameTransformMatrix {
                     0.990999,-0.133865,-0.000000, 0.000000,
                     0.133865, 0.990999,-0.000000, 0.000000,
                    -0.000000, 0.000000, 1.000000, 0.000000,
                     0.000002,30.618109,-0.000000, 1.000000;;
                  }
                  Frame Armature_Jaw {
                    FrameTransformMatrix {
                       1.000000, 0.000000, 0.000000, 0.000000,
                       0.000000,-0.000000, 1.000000, 0.000000,
                       0.000000,-1.000000, 0.000000, 0.000000,
                       2.083532,-16.025867, 0.000000, 1.000000;;
                    }
                  } // End of Armature_Jaw
                  Frame Armature_face {
                    FrameTransformMatrix {
                      -0.172927, 0.984935,-0.000000, 0.000000,
                      -0.984935,-0.172927, 0.000000, 0.000000,
                       0.000000, 0.000000, 1.000000, 0.000000,
                      -11.381894,-11.468987, 0.000000, 1.000000;;
                    }
                    Frame Armature_mouth {
                      FrameTransformMatrix {
                        -0.172927,-0.984935, 0.000000, 0.000000,
                        -0.000000, 0.000000, 1.000000, 0.000000,
                        -0.984935, 0.172927,-0.000000, 0.000000,
                        -0.609471,10.399982,-0.000000, 1.000000;;
                      }
                    } // End of Armature_mouth
                  } // End of Armature_face
                  Frame Armature_hat_01 {
                    FrameTransformMatrix {
                       0.999920,-0.012625,-0.000000, 0.000000,
                       0.012625, 0.999920,-0.000000, 0.000000,
                       0.000000, 0.000000, 1.000000, 0.000000,
                       0.498001,18.918224, 0.000000, 1.000000;;
                    }
                    Frame Armature_hat_02 {
                      FrameTransformMatrix {
                         0.999920, 0.012625, 0.000000, 0.000000,
                        -0.000000,-0.000000, 1.000000, 0.000000,
                         0.012625,-0.999920,-0.000000, 0.000000,
                        -0.860989,68.190170, 0.000000, 1.000000;;
                      }
                    } // End of Armature_hat_02
                  } // End of Armature_hat_01
                  Frame Armature_hornA_01_l {
                    FrameTransformMatrix {
                       0.999912, 0.012123, 0.005449, 0.000000,
                      -0.013291, 0.912013, 0.409946, 0.000000,
                      -0.000000,-0.409982, 0.912094, 0.000000,
                       0.498001,12.041763, 8.191208, 1.000000;;
                    }
                    Frame Armature_hornA_02_l {
                      FrameTransformMatrix {
                         1.000000, 0.000000,-0.000000, 0.000000,
                         0.000000, 0.409981, 0.912094, 0.000000,
                         0.000000,-0.912094, 0.409982, 0.000000,
                         0.000000,67.569519, 0.000006, 1.000000;;
                      }
                    } // End of Armature_hornA_02_l
                  } // End of Armature_hornA_01_l
                  Frame Armature_hornA_01_r {
                    FrameTransformMatrix {
                      -0.999912,-0.012123, 0.005449, 0.000000,
                      -0.013291, 0.912013,-0.409946, 0.000000,
                       0.000000,-0.409982,-0.912094, 0.000000,
                       0.498000,12.041625,-8.191211, 1.000000;;
                    }
                    Frame Armature_hornA_02_r {
                      FrameTransformMatrix {
                         1.000000,-0.000000,-0.000000, 0.000000,
                         0.000000, 0.409982, 0.912094, 0.000000,
                        -0.000000,-0.912094, 0.409982, 0.000000,
                         0.000004,67.569183, 0.000108, 1.000000;;
                      }
                    } // End of Armature_hornA_02_r
                  } // End of Armature_hornA_01_r
                  Frame Armature_hornB_01_l {
                    FrameTransformMatrix {
                       0.995309, 0.096750, 0.000000, 0.000000,
                      -0.064149, 0.659924, 0.748589, 0.000000,
                       0.072426,-0.745077, 0.663035, 0.000000,
                       0.498001, 1.614521,20.797298, 1.000000;;
                    }
                    Frame Armature_hornB_02_l {
                      FrameTransformMatrix {
                         1.000000, 0.000000,-0.000000, 0.000000,
                        -0.000000, 0.622114,-0.782927, 0.000000,
                         0.000000, 0.782926, 0.622114, 0.000000,
                         0.000000,21.829390,-0.000010, 1.000000;;
                      }
                      Frame Armature_hornB_03_l {
                        FrameTransformMatrix {
                           1.000000,-0.000000,-0.000000, 0.000000,
                           0.000000,-0.053400, 0.998573, 0.000000,
                          -0.000000,-0.998573,-0.053400, 0.000000,
                           0.000000,29.144497, 0.000001, 1.000000;;
                        }
                      } // End of Armature_hornB_03_l
                    } // End of Armature_hornB_02_l
                  } // End of Armature_hornB_01_l
                  Frame Armature_hornB_01_r {
                    FrameTransformMatrix {
                      -0.995309,-0.096750, 0.000000, 0.000000,
                      -0.064149, 0.659924,-0.748589, 0.000000,
                       0.072426,-0.745077,-0.663035, 0.000000,
                       0.498001, 1.614646,-20.797298, 1.000000;;
                    }
                    Frame Armature_hornB_02_r {
                      FrameTransformMatrix {
                         1.000000,-0.000000, 0.000000, 0.000000,
                         0.000000, 0.622114,-0.782926, 0.000000,
                        -0.000000, 0.782926, 0.622114, 0.000000,
                        -0.000031,21.829531,-0.000199, 1.000000;;
                      }
                      Frame Armature_hornB_03_r {
                        FrameTransformMatrix {
                           1.000000, 0.000000, 0.000000, 0.000000,
                          -0.000000,-0.053400, 0.998573, 0.000000,
                           0.000000,-0.998573,-0.053400, 0.000000,
                           0.000045,29.144070,-0.000021, 1.000000;;
                        }
                      } // End of Armature_hornB_03_r
                    } // End of Armature_hornB_02_r
                  } // End of Armature_hornB_01_r
                  Frame Armature_hornC_01_l {
                    FrameTransformMatrix {
                       1.000000, 0.000000,-0.000000, 0.000000,
                       0.000000, 0.550659, 0.834730, 0.000000,
                       0.000000,-0.834730, 0.550659, 0.000000,
                       0.498000,-6.945168,23.598652, 1.000000;;
                    }
                    Frame Armature_hornC_02_l {
                      FrameTransformMatrix {
                         1.000000,-0.000000, 0.000000, 0.000000,
                        -0.000000, 0.834730, 0.550659, 0.000000,
                        -0.000000,-0.550659, 0.834730, 0.000000,
                         0.000000,35.610870,-0.000003, 1.000000;;
                      }
                    } // End of Armature_hornC_02_l
                  } // End of Armature_hornC_01_l
                  Frame Armature_hornC_01_r {
                    FrameTransformMatrix {
                      -1.000000, 0.000000, 0.000000, 0.000000,
                       0.000000, 0.550659,-0.834730, 0.000000,
                      -0.000000,-0.834730,-0.550659, 0.000000,
                       0.498000,-6.945338,-23.598604, 1.000000;;
                    }
                    Frame Armature_hornC_02_r {
                      FrameTransformMatrix {
                         1.000000, 0.000000, 0.000000, 0.000000,
                        -0.000000, 0.834730, 0.550659, 0.000000,
                         0.000000,-0.550659, 0.834730, 0.000000,
                        -0.000002,35.611187,-0.000407, 1.000000;;
                      }
                    } // End of Armature_hornC_02_r
                  } // End of Armature_hornC_01_r
                } // End of Armature_head
              } // End of Armature_neck_01
            } // End of Armature_spine_03
          } // End of Armature_spine_02
        } // End of Armature_spine_01
        Frame Armature_tail_01 {
          FrameTransformMatrix {
             0.521033, 0.788315,-0.327236, 0.000000,
            -0.831205, 0.555753, 0.015351, 0.000000,
             0.193964, 0.264002, 0.944818, 0.000000,
             2.730827,25.340155,-2.386176, 1.000000;;
          }
          Frame Armature_tail_02 {
            FrameTransformMatrix {
               0.928497,-0.371339, 0.000000, 0.000000,
               0.359968, 0.900065,-0.245571, 0.000000,
               0.091190, 0.228012, 0.969379, 0.000000,
              -0.000007,28.033714,-0.000000, 1.000000;;
            }
            Frame Armature_tail_03 {
              FrameTransformMatrix {
                 0.924825,-0.380392,-0.000000, 0.000000,
                 0.368744, 0.896506,-0.245571, 0.000000,
                 0.093413, 0.227110, 0.969379, 0.000000,
                -0.000000,30.899000,-0.000001, 1.000000;;
              }
              Frame Armature_tail_04 {
                FrameTransformMatrix {
                   0.946668,-0.322211, 0.000000, 0.000000,
                   0.312344, 0.917680,-0.245571, 0.000000,
                   0.079126, 0.232474, 0.969379, 0.000000,
                   1.136217,30.677704,-0.000001, 1.000000;;
                }
              } // End of Armature_tail_04
            } // End of Armature_tail_03
          } // End of Armature_tail_02
        } // End of Armature_tail_01
        Frame Armature_thigh_l {
          FrameTransformMatrix {
            -0.235585, 0.949091, 0.209105, 0.000000,
            -0.971801,-0.227809,-0.060880, 0.000000,
            -0.010145,-0.217550, 0.975996, 0.000000,
            -2.265744,-0.180676,-17.085043, 1.000000;;
          }
          Frame Armature_calf_l {
            FrameTransformMatrix {
               0.981520, 0.159228,-0.106132, 0.000000,
              -0.157311, 0.987200, 0.026250, 0.000000,
               0.108953,-0.009069, 0.994005, 0.000000,
              -1.092363,25.370682, 0.163619, 1.000000;;
            }
            Frame Armature_foot_l {
              FrameTransformMatrix {
                -0.456565,-0.850795,-0.260185, 0.000000,
                -0.870473, 0.487629,-0.067048, 0.000000,
                 0.183918, 0.195872,-0.963228, 0.000000,
                 1.794422,15.340360,-0.114338, 1.000000;;
              }
              Frame Armature_ball_l {
                FrameTransformMatrix {
                   0.000000, 1.000000,-0.000000, 0.000000,
                  -0.998608,-0.000000,-0.052741, 0.000000,
                  -0.052741, 0.000000, 0.998608, 0.000000,
                  -1.865966, 8.321959,-0.107337, 1.000000;;
                }
              } // End of Armature_ball_l
            } // End of Armature_foot_l
          } // End of Armature_calf_l
        } // End of Armature_thigh_l
        Frame Armature_thigh_r {
          FrameTransformMatrix {
             0.665047,-0.746675, 0.013738, 0.000000,
            -0.695902,-0.612940, 0.374200, 0.000000,
            -0.270985,-0.258421,-0.927246, 0.000000,
            -2.265775,-0.180683,17.084999, 1.000000;;
          }
          Frame Armature_calf_r {
            FrameTransformMatrix {
               0.469619, 0.881527, 0.048667, 0.000000,
              -0.871456, 0.471678,-0.134475, 0.000000,
              -0.141498, 0.020741, 0.989721, 0.000000,
               1.092371,25.370680, 0.163542, 1.000000;;
            }
            Frame Armature_foot_r {
              FrameTransformMatrix {
                 0.624202, 0.773980, 0.106426, 0.000000,
                 0.781197,-0.616555,-0.097940, 0.000000,
                -0.010186, 0.144274,-0.989485, 0.000000,
                -1.794426,15.340332,-0.114323, 1.000000;;
              }
              Frame Armature_ball_r {
                FrameTransformMatrix {
                  -0.000000,-1.000000,-0.000000, 0.000000,
                   0.998608, 0.000000,-0.052741, 0.000000,
                   0.052741,-0.000000, 0.998608, 0.000000,
                   1.865965, 8.321961,-0.107365, 1.000000;;
                }
              } // End of Armature_ball_r
            } // End of Armature_foot_r
          } // End of Armature_calf_r
        } // End of Armature_thigh_r
      } // End of Armature_pelvis
    } // End of Armature_root
    Frame Bodypart08 {
      FrameTransformMatrix {
         1.000000,-0.000000,-0.000000, 0.000000,
        -0.000000, 1.000000,-0.000000, 0.000000,
        -0.000000,-0.000000, 1.000000, 0.000000,
         0.000000, 0.000002, 0.000001, 1.000000;;
      }
    } // End of Bodypart08
    Frame Eye11 {
      FrameTransformMatrix {
         1.000000,-0.000000,-0.000000, 0.000000,
        -0.000000, 1.000000,-0.000000, 0.000000,
        -0.000000,-0.000000, 1.000000, 0.000000,
         0.000000, 0.000002, 0.000001, 1.000000;;
      }
    } // End of Eye11
    Frame Glove04 {
      FrameTransformMatrix {
         1.000000,-0.000000,-0.000000, 0.000000,
        -0.000000, 1.000000,-0.000000, 0.000000,
        -0.000000,-0.000000, 1.000000, 0.000000,
         0.000000, 0.000002, 0.000001, 1.000000;;
      }
    } // End of Glove04
    Frame MainBody03 {
      FrameTransformMatrix {
         1.000000,-0.000000,-0.000000, 0.000000,
        -0.000000, 1.000000,-0.000000, 0.000000,
        -0.000000,-0.000000, 1.000000, 0.000000,
         0.000000, 0.000002, 0.000001, 1.000000;;
      }
    } // End of MainBody03
    Frame Nose13 {
      FrameTransformMatrix {
         1.000000,-0.000000,-0.000000, 0.000000,
        -0.000000, 1.000000,-0.000000, 0.000000,
        -0.000000,-0.000000, 1.000000, 0.000000,
         0.000000, 0.000002, 0.000001, 1.000000;;
      }
    } // End of Nose13
    Frame Tail06 {
      FrameTransformMatrix {
         1.000000,-0.000000,-0.000000, 0.000000,
        -0.000000, 1.000000,-0.000000, 0.000000,
        -0.000000,-0.000000, 1.000000, 0.000000,
         0.000000, 0.000002, 0.000001, 1.000000;;
      }
    } // End of Tail06
  } // End of Armature
} // End of Root
AnimationSet Global {
  Animation {
    {Armature}
    AnimationKey { // Rotation
      0;
      85;
      0;4;-1.000000, 0.000000, 0.000000, 0.000000;;,
      1;4;-1.000000, 0.000000, 0.000000, 0.000000;;,
      2;4;-1.000000, 0.000000, 0.000000, 0.000000;;,
      3;4;-1.000000, 0.000000, 0.000000, 0.000000;;,
      4;4;-1.000000, 0.000000, 0.000000, 0.000000;;,
      5;4;-1.000000, 0.000000, 0.000000, 0.000000;;,
      6;4;-1.000000, 0.000000, 0.000000, 0.000000;;,
      7;4;-1.000000, 0.000000, 0.000000, 0.000000;;,
      8;4;-1.000000, 0.000000, 0.000000, 0.000000;;,
      9;4;-1.000000, 0.000000, 0.000000, 0.000000;;,
      10;4;-1.000000, 0.000000, 0.000000, 0.000000;;,
      11;4;-1.000000, 0.000000, 0.000000, 0.000000;;,
      12;4;-1.000000, 0.000000, 0.000000, 0.000000;;,
      13;4;-1.000000, 0.000000, 0.000000, 0.000000;;,
      14;4;-1.000000, 0.000000, 0.000000, 0.000000;;,
      15;4;-1.000000, 0.000000, 0.000000, 0.000000;;,
      16;4;-1.000000, 0.000000, 0.000000, 0.000000;;,
      17;4;-1.000000, 0.000000, 0.000000, 0.000000;;,
      18;4;-1.000000, 0.000000, 0.000000, 0.000000;;,
      19;4;-1.000000, 0.000000, 0.000000, 0.000000;;,
      20;4;-1.000000, 0.000000, 0.000000, 0.000000;;,
      21;4;-1.000000, 0.000000, 0.000000, 0.000000;;,
      22;4;-1.000000, 0.000000, 0.000000, 0.000000;;,
      23;4;-1.000000, 0.000000, 0.000000, 0.000000;;,
      24;4;-1.000000, 0.000000, 0.000000, 0.000000;;,
      25;4;-1.000000, 0.000000, 0.000000, 0.000000;;,
      26;4;-1.000000, 0.000000, 0.000000, 0.000000;;,
      27;4;-1.000000, 0.000000, 0.000000, 0.000000;;,
      28;4;-1.000000, 0.000000, 0.000000, 0.000000;;,
      29;4;-1.000000, 0.000000, 0.000000, 0.000000;;,
      30;4;-1.000000, 0.000000, 0.000000, 0.000000;;,
      31;4;-1.000000, 0.000000, 0.000000, 0.000000;;,
      32;4;-1.000000, 0.000000, 0.000000, 0.000000;;,
      33;4;-1.000000, 0.000000, 0.000000, 0.000000;;,
      34;4;-1.000000, 0.000000, 0.000000, 0.000000;;,
      35;4;-1.000000, 0.000000, 0.000000, 0.000000;;,
      36;4;-1.000000, 0.000000, 0.000000, 0.000000;;,
      37;4;-1.000000, 0.000000, 0.000000, 0.000000;;,
      38;4;-1.000000, 0.000000, 0.000000, 0.000000;;,
      39;4;-1.000000, 0.000000, 0.000000, 0.000000;;,
      40;4;-1.000000, 0.000000, 0.000000, 0.000000;;,
      41;4;-1.000000, 0.000000, 0.000000, 0.000000;;,
      42;4;-1.000000, 0.000000, 0.000000, 0.000000;;,
      43;4;-1.000000, 0.000000, 0.000000, 0.000000;;,
      44;4;-1.000000, 0.000000, 0.000000, 0.000000;;,
      45;4;-1.000000, 0.000000, 0.000000, 0.000000;;,
      46;4;-1.000000, 0.000000, 0.000000, 0.000000;;,
      47;4;-1.000000, 0.000000, 0.000000, 0.000000;;,
      48;4;-1.000000, 0.000000, 0.000000, 0.000000;;,
      49;4;-1.000000, 0.000000, 0.000000, 0.000000;;,
      50;4;-1.000000, 0.000000, 0.000000, 0.000000;;,
      51;4;-1.000000, 0.000000, 0.000000, 0.000000;;,
      52;4;-1.000000, 0.000000, 0.000000, 0.000000;;,
      53;4;-1.000000, 0.000000, 0.000000, 0.000000;;,
      54;4;-1.000000, 0.000000, 0.000000, 0.000000;;,
      55;4;-1.000000, 0.000000, 0.000000, 0.000000;;,
      56;4;-1.000000, 0.000000, 0.000000, 0.000000;;,
      57;4;-1.000000, 0.000000, 0.000000, 0.000000;;,
      58;4;-1.000000, 0.000000, 0.000000, 0.000000;;,
      59;4;-1.000000, 0.000000, 0.000000, 0.000000;;,
      60;4;-1.000000, 0.000000, 0.000000, 0.000000;;,
      61;4;-1.000000, 0.000000, 0.000000, 0.000000;;,
      62;4;-1.000000, 0.000000, 0.000000, 0.000000;;,
      63;4;-1.000000, 0.000000, 0.000000, 0.000000;;,
      64;4;-1.000000, 0.000000, 0.000000, 0.000000;;,
      65;4;-1.000000, 0.000000, 0.000000, 0.000000;;,
      66;4;-1.000000, 0.000000, 0.000000, 0.000000;;,
      67;4;-1.000000, 0.000000, 0.000000, 0.000000;;,
      68;4;-1.000000, 0.000000, 0.000000, 0.000000;;,
      69;4;-1.000000, 0.000000, 0.000000, 0.000000;;,
      70;4;-1.000000, 0.000000, 0.000000, 0.000000;;,
      71;4;-1.000000, 0.000000, 0.000000, 0.000000;;,
      72;4;-1.000000, 0.000000, 0.000000, 0.000000;;,
      73;4;-1.000000, 0.000000, 0.000000, 0.000000;;,
      74;4;-1.000000, 0.000000, 0.000000, 0.000000;;,
      75;4;-1.000000, 0.000000, 0.000000, 0.000000;;,
      76;4;-1.000000, 0.000000, 0.000000, 0.000000;;,
      77;4;-1.000000, 0.000000, 0.000000, 0.000000;;,
      78;4;-1.000000, 0.000000, 0.000000, 0.000000;;,
      79;4;-1.000000, 0.000000, 0.000000, 0.000000;;,
      80;4;-1.000000, 0.000000, 0.000000, 0.000000;;,
      81;4;-1.000000, 0.000000, 0.000000, 0.000000;;,
      82;4;-1.000000, 0.000000, 0.000000, 0.000000;;,
      83;4;-1.000000, 0.000000, 0.000000, 0.000000;;,
      84;4;-1.000000, 0.000000, 0.000000, 0.000000;;;
    }
    AnimationKey { // Scale
      1;
      85;
      0;3; 0.010000, 0.010000, 0.010000;;,
      1;3; 0.010000, 0.010000, 0.010000;;,
      2;3; 0.010000, 0.010000, 0.010000;;,
      3;3; 0.010000, 0.010000, 0.010000;;,
      4;3; 0.010000, 0.010000, 0.010000;;,
      5;3; 0.010000, 0.010000, 0.010000;;,
      6;3; 0.010000, 0.010000, 0.010000;;,
      7;3; 0.010000, 0.010000, 0.010000;;,
      8;3; 0.010000, 0.010000, 0.010000;;,
      9;3; 0.010000, 0.010000, 0.010000;;,
      10;3; 0.010000, 0.010000, 0.010000;;,
      11;3; 0.010000, 0.010000, 0.010000;;,
      12;3; 0.010000, 0.010000, 0.010000;;,
      13;3; 0.010000, 0.010000, 0.010000;;,
      14;3; 0.010000, 0.010000, 0.010000;;,
      15;3; 0.010000, 0.010000, 0.010000;;,
      16;3; 0.010000, 0.010000, 0.010000;;,
      17;3; 0.010000, 0.010000, 0.010000;;,
      18;3; 0.010000, 0.010000, 0.010000;;,
      19;3; 0.010000, 0.010000, 0.010000;;,
      20;3; 0.010000, 0.010000, 0.010000;;,
      21;3; 0.010000, 0.010000, 0.010000;;,
      22;3; 0.010000, 0.010000, 0.010000;;,
      23;3; 0.010000, 0.010000, 0.010000;;,
      24;3; 0.010000, 0.010000, 0.010000;;,
      25;3; 0.010000, 0.010000, 0.010000;;,
      26;3; 0.010000, 0.010000, 0.010000;;,
      27;3; 0.010000, 0.010000, 0.010000;;,
      28;3; 0.010000, 0.010000, 0.010000;;,
      29;3; 0.010000, 0.010000, 0.010000;;,
      30;3; 0.010000, 0.010000, 0.010000;;,
      31;3; 0.010000, 0.010000, 0.010000;;,
      32;3; 0.010000, 0.010000, 0.010000;;,
      33;3; 0.010000, 0.010000, 0.010000;;,
      34;3; 0.010000, 0.010000, 0.010000;;,
      35;3; 0.010000, 0.010000, 0.010000;;,
      36;3; 0.010000, 0.010000, 0.010000;;,
      37;3; 0.010000, 0.010000, 0.010000;;,
      38;3; 0.010000, 0.010000, 0.010000;;,
      39;3; 0.010000, 0.010000, 0.010000;;,
      40;3; 0.010000, 0.010000, 0.010000;;,
      41;3; 0.010000, 0.010000, 0.010000;;,
      42;3; 0.010000, 0.010000, 0.010000;;,
      43;3; 0.010000, 0.010000, 0.010000;;,
      44;3; 0.010000, 0.010000, 0.010000;;,
      45;3; 0.010000, 0.010000, 0.010000;;,
      46;3; 0.010000, 0.010000, 0.010000;;,
      47;3; 0.010000, 0.010000, 0.010000;;,
      48;3; 0.010000, 0.010000, 0.010000;;,
      49;3; 0.010000, 0.010000, 0.010000;;,
      50;3; 0.010000, 0.010000, 0.010000;;,
      51;3; 0.010000, 0.010000, 0.010000;;,
      52;3; 0.010000, 0.010000, 0.010000;;,
      53;3; 0.010000, 0.010000, 0.010000;;,
      54;3; 0.010000, 0.010000, 0.010000;;,
      55;3; 0.010000, 0.010000, 0.010000;;,
      56;3; 0.010000, 0.010000, 0.010000;;,
      57;3; 0.010000, 0.010000, 0.010000;;,
      58;3; 0.010000, 0.010000, 0.010000;;,
      59;3; 0.010000, 0.010000, 0.010000;;,
      60;3; 0.010000, 0.010000, 0.010000;;,
      61;3; 0.010000, 0.010000, 0.010000;;,
      62;3; 0.010000, 0.010000, 0.010000;;,
      63;3; 0.010000, 0.010000, 0.010000;;,
      64;3; 0.010000, 0.010000, 0.010000;;,
      65;3; 0.010000, 0.010000, 0.010000;;,
      66;3; 0.010000, 0.010000, 0.010000;;,
      67;3; 0.010000, 0.010000, 0.010000;;,
      68;3; 0.010000, 0.010000, 0.010000;;,
      69;3; 0.010000, 0.010000, 0.010000;;,
      70;3; 0.010000, 0.010000, 0.010000;;,
      71;3; 0.010000, 0.010000, 0.010000;;,
      72;3; 0.010000, 0.010000, 0.010000;;,
      73;3; 0.010000, 0.010000, 0.010000;;,
      74;3; 0.010000, 0.010000, 0.010000;;,
      75;3; 0.010000, 0.010000, 0.010000;;,
      76;3; 0.010000, 0.010000, 0.010000;;,
      77;3; 0.010000, 0.010000, 0.010000;;,
      78;3; 0.010000, 0.010000, 0.010000;;,
      79;3; 0.010000, 0.010000, 0.010000;;,
      80;3; 0.010000, 0.010000, 0.010000;;,
      81;3; 0.010000, 0.010000, 0.010000;;,
      82;3; 0.010000, 0.010000, 0.010000;;,
      83;3; 0.010000, 0.010000, 0.010000;;,
      84;3; 0.010000, 0.010000, 0.010000;;;
    }
    AnimationKey { // Position
      2;
      85;
      0;3; 0.000000, 0.000000, 0.000000;;,
      1;3; 0.000000, 0.000000, 0.000000;;,
      2;3; 0.000000, 0.000000, 0.000000;;,
      3;3; 0.000000, 0.000000, 0.000000;;,
      4;3; 0.000000, 0.000000, 0.000000;;,
      5;3; 0.000000, 0.000000, 0.000000;;,
      6;3; 0.000000, 0.000000, 0.000000;;,
      7;3; 0.000000, 0.000000, 0.000000;;,
      8;3; 0.000000, 0.000000, 0.000000;;,
      9;3; 0.000000, 0.000000, 0.000000;;,
      10;3; 0.000000, 0.000000, 0.000000;;,
      11;3; 0.000000, 0.000000, 0.000000;;,
      12;3; 0.000000, 0.000000, 0.000000;;,
      13;3; 0.000000, 0.000000, 0.000000;;,
      14;3; 0.000000, 0.000000, 0.000000;;,
      15;3; 0.000000, 0.000000, 0.000000;;,
      16;3; 0.000000, 0.000000, 0.000000;;,
      17;3; 0.000000, 0.000000, 0.000000;;,
      18;3; 0.000000, 0.000000, 0.000000;;,
      19;3; 0.000000, 0.000000, 0.000000;;,
      20;3; 0.000000, 0.000000, 0.000000;;,
      21;3; 0.000000, 0.000000, 0.000000;;,
      22;3; 0.000000, 0.000000, 0.000000;;,
      23;3; 0.000000, 0.000000, 0.000000;;,
      24;3; 0.000000, 0.000000, 0.000000;;,
      25;3; 0.000000, 0.000000, 0.000000;;,
      26;3; 0.000000, 0.000000, 0.000000;;,
      27;3; 0.000000, 0.000000, 0.000000;;,
      28;3; 0.000000, 0.000000, 0.000000;;,
      29;3; 0.000000, 0.000000, 0.000000;;,
      30;3; 0.000000, 0.000000, 0.000000;;,
      31;3; 0.000000, 0.000000, 0.000000;;,
      32;3; 0.000000, 0.000000, 0.000000;;,
      33;3; 0.000000, 0.000000, 0.000000;;,
      34;3; 0.000000, 0.000000, 0.000000;;,
      35;3; 0.000000, 0.000000, 0.000000;;,
      36;3; 0.000000, 0.000000, 0.000000;;,
      37;3; 0.000000, 0.000000, 0.000000;;,
      38;3; 0.000000, 0.000000, 0.000000;;,
      39;3; 0.000000, 0.000000, 0.000000;;,
      40;3; 0.000000, 0.000000, 0.000000;;,
      41;3; 0.000000, 0.000000, 0.000000;;,
      42;3; 0.000000, 0.000000, 0.000000;;,
      43;3; 0.000000, 0.000000, 0.000000;;,
      44;3; 0.000000, 0.000000, 0.000000;;,
      45;3; 0.000000, 0.000000, 0.000000;;,
      46;3; 0.000000, 0.000000, 0.000000;;,
      47;3; 0.000000, 0.000000, 0.000000;;,
      48;3; 0.000000, 0.000000, 0.000000;;,
      49;3; 0.000000, 0.000000, 0.000000;;,
      50;3; 0.000000, 0.000000, 0.000000;;,
      51;3; 0.000000, 0.000000, 0.000000;;,
      52;3; 0.000000, 0.000000, 0.000000;;,
      53;3; 0.000000, 0.000000, 0.000000;;,
      54;3; 0.000000, 0.000000, 0.000000;;,
      55;3; 0.000000, 0.000000, 0.000000;;,
      56;3; 0.000000, 0.000000, 0.000000;;,
      57;3; 0.000000, 0.000000, 0.000000;;,
      58;3; 0.000000, 0.000000, 0.000000;;,
      59;3; 0.000000, 0.000000, 0.000000;;,
      60;3; 0.000000, 0.000000, 0.000000;;,
      61;3; 0.000000, 0.000000, 0.000000;;,
      62;3; 0.000000, 0.000000, 0.000000;;,
      63;3; 0.000000, 0.000000, 0.000000;;,
      64;3; 0.000000, 0.000000, 0.000000;;,
      65;3; 0.000000, 0.000000, 0.000000;;,
      66;3; 0.000000, 0.000000, 0.000000;;,
      67;3; 0.000000, 0.000000, 0.000000;;,
      68;3; 0.000000, 0.000000, 0.000000;;,
      69;3; 0.000000, 0.000000, 0.000000;;,
      70;3; 0.000000, 0.000000, 0.000000;;,
      71;3; 0.000000, 0.000000, 0.000000;;,
      72;3; 0.000000, 0.000000, 0.000000;;,
      73;3; 0.000000, 0.000000, 0.000000;;,
      74;3; 0.000000, 0.000000, 0.000000;;,
      75;3; 0.000000, 0.000000, 0.000000;;,
      76;3; 0.000000, 0.000000, 0.000000;;,
      77;3; 0.000000, 0.000000, 0.000000;;,
      78;3; 0.000000, 0.000000, 0.000000;;,
      79;3; 0.000000, 0.000000, 0.000000;;,
      80;3; 0.000000, 0.000000, 0.000000;;,
      81;3; 0.000000, 0.000000, 0.000000;;,
      82;3; 0.000000, 0.000000, 0.000000;;,
      83;3; 0.000000, 0.000000, 0.000000;;,
      84;3; 0.000000, 0.000000, 0.000000;;;
    }
  }
  Animation {
    {Armature_root}
    AnimationKey { // Rotation
      0;
      85;
      0;4;-0.707107, 0.707107, 0.000000, 0.000000;;,
      1;4;-0.707107, 0.707107, 0.000000, 0.000000;;,
      2;4;-0.707107, 0.707107, 0.000000, 0.000000;;,
      3;4;-0.707107, 0.707107, 0.000000, 0.000000;;,
      4;4;-0.707107, 0.707107, 0.000000, 0.000000;;,
      5;4;-0.707107, 0.707107, 0.000000, 0.000000;;,
      6;4;-0.707107, 0.707107, 0.000000, 0.000000;;,
      7;4;-0.707107, 0.707107, 0.000000, 0.000000;;,
      8;4;-0.707107, 0.707107, 0.000000, 0.000000;;,
      9;4;-0.707107, 0.707107, 0.000000, 0.000000;;,
      10;4;-0.707107, 0.707107, 0.000000, 0.000000;;,
      11;4;-0.707107, 0.707107, 0.000000, 0.000000;;,
      12;4;-0.707107, 0.707107, 0.000000, 0.000000;;,
      13;4;-0.707107, 0.707107, 0.000000, 0.000000;;,
      14;4;-0.707107, 0.707107, 0.000000, 0.000000;;,
      15;4;-0.707107, 0.707107, 0.000000, 0.000000;;,
      16;4;-0.707107, 0.707107, 0.000000, 0.000000;;,
      17;4;-0.707107, 0.707107, 0.000000, 0.000000;;,
      18;4;-0.707107, 0.707107, 0.000000, 0.000000;;,
      19;4;-0.707107, 0.707107, 0.000000, 0.000000;;,
      20;4;-0.707107, 0.707107, 0.000000, 0.000000;;,
      21;4;-0.707107, 0.707107, 0.000000, 0.000000;;,
      22;4;-0.707107, 0.707107, 0.000000, 0.000000;;,
      23;4;-0.707107, 0.707107, 0.000000, 0.000000;;,
      24;4;-0.707107, 0.707107, 0.000000, 0.000000;;,
      25;4;-0.707107, 0.707107, 0.000000, 0.000000;;,
      26;4;-0.707107, 0.707107, 0.000000, 0.000000;;,
      27;4;-0.707107, 0.707107, 0.000000, 0.000000;;,
      28;4;-0.707107, 0.707107, 0.000000, 0.000000;;,
      29;4;-0.707107, 0.707107, 0.000000, 0.000000;;,
      30;4;-0.707107, 0.707107, 0.000000, 0.000000;;,
      31;4;-0.707107, 0.707107, 0.000000, 0.000000;;,
      32;4;-0.707107, 0.707107, 0.000000, 0.000000;;,
      33;4;-0.707107, 0.707107, 0.000000, 0.000000;;,
      34;4;-0.707107, 0.707107, 0.000000, 0.000000;;,
      35;4;-0.707107, 0.707107, 0.000000, 0.000000;;,
      36;4;-0.707107, 0.707107, 0.000000, 0.000000;;,
      37;4;-0.707107, 0.707107, 0.000000, 0.000000;;,
      38;4;-0.707107, 0.707107, 0.000000, 0.000000;;,
      39;4;-0.707107, 0.707107, 0.000000, 0.000000;;,
      40;4;-0.707107, 0.707107, 0.000000, 0.000000;;,
      41;4;-0.707107, 0.707107, 0.000000, 0.000000;;,
      42;4;-0.707107, 0.707107, 0.000000, 0.000000;;,
      43;4;-0.707107, 0.707107, 0.000000, 0.000000;;,
      44;4;-0.707107, 0.707107, 0.000000, 0.000000;;,
      45;4;-0.707107, 0.707107, 0.000000, 0.000000;;,
      46;4;-0.707107, 0.707107, 0.000000, 0.000000;;,
      47;4;-0.707107, 0.707107, 0.000000, 0.000000;;,
      48;4;-0.707107, 0.707107, 0.000000, 0.000000;;,
      49;4;-0.707107, 0.707107, 0.000000, 0.000000;;,
      50;4;-0.707107, 0.707107, 0.000000, 0.000000;;,
      51;4;-0.707107, 0.707107, 0.000000, 0.000000;;,
      52;4;-0.707107, 0.707107, 0.000000, 0.000000;;,
      53;4;-0.707107, 0.707107, 0.000000, 0.000000;;,
      54;4;-0.707107, 0.707107, 0.000000, 0.000000;;,
      55;4;-0.707107, 0.707107, 0.000000, 0.000000;;,
      56;4;-0.707107, 0.707107, 0.000000, 0.000000;;,
      57;4;-0.707107, 0.707107, 0.000000, 0.000000;;,
      58;4;-0.707107, 0.707107, 0.000000, 0.000000;;,
      59;4;-0.707107, 0.707107, 0.000000, 0.000000;;,
      60;4;-0.707107, 0.707107, 0.000000, 0.000000;;,
      61;4;-0.707107, 0.707107, 0.000000, 0.000000;;,
      62;4;-0.707107, 0.707107, 0.000000, 0.000000;;,
      63;4;-0.707107, 0.707107, 0.000000, 0.000000;;,
      64;4;-0.707107, 0.707107, 0.000000, 0.000000;;,
      65;4;-0.707107, 0.707107, 0.000000, 0.000000;;,
      66;4;-0.707107, 0.707107, 0.000000, 0.000000;;,
      67;4;-0.707107, 0.707107, 0.000000, 0.000000;;,
      68;4;-0.707107, 0.707107, 0.000000, 0.000000;;,
