xof 0303txt 0032

Frame Root {
  FrameTransformMatrix {
     1.000000, 0.000000, 0.000000, 0.000000,
     0.000000,-0.000000,-1.000000, 0.000000,
     0.000000, 1.000000,-0.000000, 0.000000,
     0.000000, 0.000000, 0.000000, 1.000000;;
  }
  Frame Armature {
    FrameTransformMatrix {
       0.010000, 0.000000, 0.000000, 0.000000,
       0.000000, 0.010000, 0.000000, 0.000000,
       0.000000, 0.000000, 0.010000, 0.000000,
       0.000000, 0.000000, 0.000000, 1.000000;;
    }
    Frame Armature_root {
      FrameTransformMatrix {
         1.000000, 0.000000, 0.000000, 0.000000,
         0.000000, 0.000000, 1.000000, 0.000000,
         0.000000,-1.000000, 0.000000, 0.000000,
         0.000000, 0.000000, 0.000000, 1.000000;;
      }
      Frame Armature_pelvis {
        FrameTransformMatrix {
          -0.000000, 0.984825, 0.173548, 0.000000,
           0.000000, 0.173548,-0.984825, 0.000000,
          -1.000000,-0.000000, 0.000000, 0.000000,
           0.000000,43.452366, 0.076357, 1.000000;;
        }
        Frame Armature_spine_01 {
          FrameTransformMatrix {
             0.999771, 0.021456, 0.000000, 0.000000,
             0.021455,-0.999770,-0.000000, 0.000000,
             0.000000, 0.000000,-1.000000, 0.000000,
            14.028807, 0.619729,-0.000001, 1.000000;;
          }
          Frame Armature_FrontBelly {
            FrameTransformMatrix {
              -0.000000,-0.000000, 1.000000, 0.000000,
               0.044573, 0.999006, 0.000000, 0.000000,
              -0.999006, 0.044573,-0.000000, 0.000000,
              -0.478725,29.661932,-0.000000, 1.000000;;
            }
          } // End of Armature_FrontBelly
          Frame Armature_spine_02 {
            FrameTransformMatrix {
              -0.056945,-0.998377, 0.000000, 0.000000,
               0.998377,-0.056946, 0.000000, 0.000000,
              -0.000000, 0.000000, 1.000000, 0.000000,
              15.357300, 0.000012, 0.000002, 1.000000;;
            }
            Frame Armature_spine_03 {
              FrameTransformMatrix {
                 0.984061,-0.177833,-0.000000, 0.000000,
                 0.177833, 0.984060,-0.000000, 0.000000,
                 0.000000, 0.000000, 1.000000, 0.000000,
                -0.000000,14.891389,-0.000000, 1.000000;;
              }
              Frame Armature_clavicle_l {
                FrameTransformMatrix {
                   0.949237, 0.256066, 0.182698, 0.000000,
                  -0.164414,-0.091268, 0.982160, 0.000000,
                   0.268172,-0.962341,-0.044535, 0.000000,
                   3.006552, 6.351186,20.842356, 1.000000;;
                }
                Frame Armature_upperarm_l {
                  FrameTransformMatrix {
                     0.854163, 0.087527, 0.512586, 0.000000,
                    -0.396066, 0.748240, 0.532229, 0.000000,
                    -0.336953,-0.657629, 0.673786, 0.000000,
                    -0.000001,15.415948, 0.000003, 1.000000;;
                  }
                  Frame Armature_lowerarm_l {
                    FrameTransformMatrix {
                       0.594469, 0.804118, 0.000000, 0.000000,
                      -0.804118, 0.594469, 0.000000, 0.000000,
                       0.000000,-0.000000, 1.000000, 0.000000,
                       0.000001,35.891960, 0.000005, 1.000000;;
                    }
                    Frame Armature_hand_l {
                      FrameTransformMatrix {
                         0.330318,-0.240127, 0.912814, 0.000000,
                         0.017053, 0.968458, 0.248594, 0.000000,
                        -0.943716,-0.066549, 0.323994, 0.000000,
                         0.000006,40.930389,-0.000005, 1.000000;;
                      }
                      Frame Armature_LowerJaw_l {
                        FrameTransformMatrix {
                           0.003665, 0.003570,-0.999987, 0.000000,
                           0.002668, 0.999990, 0.003579, 0.000000,
                           0.999990,-0.002681, 0.003656, 0.000000,
                          14.700439,27.837107, 0.056990, 1.000000;;
                        }
                      } // End of Armature_LowerJaw_l
                      Frame Armature_drill_l {
                        FrameTransformMatrix {
                           0.003665, 0.003570,-0.999987, 0.000000,
                           0.002668, 0.999990, 0.003579, 0.000000,
                           0.999990,-0.002681, 0.003656, 0.000000,
                          -0.944942,11.008296,-0.060421, 1.000000;;
                        }
                      } // End of Armature_drill_l
                      Frame Armature_saw_l {
                        FrameTransformMatrix {
                           0.003665, 0.003570,-0.999987, 0.000000,
                           0.002668, 0.999990, 0.003579, 0.000000,
                           0.999990,-0.002681, 0.003656, 0.000000,
                          -0.224302,13.957772,-0.047284, 1.000000;;
                        }
                      } // End of Armature_saw_l
                      Frame Armature_upperJaw_l {
                        FrameTransformMatrix {
                           0.003665, 0.003570,-0.999987, 0.000000,
                           0.002668, 0.999990, 0.003579, 0.000000,
                           0.999990,-0.002681, 0.003656, 0.000000,
                          -13.323109,24.131826,-0.058939, 1.000000;;
                        }
                      } // End of Armature_upperJaw_l
                    } // End of Armature_hand_l
                  } // End of Armature_lowerarm_l
                } // End of Armature_upperarm_l
              } // End of Armature_clavicle_l
              Frame Armature_clavicle_r {
                FrameTransformMatrix {
                  -0.949238,-0.256066, 0.182697, 0.000000,
                  -0.164413,-0.091268,-0.982160, 0.000000,
                   0.268172,-0.962341, 0.044535, 0.000000,
                   3.006559, 6.351164,-20.842400, 1.000000;;
                }
                Frame Armature_upperarm_r {
                  FrameTransformMatrix {
                     0.954516,-0.026231,-0.297004, 0.000000,
                     0.141064, 0.917314, 0.372337, 0.000000,
                     0.262679,-0.397298, 0.879292, 0.000000,
                     0.000004,15.415919,-0.000011, 1.000000;;
                  }
                  Frame Armature_lowerarm_r {
                    FrameTransformMatrix {
                       0.283166,-0.959071, 0.000000, 0.000000,
                       0.959071, 0.283166,-0.000000, 0.000000,
                       0.000000, 0.000000, 1.000000, 0.000000,
                       0.000000,35.891918,-0.000001, 1.000000;;
                    }
                    Frame Armature_hand_r {
                      FrameTransformMatrix {
                        -0.136400, 0.079600,-0.987451, 0.000000,
                        -0.144776, 0.984463, 0.099358, 0.000000,
                         0.980018, 0.156512,-0.122757, 0.000000,
                        -0.000005,40.930729, 0.000006, 1.000000;;
                      }
                      Frame Armature_LowerJaw_r {
                        FrameTransformMatrix {
                           0.003665,-0.003570, 0.999987, 0.000000,
                          -0.002667, 0.999990, 0.003580, 0.000000,
                          -0.999990,-0.002680, 0.003655, 0.000000,
                          -14.700427,27.836861, 0.056982, 1.000000;;
                        }
                      } // End of Armature_LowerJaw_r
                      Frame Armature_drill_r {
                        FrameTransformMatrix {
                           0.003665,-0.003570, 0.999987, 0.000000,
                          -0.002667, 0.999990, 0.003579, 0.000000,
                          -0.999990,-0.002680, 0.003655, 0.000000,
                           0.944890,11.007845,-0.060423, 1.000000;;
                        }
                      } // End of Armature_drill_r
                      Frame Armature_saw_r {
                        FrameTransformMatrix {
                           0.003665,-0.003570, 0.999987, 0.000000,
                          -0.002667, 0.999990, 0.003580, 0.000000,
                          -0.999990,-0.002680, 0.003656, 0.000000,
                           0.224214,13.957904,-0.047287, 1.000000;;
                        }
                      } // End of Armature_saw_r
                      Frame Armature_upperJaw_r {
                        FrameTransformMatrix {
                           0.003665,-0.003570, 0.999987, 0.000000,
                          -0.002667, 0.999990, 0.003580, 0.000000,
                          -0.999990,-0.002680, 0.003656, 0.000000,
                          13.323231,24.130985,-0.058937, 1.000000;;
                        }
                      } // End of Armature_upperJaw_r
                    } // End of Armature_hand_r
                  } // End of Armature_lowerarm_r
                } // End of Armature_upperarm_r
              } // End of Armature_clavicle_r
              Frame Armature_neck_01 {
                FrameTransformMatrix {
                   0.934318, 0.356441, 0.000000, 0.000000,
                  -0.356441, 0.934318, 0.000000, 0.000000,
                  -0.000000,-0.000000, 1.000000, 0.000000,
                  -0.000002,20.905088,-0.000000, 1.000000;;
                }
                Frame Armature_head {
                  FrameTransformMatrix {
                     0.991000,-0.133865,-0.000000, 0.000000,
                     0.133865, 0.990999,-0.000000, 0.000000,
                     0.000000, 0.000000, 1.000000, 0.000000,
                    -0.000001,30.618134, 0.000000, 1.000000;;
                  }
                  Frame Armature_Jaw {
                    FrameTransformMatrix {
                       1.000000, 0.000000, 0.000000, 0.000000,
                      -0.000000,-0.000000, 1.000000, 0.000000,
                       0.000000,-1.000000, 0.000000, 0.000000,
                       2.083532,-16.025854,-0.000000, 1.000000;;
                    }
                  } // End of Armature_Jaw
                  Frame Armature_face {
                    FrameTransformMatrix {
                      -0.172927, 0.984935,-0.000000, 0.000000,
                      -0.984935,-0.172927, 0.000000, 0.000000,
                       0.000000, 0.000000, 1.000000, 0.000000,
                      -11.381894,-11.468966, 0.000000, 1.000000;;
                    }
                    Frame Armature_mouth {
                      FrameTransformMatrix {
                        -0.172927,-0.984935, 0.000000, 0.000000,
                        -0.000000, 0.000000, 1.000000, 0.000000,
                        -0.984935, 0.172927,-0.000000, 0.000000,
                        -0.609460,10.399986,-0.000000, 1.000000;;
                      }
                    } // End of Armature_mouth
                  } // End of Armature_face
                  Frame Armature_hat_01 {
                    FrameTransformMatrix {
                       0.999920,-0.012625,-0.000000, 0.000000,
                       0.012625, 0.999920,-0.000000, 0.000000,
                       0.000000, 0.000000, 1.000000, 0.000000,
                       0.498001,18.918243,-0.000000, 1.000000;;
                    }
                    Frame Armature_hat_02 {
                      FrameTransformMatrix {
                         0.999920, 0.012625, 0.000000, 0.000000,
                        -0.000000,-0.000000, 1.000000, 0.000000,
                         0.012625,-0.999920,-0.000000, 0.000000,
                        -0.860989,68.190155, 0.000000, 1.000000;;
                      }
                    } // End of Armature_hat_02
                  } // End of Armature_hat_01
                  Frame Armature_hornA_01_l {
                    FrameTransformMatrix {
                       0.999912, 0.012123, 0.005449, 0.000000,
                      -0.013291, 0.912013, 0.409946, 0.000000,
                      -0.000000,-0.409982, 0.912094, 0.000000,
                       0.498001,12.041780, 8.191206, 1.000000;;
                    }
                    Frame Armature_hornA_02_l {
                      FrameTransformMatrix {
                         1.000000, 0.000000,-0.000000, 0.000000,
                        -0.000000, 0.409981, 0.912094, 0.000000,
                         0.000000,-0.912094, 0.409982, 0.000000,
                         0.000007,67.569504,-0.000009, 1.000000;;
                      }
                    } // End of Armature_hornA_02_l
                  } // End of Armature_hornA_01_l
                  Frame Armature_hornA_01_r {
                    FrameTransformMatrix {
                      -0.999912,-0.012123, 0.005449, 0.000000,
                      -0.013291, 0.912013,-0.409946, 0.000000,
                       0.000000,-0.409982,-0.912094, 0.000000,
                       0.498003,12.041656,-8.191210, 1.000000;;
                    }
                    Frame Armature_hornA_02_r {
                      FrameTransformMatrix {
                         1.000000,-0.000000,-0.000000, 0.000000,
                         0.000000, 0.409982, 0.912094, 0.000000,
                        -0.000000,-0.912094, 0.409982, 0.000000,
                         0.000004,67.569183, 0.000103, 1.000000;;
                      }
                    } // End of Armature_hornA_02_r
                  } // End of Armature_hornA_01_r
                  Frame Armature_hornB_01_l {
                    FrameTransformMatrix {
                       0.995309, 0.096750, 0.000000, 0.000000,
                      -0.064149, 0.659924, 0.748589, 0.000000,
                       0.072426,-0.745077, 0.663035, 0.000000,
                       0.498001, 1.614544,20.797297, 1.000000;;
                    }
                    Frame Armature_hornB_02_l {
                      FrameTransformMatrix {
                         1.000000,-0.000000,-0.000000, 0.000000,
                        -0.000000, 0.622114,-0.782926, 0.000000,
                         0.000000, 0.782926, 0.622114, 0.000000,
                         0.000004,21.829403,-0.000014, 1.000000;;
                      }
                      Frame Armature_hornB_03_l {
                        FrameTransformMatrix {
                           1.000000,-0.000000,-0.000000, 0.000000,
                           0.000000,-0.053400, 0.998573, 0.000000,
                          -0.000000,-0.998573,-0.053400, 0.000000,
                          -0.000000,29.144489, 0.000001, 1.000000;;
                        }
                      } // End of Armature_hornB_03_l
                    } // End of Armature_hornB_02_l
                  } // End of Armature_hornB_01_l
                  Frame Armature_hornB_01_r {
                    FrameTransformMatrix {
                      -0.995309,-0.096750, 0.000000, 0.000000,
                      -0.064149, 0.659924,-0.748589, 0.000000,
                       0.072426,-0.745077,-0.663035, 0.000000,
                       0.498001, 1.614654,-20.797298, 1.000000;;
                    }
                    Frame Armature_hornB_02_r {
                      FrameTransformMatrix {
                         1.000000,-0.000000, 0.000000, 0.000000,
                         0.000000, 0.622114,-0.782926, 0.000000,
                        -0.000000, 0.782927, 0.622114, 0.000000,
                        -0.000026,21.829515,-0.000195, 1.000000;;
                      }
                      Frame Armature_hornB_03_r {
                        FrameTransformMatrix {
                           1.000000, 0.000000, 0.000000, 0.000000,
                          -0.000000,-0.053400, 0.998573, 0.000000,
                           0.000000,-0.998573,-0.053400, 0.000000,
                           0.000046,29.144072,-0.000016, 1.000000;;
                        }
                      } // End of Armature_hornB_03_r
                    } // End of Armature_hornB_02_r
                  } // End of Armature_hornB_01_r
                  Frame Armature_hornC_01_l {
                    FrameTransformMatrix {
                       1.000000, 0.000000,-0.000000, 0.000000,
                      -0.000000, 0.550659, 0.834730, 0.000000,
                       0.000000,-0.834730, 0.550659, 0.000000,
                       0.497999,-6.945137,23.598650, 1.000000;;
                    }
                    Frame Armature_hornC_02_l {
                      FrameTransformMatrix {
                         1.000000,-0.000000, 0.000000, 0.000000,
                        -0.000000, 0.834730, 0.550659, 0.000000,
                        -0.000000,-0.550659, 0.834730, 0.000000,
                         0.000001,35.610889, 0.000004, 1.000000;;
                      }
                    } // End of Armature_hornC_02_l
                  } // End of Armature_hornC_01_l
                  Frame Armature_hornC_01_r {
                    FrameTransformMatrix {
                      -1.000000, 0.000000, 0.000000, 0.000000,
                       0.000000, 0.550659,-0.834730, 0.000000,
                      -0.000000,-0.834730,-0.550659, 0.000000,
                       0.498004,-6.945324,-23.598600, 1.000000;;
                    }
                    Frame Armature_hornC_02_r {
                      FrameTransformMatrix {
                         1.000000, 0.000000, 0.000000, 0.000000,
                        -0.000000, 0.834730, 0.550659, 0.000000,
                        -0.000000,-0.550659, 0.834730, 0.000000,
                         0.000002,35.611187,-0.000403, 1.000000;;
                      }
                    } // End of Armature_hornC_02_r
                  } // End of Armature_hornC_01_r
                } // End of Armature_head
              } // End of Armature_neck_01
            } // End of Armature_spine_03
          } // End of Armature_spine_02
        } // End of Armature_spine_01
        Frame Armature_tail_01 {
          FrameTransformMatrix {
             0.576498, 0.817098,-0.000000, 0.000000,
            -0.817098, 0.576498, 0.000000, 0.000000,
             0.000000, 0.000000, 1.000000, 0.000000,
             6.170578,24.843485,-0.000000, 1.000000;;
          }
          Frame Armature_tail_02 {
            FrameTransformMatrix {
               0.918920,-0.394443, 0.000000, 0.000000,
               0.394443, 0.918920, 0.000000, 0.000000,
              -0.000000, 0.000000, 1.000000, 0.000000,
              -0.000006,28.033707,-0.000000, 1.000000;;
            }
            Frame Armature_tail_03 {
              FrameTransformMatrix {
                 0.915023,-0.403401, 0.000000, 0.000000,
                 0.403401, 0.915023,-0.000000, 0.000000,
                -0.000000, 0.000000, 1.000000, 0.000000,
                 0.000006,30.899010,-0.000000, 1.000000;;
              }
              Frame Armature_tail_04 {
                FrameTransformMatrix {
                   0.938314,-0.345785, 0.000000, 0.000000,
                   0.345785, 0.938314, 0.000000, 0.000000,
                  -0.000000, 0.000000, 1.000000, 0.000000,
                   1.136210,30.677700,-0.000000, 1.000000;;
                }
              } // End of Armature_tail_04
            } // End of Armature_tail_03
          } // End of Armature_tail_02
        } // End of Armature_tail_01
        Frame Armature_thigh_l {
          FrameTransformMatrix {
            -0.381517, 0.915127, 0.130336, 0.000000,
            -0.912181,-0.349914,-0.213276, 0.000000,
            -0.149568,-0.200258, 0.968259, 0.000000,
            -2.265742,-0.180676,-17.085043, 1.000000;;
          }
          Frame Armature_calf_l {
            FrameTransformMatrix {
               0.856721,-0.507601,-0.091492, 0.000000,
               0.502647, 0.861440,-0.072572, 0.000000,
               0.115652, 0.016186, 0.993158, 0.000000,
              -1.092361,25.370684, 0.163616, 1.000000;;
            }
            Frame Armature_foot_l {
              FrameTransformMatrix {
                 0.316299,-0.933321,-0.169905, 0.000000,
                -0.948053,-0.304583,-0.091787, 0.000000,
                 0.033916, 0.190111,-0.981177, 0.000000,
                 1.794422,15.340361,-0.114339, 1.000000;;
              }
              Frame Armature_ball_l {
                FrameTransformMatrix {
                   0.000000, 1.000000,-0.000000, 0.000000,
                  -0.998608,-0.000000,-0.052741, 0.000000,
                  -0.052741, 0.000000, 0.998608, 0.000000,
                  -1.865967, 8.321958,-0.107338, 1.000000;;
                }
              } // End of Armature_ball_l
            } // End of Armature_foot_l
          } // End of Armature_calf_l
        } // End of Armature_thigh_l
        Frame Armature_thigh_r {
          FrameTransformMatrix {
             0.374143,-0.913533, 0.159610, 0.000000,
            -0.908621,-0.326674, 0.260176, 0.000000,
            -0.185539,-0.242368,-0.952278, 0.000000,
            -2.265774,-0.180682,17.085001, 1.000000;;
          }
          Frame Armature_calf_r {
            FrameTransformMatrix {
               0.886297, 0.453313, 0.094791, 0.000000,
              -0.448964, 0.891235,-0.064283, 0.000000,
              -0.113622, 0.014416, 0.993419, 0.000000,
               1.092372,25.370676, 0.163544, 1.000000;;
            }
            Frame Armature_foot_r {
              FrameTransformMatrix {
                 0.267203, 0.940552, 0.209677, 0.000000,
                 0.963630,-0.261822,-0.053548, 0.000000,
                 0.004533, 0.216359,-0.976303, 0.000000,
                -1.794426,15.340333,-0.114325, 1.000000;;
              }
              Frame Armature_ball_r {
                FrameTransformMatrix {
                  -0.000000,-1.000000,-0.000000, 0.000000,
                   0.998608, 0.000000,-0.052741, 0.000000,
                   0.052741,-0.000000, 0.998608, 0.000000,
                   1.865965, 8.321961,-0.107363, 1.000000;;
                }
              } // End of Armature_ball_r
            } // End of Armature_foot_r
          } // End of Armature_calf_r
        } // End of Armature_thigh_r
      } // End of Armature_pelvis
    } // End of Armature_root
    Frame MainBody01 {
      FrameTransformMatrix {
         1.000000, 0.000000, 0.000000, 0.000000,
         0.000000, 1.000000, 0.000000, 0.000000,
         0.000000, 0.000000, 1.000000, 0.000000,
        -0.000000,-0.000000, 0.000001, 1.000000;;
      }
    } // End of MainBody01
  } // End of Armature
} // End of Root
AnimationSet Global {
  Animation {
    {Armature}
    AnimationKey { // Rotation
      0;
      21;
      0;4;-1.000000, 0.000000, 0.000000, 0.000000;;,
      1;4;-1.000000, 0.000000, 0.000000, 0.000000;;,
      2;4;-1.000000, 0.000000, 0.000000, 0.000000;;,
      3;4;-1.000000, 0.000000, 0.000000, 0.000000;;,
      4;4;-1.000000, 0.000000, 0.000000, 0.000000;;,
      5;4;-1.000000, 0.000000, 0.000000, 0.000000;;,
      6;4;-1.000000, 0.000000, 0.000000, 0.000000;;,
      7;4;-1.000000, 0.000000, 0.000000, 0.000000;;,
      8;4;-1.000000, 0.000000, 0.000000, 0.000000;;,
      9;4;-1.000000, 0.000000, 0.000000, 0.000000;;,
      10;4;-1.000000, 0.000000, 0.000000, 0.000000;;,
      11;4;-1.000000, 0.000000, 0.000000, 0.000000;;,
      12;4;-1.000000, 0.000000, 0.000000, 0.000000;;,
      13;4;-1.000000, 0.000000, 0.000000, 0.000000;;,
      14;4;-1.000000, 0.000000, 0.000000, 0.000000;;,
      15;4;-1.000000, 0.000000, 0.000000, 0.000000;;,
      16;4;-1.000000, 0.000000, 0.000000, 0.000000;;,
      17;4;-1.000000, 0.000000, 0.000000, 0.000000;;,
      18;4;-1.000000, 0.000000, 0.000000, 0.000000;;,
      19;4;-1.000000, 0.000000, 0.000000, 0.000000;;,
      20;4;-1.000000, 0.000000, 0.000000, 0.000000;;;
    }
    AnimationKey { // Scale
      1;
      21;
      0;3; 0.010000, 0.010000, 0.010000;;,
      1;3; 0.010000, 0.010000, 0.010000;;,
      2;3; 0.010000, 0.010000, 0.010000;;,
      3;3; 0.010000, 0.010000, 0.010000;;,
      4;3; 0.010000, 0.010000, 0.010000;;,
      5;3; 0.010000, 0.010000, 0.010000;;,
      6;3; 0.010000, 0.010000, 0.010000;;,
      7;3; 0.010000, 0.010000, 0.010000;;,
      8;3; 0.010000, 0.010000, 0.010000;;,
      9;3; 0.010000, 0.010000, 0.010000;;,
      10;3; 0.010000, 0.010000, 0.010000;;,
      11;3; 0.010000, 0.010000, 0.010000;;,
      12;3; 0.010000, 0.010000, 0.010000;;,
      13;3; 0.010000, 0.010000, 0.010000;;,
      14;3; 0.010000, 0.010000, 0.010000;;,
      15;3; 0.010000, 0.010000, 0.010000;;,
      16;3; 0.010000, 0.010000, 0.010000;;,
      17;3; 0.010000, 0.010000, 0.010000;;,
      18;3; 0.010000, 0.010000, 0.010000;;,
      19;3; 0.010000, 0.010000, 0.010000;;,
      20;3; 0.010000, 0.010000, 0.010000;;;
    }
    AnimationKey { // Position
      2;
      21;
      0;3; 0.000000, 0.000000, 0.000000;;,
      1;3; 0.000000, 0.000000, 0.000000;;,
      2;3; 0.000000, 0.000000, 0.000000;;,
      3;3; 0.000000, 0.000000, 0.000000;;,
      4;3; 0.000000, 0.000000, 0.000000;;,
      5;3; 0.000000, 0.000000, 0.000000;;,
      6;3; 0.000000, 0.000000, 0.000000;;,
      7;3; 0.000000, 0.000000, 0.000000;;,
      8;3; 0.000000, 0.000000, 0.000000;;,
      9;3; 0.000000, 0.000000, 0.000000;;,
      10;3; 0.000000, 0.000000, 0.000000;;,
      11;3; 0.000000, 0.000000, 0.000000;;,
      12;3; 0.000000, 0.000000, 0.000000;;,
      13;3; 0.000000, 0.000000, 0.000000;;,
      14;3; 0.000000, 0.000000, 0.000000;;,
      15;3; 0.000000, 0.000000, 0.000000;;,
      16;3; 0.000000, 0.000000, 0.000000;;,
      17;3; 0.000000, 0.000000, 0.000000;;,
      18;3; 0.000000, 0.000000, 0.000000;;,
      19;3; 0.000000, 0.000000, 0.000000;;,
      20;3; 0.000000, 0.000000, 0.000000;;;
    }
  }
  Animation {
    {Armature_root}
    AnimationKey { // Rotation
      0;
      21;
      0;4;-0.707107, 0.707107, 0.000000, 0.000000;;,
      1;4;-0.707107, 0.707107, 0.000000, 0.000000;;,
      2;4;-0.707107, 0.707107, 0.000000, 0.000000;;,
      3;4;-0.707107, 0.707107, 0.000000, 0.000000;;,
      4;4;-0.707107, 0.707107, 0.000000, 0.000000;;,
      5;4;-0.707107, 0.707107, 0.000000, 0.000000;;,
      6;4;-0.707107, 0.707107, 0.000000, 0.000000;;,
      7;4;-0.707107, 0.707107, 0.000000, 0.000000;;,
      8;4;-0.707107, 0.707107, 0.000000, 0.000000;;,
      9;4;-0.707107, 0.707107, 0.000000, 0.000000;;,
      10;4;-0.707107, 0.707107, 0.000000, 0.000000;;,
      11;4;-0.707107, 0.707107, 0.000000, 0.000000;;,
      12;4;-0.707107, 0.707107, 0.000000, 0.000000;;,
      13;4;-0.707107, 0.707107, 0.000000, 0.000000;;,
      14;4;-0.707107, 0.707107, 0.000000, 0.000000;;,
      15;4;-0.707107, 0.707107, 0.000000, 0.000000;;,
      16;4;-0.707107, 0.707107, 0.000000, 0.000000;;,
      17;4;-0.707107, 0.707107, 0.000000, 0.000000;;,
      18;4;-0.707107, 0.707107, 0.000000, 0.000000;;,
      19;4;-0.707107, 0.707107, 0.000000, 0.000000;;,
      20;4;-0.707107, 0.707107, 0.000000, 0.000000;;;
    }
    AnimationKey { // Scale
      1;
      21;
      0;3; 1.000000, 1.000000, 1.000000;;,
      1;3; 1.000000, 1.000000, 1.000000;;,
      2;3; 1.000000, 1.000000, 1.000000;;,
      3;3; 1.000000, 1.000000, 1.000000;;,
      4;3; 1.000000, 1.000000, 1.000000;;,
      5;3; 1.000000, 1.000000, 1.000000;;,
      6;3; 1.000000, 1.000000, 1.000000;;,
      7;3; 1.000000, 1.000000, 1.000000;;,
      8;3; 1.000000, 1.000000, 1.000000;;,
      9;3; 1.000000, 1.000000, 1.000000;;,
      10;3; 1.000000, 1.000000, 1.000000;;,
      11;3; 1.000000, 1.000000, 1.000000;;,
      12;3; 1.000000, 1.000000, 1.000000;;,
      13;3; 1.000000, 1.000000, 1.000000;;,
      14;3; 1.000000, 1.000000, 1.000000;;,
      15;3; 1.000000, 1.000000, 1.000000;;,
      16;3; 1.000000, 1.000000, 1.000000;;,
      17;3; 1.000000, 1.000000, 1.000000;;,
      18;3; 1.000000, 1.000000, 1.000000;;,
      19;3; 1.000000, 1.000000, 1.000000;;,
      20;3; 1.000000, 1.000000, 1.000000;;;
    }
    AnimationKey { // Position
      2;
      21;
      0;3; 0.000000, 0.000000, 0.000000;;,
      1;3; 0.000000, 0.000000, 0.000000;;,
      2;3; 0.000000, 0.000000, 0.000000;;,
      3;3; 0.000000, 0.000000, 0.000000;;,
      4;3; 0.000000, 0.000000, 0.000000;;,
      5;3; 0.000000, 0.000000, 0.000000;;,
      6;3; 0.000000, 0.000000, 0.000000;;,
      7;3; 0.000000, 0.000000, 0.000000;;,
      8;3; 0.000000, 0.000000, 0.000000;;,
      9;3; 0.000000, 0.000000, 0.000000;;,
      10;3; 0.000000, 0.000000, 0.000000;;,
      11;3; 0.000000, 0.000000, 0.000000;;,
      12;3; 0.000000, 0.000000, 0.000000;;,
      13;3; 0.000000, 0.000000, 0.000000;;,
      14;3; 0.000000, 0.000000, 0.000000;;,
      15;3; 0.000000, 0.000000, 0.000000;;,
      16;3; 0.000000, 0.000000, 0.000000;;,
      17;3; 0.000000, 0.000000, 0.000000;;,
      18;3; 0.000000, 0.000000, 0.000000;;,
      19;3; 0.000000, 0.000000, 0.000000;;,
      20;3; 0.000000, 0.000000, 0.000000;;;
    }
  }
  Animation {
    {Armature_pelvis}
    AnimationKey { // Rotation
      0;
      21;
      0;4;-0.541652,-0.454547,-0.541652, 0.454547;;,
      1;4;-0.542180,-0.453917,-0.542180, 0.453917;;,
      2;4;-0.543598,-0.452218,-0.543598, 0.452218;;,
      3;4;-0.545657,-0.449731,-0.545657, 0.449731;;,
      4;4;-0.548107,-0.446742,-0.548107, 0.446742;;,
      5;4;-0.550703,-0.443538,-0.550703, 0.443538;;,
      6;4;-0.553206,-0.440412,-0.553206, 0.440412;;,
      7;4;-0.555385,-0.437662,-0.555385, 0.437662;;,
      8;4;-0.557011,-0.435590,-0.557011, 0.435590;;,
      9;4;-0.557862,-0.434499,-0.557862, 0.434499;;,
      10;4;-0.557857,-0.434506,-0.557857, 0.434506;;,
      11;4;-0.557089,-0.435490,-0.557089, 0.435490;;,
      12;4;-0.555692,-0.437272,-0.555692, 0.437272;;,
      13;4;-0.553825,-0.439634,-0.553825, 0.439634;;,
      14;4;-0.551651,-0.442358,-0.551651, 0.442359;;,
      15;4;-0.549335,-0.445232,-0.549335, 0.445232;;,
      16;4;-0.547044,-0.448043,-0.547044, 0.448043;;,
      17;4;-0.544953,-0.450584,-0.544953, 0.450584;;,
      18;4;-0.543238,-0.452650,-0.543238, 0.452650;;,
      19;4;-0.542078,-0.454039,-0.542078, 0.454039;;,
      20;4;-0.541652,-0.454547,-0.541652, 0.454547;;;
    }
    AnimationKey { // Scale
      1;
      21;
      0;3; 1.000000, 1.000000, 1.000000;;,
      1;3; 1.000000, 1.000000, 1.000000;;,
      2;3; 1.000000, 1.000000, 1.000000;;,
      3;3; 1.000000, 1.000000, 1.000000;;,
      4;3; 1.000000, 1.000000, 1.000000;;,
      5;3; 1.000000, 1.000000, 1.000000;;,
      6;3; 1.000000, 1.000000, 1.000000;;,
      7;3; 1.000000, 1.000000, 1.000000;;,
      8;3; 1.000000, 1.000000, 1.000000;;,
      9;3; 1.000000, 1.000000, 1.000000;;,
      10;3; 1.000000, 1.000000, 1.000000;;,
      11;3; 1.000000, 1.000000, 1.000000;;,
      12;3; 1.000000, 1.000000, 1.000000;;,
      13;3; 1.000000, 1.000000, 1.000000;;,
      14;3; 1.000000, 1.000000, 1.000000;;,
      15;3; 1.000000, 1.000000, 1.000000;;,
      16;3; 1.000000, 1.000000, 1.000000;;,
      17;3; 1.000000, 1.000000, 1.000000;;,
      18;3; 1.000000, 1.000000, 1.000000;;,
      19;3; 1.000000, 1.000000, 1.000000;;,
      20;3; 1.000000, 1.000000, 1.000000;;;
    }
    AnimationKey { // Position
      2;
      21;
      0;3; 0.000000,43.452366, 0.076357;;,
      1;3; 0.000000,43.410690, 0.076357;;,
      2;3; 0.000000,43.297569, 0.076357;;,
      3;3; 0.000000,43.130867, 0.076356;;,
      4;3; 0.000000,42.928440, 0.076356;;,
      5;3; 0.000000,42.708157, 0.076356;;,
      6;3; 0.000000,42.487869, 0.076357;;,
      7;3; 0.000000,42.285442, 0.076356;;,
      8;3; 0.000000,42.118740, 0.076357;;,
      9;3; 0.000000,42.005619, 0.076356;;,
      10;3; 0.000000,41.963943, 0.076356;;,
      11;3; 0.000000,42.005619, 0.076356;;,
      12;3; 0.000000,42.118740, 0.076357;;,
      13;3; 0.000000,42.285442, 0.076356;;,
      14;3; 0.000000,42.487869, 0.076357;;,
      15;3; 0.000000,42.708157, 0.076356;;,
      16;3; 0.000000,42.928444, 0.076356;;,
      17;3; 0.000000,43.130867, 0.076356;;,
      18;3; 0.000000,43.297569, 0.076357;;,
      19;3; 0.000000,43.410690, 0.076357;;,
      20;3; 0.000000,43.452366, 0.076357;;;
    }
  }
  Animation {
    {Armature_spine_01}
    AnimationKey { // Rotation
      0;
      21;
      0;4; 0.000000, 0.999942, 0.010728, 0.000000;;,
      1;4; 0.000000, 0.999936, 0.011273, 0.000000;;,
      2;4; 0.000000, 0.999919, 0.012723, 0.000000;;,
      3;4; 0.000000, 0.999890, 0.014804, 0.000000;;,
      4;4; 0.000000, 0.999851, 0.017238, 0.000000;;,
      5;4; 0.000000, 0.999805, 0.019749, 0.000000;;,
      6;4; 0.000000, 0.999757, 0.022064, 0.000000;;,
      7;4; 0.000000, 0.999714, 0.023904, 0.000000;;,
      8;4; 0.000000, 0.999688, 0.024995, 0.000000;;,
      9;4; 0.000000, 0.999686, 0.025061, 0.000000;;,
      10;4; 0.000000, 0.999708, 0.024163, 0.000000;;,
      11;4; 0.000000, 0.999742, 0.022706, 0.000000;;,
      12;4; 0.000000, 0.999780, 0.020988, 0.000000;;,
      13;4; 0.000000, 0.999816, 0.019193, 0.000000;;,
      14;4; 0.000000, 0.999849, 0.017395, 0.000000;;,
      15;4; 0.000000, 0.999877, 0.015669, 0.000000;;,
      16;4; 0.000000, 0.999901, 0.014089, 0.000000;;,
      17;4; 0.000000, 0.999919, 0.012731, 0.000000;;,
      18;4; 0.000000, 0.999932, 0.011668, 0.000000;;,
      19;4; 0.000000, 0.999940, 0.010976, 0.000000;;,
      20;4; 0.000000, 0.999942, 0.010728, 0.000000;;;
    }
    AnimationKey { // Scale
      1;
      21;
      0;3; 1.000001, 1.000000, 1.000000;;,
      1;3; 1.000002, 1.000000, 1.000000;;,
      2;3; 1.000002, 1.000000, 1.000000;;,
      3;3; 1.000002, 1.000000, 1.000000;;,
      4;3; 1.000002, 1.000000, 1.000000;;,
      5;3; 1.000002, 1.000000, 1.000000;;,
      6;3; 1.000002, 1.000000, 1.000000;;,
      7;3; 1.000002, 1.000000, 1.000000;;,
      8;3; 1.000002, 1.000000, 1.000000;;,
      9;3; 1.000002, 1.000000, 1.000000;;,
      10;3; 1.000002, 1.000000, 1.000000;;,
      11;3; 1.000002, 1.000000, 1.000000;;,
      12;3; 1.000002, 1.000000, 1.000000;;,
      13;3; 1.000002, 1.000000, 1.000000;;,
      14;3; 1.000002, 1.000000, 1.000000;;,
      15;3; 1.000001, 1.000000, 1.000000;;,
      16;3; 1.000001, 1.000000, 1.000000;;,
      17;3; 1.000002, 1.000000, 1.000000;;,
      18;3; 1.000001, 1.000000, 1.000000;;,
      19;3; 1.000002, 1.000000, 1.000000;;,
      20;3; 1.000001, 1.000000, 1.000000;;;
    }
    AnimationKey { // Position
      2;
      21;
      0;3;14.028807, 0.619729,-0.000001;;,
      1;3;14.028807, 0.619728,-0.000001;;,
      2;3;14.028803, 0.619729,-0.000001;;,
      3;3;14.028806, 0.619729,-0.000001;;,
      4;3;14.028808, 0.619729,-0.000001;;,
      5;3;14.028811, 0.619730,-0.000001;;,
      6;3;14.028807, 0.619729,-0.000001;;,
      7;3;14.028804, 0.619729,-0.000001;;,
      8;3;14.028811, 0.619730,-0.000001;;,
      9;3;14.028809, 0.619730,-0.000001;;,
      10;3;14.028807, 0.619729,-0.000001;;,
      11;3;14.028810, 0.619730,-0.000001;;,
      12;3;14.028811, 0.619730,-0.000001;;,
      13;3;14.028809, 0.619729,-0.000001;;,
      14;3;14.028808, 0.619731,-0.000001;;,
      15;3;14.028803, 0.619729,-0.000001;;,
      16;3;14.028806, 0.619730,-0.000001;;,
      17;3;14.028809, 0.619729,-0.000001;;,
      18;3;14.028810, 0.619729,-0.000001;;,
      19;3;14.028811, 0.619729,-0.000001;;,
      20;3;14.028807, 0.619729,-0.000001;;;
    }
  }
  Animation {
    {Armature_spine_02}
    AnimationKey { // Rotation
      0;
      21;
      0;4;-0.686678, 0.000000,-0.000000,-0.726961;;,
      1;4;-0.686939, 0.000343, 0.000434,-0.726715;;,
      2;4;-0.687658, 0.001292, 0.001631,-0.726031;;,
      3;4;-0.688742, 0.002731, 0.003437,-0.724994;;,
      4;4;-0.690093, 0.004543, 0.005694,-0.723684;;,
      5;4;-0.691619, 0.006609, 0.008248,-0.722185;;,
      6;4;-0.693227, 0.008809, 0.010943,-0.720583;;,
      7;4;-0.694824, 0.011022, 0.013628,-0.718966;;,
      8;4;-0.696322, 0.013121, 0.016154,-0.717427;;,
      9;4;-0.697636, 0.014980, 0.018371,-0.716060;;,
      10;4;-0.698678, 0.016469, 0.020136,-0.714963;;,
      11;4;-0.699366, 0.017458, 0.021301,-0.714233;;,
      12;4;-0.699614, 0.017816, 0.021722,-0.713968;;,
      13;4;-0.699072, 0.017034, 0.020802,-0.714546;;,
      14;4;-0.697636, 0.014980, 0.018371,-0.716060;;,
      15;4;-0.695591, 0.012094, 0.014920,-0.718181;;,
      16;4;-0.693227, 0.008809, 0.010943,-0.720583;;,
      17;4;-0.690840, 0.005551, 0.006944,-0.722953;;,
      18;4;-0.688742, 0.002731, 0.003437,-0.724994;;,
      19;4;-0.687247, 0.000749, 0.000947,-0.726422;;,
      20;4;-0.686678, 0.000000,-0.000000,-0.726961;;;
    }
    AnimationKey { // Scale
      1;
      21;
      0;3; 1.000000, 1.000000, 1.000000;;,
      1;3; 1.000000, 1.000000, 1.000000;;,
      2;3; 1.000000, 1.000000, 1.000000;;,
      3;3; 1.000000, 1.000000, 1.000000;;,
      4;3; 1.000000, 1.000000, 1.000000;;,
      5;3; 1.000000, 1.000000, 1.000000;;,
      6;3; 1.000000, 1.000000, 1.000000;;,
      7;3; 1.000000, 1.000000, 1.000000;;,
      8;3; 1.000000, 1.000000, 1.000000;;,
      9;3; 1.000000, 1.000000, 1.000000;;,
      10;3; 1.000000, 1.000000, 1.000000;;,
      11;3; 1.000000, 1.000000, 1.000000;;,
      12;3; 1.000000, 1.000000, 1.000000;;,
      13;3; 1.000000, 1.000000, 1.000000;;,
      14;3; 1.000000, 1.000000, 1.000000;;,
      15;3; 1.000000, 1.000000, 1.000000;;,
      16;3; 1.000000, 1.000000, 1.000000;;,
      17;3; 1.000000, 1.000000, 1.000000;;,
      18;3; 1.000000, 1.000000, 1.000000;;,
      19;3; 1.000000, 1.000000, 1.000000;;,
      20;3; 1.000000, 1.000000, 1.000000;;;
    }
    AnimationKey { // Position
      2;
      21;
      0;3;15.357300, 0.000012, 0.000002;;,
      1;3;15.357302, 0.000011, 0.000002;;,
      2;3;15.357301, 0.000012, 0.000002;;,
      3;3;15.357303, 0.000012, 0.000002;;,
      4;3;15.357306, 0.000010, 0.000002;;,
      5;3;15.357309, 0.000011, 0.000002;;,
      6;3;15.357301, 0.000011, 0.000002;;,
      7;3;15.357302, 0.000011, 0.000002;;,
      8;3;15.357299, 0.000010, 0.000002;;,
      9;3;15.357302, 0.000011, 0.000002;;,
      10;3;15.357302, 0.000011, 0.000002;;,
      11;3;15.357305, 0.000011, 0.000002;;,
      12;3;15.357305, 0.000012, 0.000002;;,
      13;3;15.357304, 0.000011, 0.000002;;,
      14;3;15.357306, 0.000012, 0.000002;;,
      15;3;15.357299, 0.000012, 0.000002;;,
      16;3;15.357303, 0.000012, 0.000002;;,
      17;3;15.357305, 0.000011, 0.000002;;,
      18;3;15.357306, 0.000012, 0.000002;;,
      19;3;15.357302, 0.000011, 0.000002;;,
      20;3;15.357300, 0.000012, 0.000002;;;
    }
  }
  Animation {
    {Armature_spine_03}
    AnimationKey { // Rotation
      0;
      21;
      0;4;-0.996007,-0.000000, 0.000000,-0.089273;;,
      1;4;-0.996030, 0.000085,-0.000392,-0.089018;;,
      2;4;-0.996092, 0.000319,-0.001484,-0.088310;;,
      3;4;-0.996183, 0.000673,-0.003148,-0.087229;;,
      4;4;-0.996293, 0.001117,-0.005259,-0.085859;;,
      5;4;-0.996411, 0.001621,-0.007690,-0.084281;;,
      6;4;-0.996529, 0.002155,-0.010313,-0.082578;;,
      7;4;-0.996639, 0.002694,-0.013002,-0.080833;;,
      8;4;-0.996737, 0.003210,-0.015629,-0.079128;;,
      9;4;-0.996818, 0.003681,-0.018066,-0.077547;;,
      10;4;-0.996882, 0.004084,-0.020185,-0.076172;;,
      11;4;-0.996928, 0.004397,-0.021858,-0.075088;;,
      12;4;-0.996955, 0.004601,-0.022955,-0.074376;;,
      13;4;-0.996965, 0.004674,-0.023350,-0.074120;;,
      14;4;-0.996933, 0.004434,-0.022053,-0.074961;;,
      15;4;-0.996838, 0.003804,-0.018710,-0.077130;;,
      16;4;-0.996683, 0.002919,-0.014143,-0.080093;;,
      17;4;-0.996479, 0.001924,-0.009173,-0.083318;;,
      18;4;-0.996260, 0.000983,-0.004618,-0.086275;;,
      19;4;-0.996081, 0.000277,-0.001290,-0.088436;;,
      20;4;-0.996007,-0.000000, 0.000000,-0.089273;;;
    }
    AnimationKey { // Scale
      1;
      21;
      0;3; 1.000000, 1.000000, 1.000000;;,
      1;3; 1.000000, 1.000000, 1.000000;;,
      2;3; 1.000000, 1.000000, 1.000000;;,
      3;3; 1.000000, 1.000000, 1.000000;;,
      4;3; 1.000000, 1.000000, 1.000000;;,
      5;3; 1.000000, 1.000000, 1.000000;;,
      6;3; 1.000000, 1.000000, 1.000000;;,
      7;3; 1.000000, 1.000000, 1.000000;;,
