xof 0303txt 0032

Frame Root {
  FrameTransformMatrix {
     1.000000, 0.000000, 0.000000, 0.000000,
     0.000000,-0.000000,-1.000000, 0.000000,
     0.000000, 1.000000,-0.000000, 0.000000,
     0.000000, 0.000000, 0.000000, 1.000000;;
  }
  Frame Armature {
    FrameTransformMatrix {
       0.010000, 0.000000, 0.000000, 0.000000,
       0.000000, 0.010000, 0.000000, 0.000000,
       0.000000, 0.000000, 0.010000, 0.000000,
       0.000000, 0.000000, 0.000000, 1.000000;;
    }
    Frame Armature_root {
      FrameTransformMatrix {
         1.000000, 0.000000, 0.000000, 0.000000,
         0.000000, 0.000000, 1.000000, 0.000000,
         0.000000,-1.000000, 0.000000, 0.000000,
         0.000000, 0.000000, 0.000000, 1.000000;;
      }
      Frame Armature_pelvis {
        FrameTransformMatrix {
          -0.000000, 0.984825, 0.173548, 0.000000,
           0.000000, 0.173548,-0.984825, 0.000000,
          -1.000000,-0.000000, 0.000000, 0.000000,
           0.000000,43.452366, 0.076357, 1.000000;;
        }
        Frame Armature_spine_01 {
          FrameTransformMatrix {
             0.999771, 0.021456, 0.000000, 0.000000,
             0.021455,-0.999770,-0.000000, 0.000000,
             0.000000, 0.000000,-1.000000, 0.000000,
            14.028807, 0.619729,-0.000001, 1.000000;;
          }
          Frame Armature_FrontBelly {
            FrameTransformMatrix {
              -0.000000,-0.000000, 1.000000, 0.000000,
               0.044573, 0.999006, 0.000000, 0.000000,
              -0.999006, 0.044573,-0.000000, 0.000000,
              -0.478725,29.661932,-0.000000, 1.000000;;
            }
          } // End of Armature_FrontBelly
          Frame Armature_spine_02 {
            FrameTransformMatrix {
              -0.056945,-0.998377, 0.000000, 0.000000,
               0.998377,-0.056946, 0.000000, 0.000000,
              -0.000000, 0.000000, 1.000000, 0.000000,
              15.357300, 0.000012, 0.000002, 1.000000;;
            }
            Frame Armature_spine_03 {
              FrameTransformMatrix {
                 0.984061,-0.177833,-0.000000, 0.000000,
                 0.177833, 0.984060,-0.000000, 0.000000,
                 0.000000, 0.000000, 1.000000, 0.000000,
                -0.000000,14.891389,-0.000000, 1.000000;;
              }
              Frame Armature_clavicle_l {
                FrameTransformMatrix {
                   0.949237, 0.256066, 0.182698, 0.000000,
                  -0.164414,-0.091268, 0.982160, 0.000000,
                   0.268172,-0.962341,-0.044535, 0.000000,
                   3.006552, 6.351186,20.842356, 1.000000;;
                }
                Frame Armature_upperarm_l {
                  FrameTransformMatrix {
                     0.854163, 0.087527, 0.512586, 0.000000,
                    -0.396066, 0.748240, 0.532229, 0.000000,
                    -0.336953,-0.657629, 0.673786, 0.000000,
                    -0.000001,15.415948, 0.000003, 1.000000;;
                  }
                  Frame Armature_lowerarm_l {
                    FrameTransformMatrix {
                       0.594469, 0.804118, 0.000000, 0.000000,
                      -0.804118, 0.594469, 0.000000, 0.000000,
                       0.000000,-0.000000, 1.000000, 0.000000,
                       0.000001,35.891960, 0.000005, 1.000000;;
                    }
                    Frame Armature_hand_l {
                      FrameTransformMatrix {
                         0.330318,-0.240127, 0.912814, 0.000000,
                         0.017053, 0.968458, 0.248594, 0.000000,
                        -0.943716,-0.066549, 0.323994, 0.000000,
                         0.000006,40.930389,-0.000005, 1.000000;;
                      }
                      Frame Armature_LowerJaw_l {
                        FrameTransformMatrix {
                           0.003665, 0.003570,-0.999987, 0.000000,
                           0.002668, 0.999990, 0.003579, 0.000000,
                           0.999990,-0.002681, 0.003656, 0.000000,
                          14.700439,27.837107, 0.056990, 1.000000;;
                        }
                      } // End of Armature_LowerJaw_l
                      Frame Armature_drill_l {
                        FrameTransformMatrix {
                           0.003665, 0.003570,-0.999987, 0.000000,
                           0.002668, 0.999990, 0.003579, 0.000000,
                           0.999990,-0.002681, 0.003656, 0.000000,
                          -0.944942,11.008296,-0.060421, 1.000000;;
                        }
                      } // End of Armature_drill_l
                      Frame Armature_saw_l {
                        FrameTransformMatrix {
                           0.003665, 0.003570,-0.999987, 0.000000,
                           0.002668, 0.999990, 0.003579, 0.000000,
                           0.999990,-0.002681, 0.003656, 0.000000,
                          -0.224302,13.957772,-0.047284, 1.000000;;
                        }
                      } // End of Armature_saw_l
                      Frame Armature_upperJaw_l {
                        FrameTransformMatrix {
                           0.003665, 0.003570,-0.999987, 0.000000,
                           0.002668, 0.999990, 0.003579, 0.000000,
                           0.999990,-0.002681, 0.003656, 0.000000,
                          -13.323109,24.131826,-0.058939, 1.000000;;
                        }
                      } // End of Armature_upperJaw_l
                    } // End of Armature_hand_l
                  } // End of Armature_lowerarm_l
                } // End of Armature_upperarm_l
              } // End of Armature_clavicle_l
              Frame Armature_clavicle_r {
                FrameTransformMatrix {
                  -0.949238,-0.256066, 0.182697, 0.000000,
                  -0.164413,-0.091268,-0.982160, 0.000000,
                   0.268172,-0.962341, 0.044535, 0.000000,
                   3.006559, 6.351164,-20.842400, 1.000000;;
                }
                Frame Armature_upperarm_r {
                  FrameTransformMatrix {
                     0.954516,-0.026231,-0.297004, 0.000000,
                     0.141064, 0.917314, 0.372337, 0.000000,
                     0.262679,-0.397298, 0.879292, 0.000000,
                     0.000004,15.415919,-0.000011, 1.000000;;
                  }
                  Frame Armature_lowerarm_r {
                    FrameTransformMatrix {
                       0.283166,-0.959071, 0.000000, 0.000000,
                       0.959071, 0.283166,-0.000000, 0.000000,
                       0.000000, 0.000000, 1.000000, 0.000000,
                       0.000000,35.891918,-0.000001, 1.000000;;
                    }
                    Frame Armature_hand_r {
                      FrameTransformMatrix {
                        -0.136400, 0.079600,-0.987451, 0.000000,
                        -0.144776, 0.984463, 0.099358, 0.000000,
                         0.980018, 0.156512,-0.122757, 0.000000,
                        -0.000005,40.930729, 0.000006, 1.000000;;
                      }
                      Frame Armature_LowerJaw_r {
                        FrameTransformMatrix {
                           0.003665,-0.003570, 0.999987, 0.000000,
                          -0.002667, 0.999990, 0.003580, 0.000000,
                          -0.999990,-0.002680, 0.003655, 0.000000,
                          -14.700427,27.836861, 0.056982, 1.000000;;
                        }
                      } // End of Armature_LowerJaw_r
                      Frame Armature_drill_r {
                        FrameTransformMatrix {
                           0.003665,-0.003570, 0.999987, 0.000000,
                          -0.002667, 0.999990, 0.003579, 0.000000,
                          -0.999990,-0.002680, 0.003655, 0.000000,
                           0.944890,11.007845,-0.060423, 1.000000;;
                        }
                      } // End of Armature_drill_r
                      Frame Armature_saw_r {
                        FrameTransformMatrix {
                           0.003665,-0.003570, 0.999987, 0.000000,
                          -0.002667, 0.999990, 0.003580, 0.000000,
                          -0.999990,-0.002680, 0.003656, 0.000000,
                           0.224214,13.957904,-0.047287, 1.000000;;
                        }
                      } // End of Armature_saw_r
                      Frame Armature_upperJaw_r {
                        FrameTransformMatrix {
                           0.003665,-0.003570, 0.999987, 0.000000,
                          -0.002667, 0.999990, 0.003580, 0.000000,
                          -0.999990,-0.002680, 0.003656, 0.000000,
                          13.323231,24.130985,-0.058937, 1.000000;;
                        }
                      } // End of Armature_upperJaw_r
                    } // End of Armature_hand_r
                  } // End of Armature_lowerarm_r
                } // End of Armature_upperarm_r
              } // End of Armature_clavicle_r
              Frame Armature_neck_01 {
                FrameTransformMatrix {
                   0.934318, 0.356441, 0.000000, 0.000000,
                  -0.356441, 0.934318, 0.000000, 0.000000,
                  -0.000000,-0.000000, 1.000000, 0.000000,
                  -0.000002,20.905088,-0.000000, 1.000000;;
                }
                Frame Armature_head {
                  FrameTransformMatrix {
                     0.991000,-0.133865,-0.000000, 0.000000,
                     0.133865, 0.990999,-0.000000, 0.000000,
                     0.000000, 0.000000, 1.000000, 0.000000,
                    -0.000001,30.618134, 0.000000, 1.000000;;
                  }
                  Frame Armature_Jaw {
                    FrameTransformMatrix {
                       1.000000, 0.000000, 0.000000, 0.000000,
                      -0.000000,-0.000000, 1.000000, 0.000000,
                       0.000000,-1.000000, 0.000000, 0.000000,
                       2.083532,-16.025854,-0.000000, 1.000000;;
                    }
                  } // End of Armature_Jaw
                  Frame Armature_face {
                    FrameTransformMatrix {
                      -0.172927, 0.984935,-0.000000, 0.000000,
                      -0.984935,-0.172927, 0.000000, 0.000000,
                       0.000000, 0.000000, 1.000000, 0.000000,
                      -11.381894,-11.468966, 0.000000, 1.000000;;
                    }
                    Frame Armature_mouth {
                      FrameTransformMatrix {
                        -0.172927,-0.984935, 0.000000, 0.000000,
                        -0.000000, 0.000000, 1.000000, 0.000000,
                        -0.984935, 0.172927,-0.000000, 0.000000,
                        -0.609460,10.399986,-0.000000, 1.000000;;
                      }
                    } // End of Armature_mouth
                  } // End of Armature_face
                  Frame Armature_hat_01 {
                    FrameTransformMatrix {
                       0.999920,-0.012625,-0.000000, 0.000000,
                       0.012625, 0.999920,-0.000000, 0.000000,
                       0.000000, 0.000000, 1.000000, 0.000000,
                       0.498001,18.918243,-0.000000, 1.000000;;
                    }
                    Frame Armature_hat_02 {
                      FrameTransformMatrix {
                         0.999920, 0.012625, 0.000000, 0.000000,
                        -0.000000,-0.000000, 1.000000, 0.000000,
                         0.012625,-0.999920,-0.000000, 0.000000,
                        -0.860989,68.190155, 0.000000, 1.000000;;
                      }
                    } // End of Armature_hat_02
                  } // End of Armature_hat_01
                  Frame Armature_hornA_01_l {
                    FrameTransformMatrix {
                       0.999912, 0.012123, 0.005449, 0.000000,
                      -0.013291, 0.912013, 0.409946, 0.000000,
                      -0.000000,-0.409982, 0.912094, 0.000000,
                       0.498001,12.041780, 8.191206, 1.000000;;
                    }
                    Frame Armature_hornA_02_l {
                      FrameTransformMatrix {
                         1.000000, 0.000000,-0.000000, 0.000000,
                        -0.000000, 0.409981, 0.912094, 0.000000,
                         0.000000,-0.912094, 0.409982, 0.000000,
                         0.000007,67.569504,-0.000009, 1.000000;;
                      }
                    } // End of Armature_hornA_02_l
                  } // End of Armature_hornA_01_l
                  Frame Armature_hornA_01_r {
                    FrameTransformMatrix {
                      -0.999912,-0.012123, 0.005449, 0.000000,
                      -0.013291, 0.912013,-0.409946, 0.000000,
                       0.000000,-0.409982,-0.912094, 0.000000,
                       0.498003,12.041656,-8.191210, 1.000000;;
                    }
                    Frame Armature_hornA_02_r {
                      FrameTransformMatrix {
                         1.000000,-0.000000,-0.000000, 0.000000,
                         0.000000, 0.409982, 0.912094, 0.000000,
                        -0.000000,-0.912094, 0.409982, 0.000000,
                         0.000004,67.569183, 0.000103, 1.000000;;
                      }
                    } // End of Armature_hornA_02_r
                  } // End of Armature_hornA_01_r
                  Frame Armature_hornB_01_l {
                    FrameTransformMatrix {
                       0.995309, 0.096750, 0.000000, 0.000000,
                      -0.064149, 0.659924, 0.748589, 0.000000,
                       0.072426,-0.745077, 0.663035, 0.000000,
                       0.498001, 1.614544,20.797297, 1.000000;;
                    }
                    Frame Armature_hornB_02_l {
                      FrameTransformMatrix {
                         1.000000,-0.000000,-0.000000, 0.000000,
                        -0.000000, 0.622114,-0.782926, 0.000000,
                         0.000000, 0.782926, 0.622114, 0.000000,
                         0.000004,21.829403,-0.000014, 1.000000;;
                      }
                      Frame Armature_hornB_03_l {
                        FrameTransformMatrix {
                           1.000000,-0.000000,-0.000000, 0.000000,
                           0.000000,-0.053400, 0.998573, 0.000000,
                          -0.000000,-0.998573,-0.053400, 0.000000,
                          -0.000000,29.144489, 0.000001, 1.000000;;
                        }
                      } // End of Armature_hornB_03_l
                    } // End of Armature_hornB_02_l
                  } // End of Armature_hornB_01_l
                  Frame Armature_hornB_01_r {
                    FrameTransformMatrix {
                      -0.995309,-0.096750, 0.000000, 0.000000,
                      -0.064149, 0.659924,-0.748589, 0.000000,
                       0.072426,-0.745077,-0.663035, 0.000000,
                       0.498001, 1.614654,-20.797298, 1.000000;;
                    }
                    Frame Armature_hornB_02_r {
                      FrameTransformMatrix {
                         1.000000,-0.000000, 0.000000, 0.000000,
                         0.000000, 0.622114,-0.782926, 0.000000,
                        -0.000000, 0.782927, 0.622114, 0.000000,
                        -0.000026,21.829515,-0.000195, 1.000000;;
                      }
                      Frame Armature_hornB_03_r {
                        FrameTransformMatrix {
                           1.000000, 0.000000, 0.000000, 0.000000,
                          -0.000000,-0.053400, 0.998573, 0.000000,
                           0.000000,-0.998573,-0.053400, 0.000000,
                           0.000046,29.144072,-0.000016, 1.000000;;
                        }
                      } // End of Armature_hornB_03_r
                    } // End of Armature_hornB_02_r
                  } // End of Armature_hornB_01_r
                  Frame Armature_hornC_01_l {
                    FrameTransformMatrix {
                       1.000000, 0.000000,-0.000000, 0.000000,
                      -0.000000, 0.550659, 0.834730, 0.000000,
                       0.000000,-0.834730, 0.550659, 0.000000,
                       0.497999,-6.945137,23.598650, 1.000000;;
                    }
                    Frame Armature_hornC_02_l {
                      FrameTransformMatrix {
                         1.000000,-0.000000, 0.000000, 0.000000,
                        -0.000000, 0.834730, 0.550659, 0.000000,
                        -0.000000,-0.550659, 0.834730, 0.000000,
                         0.000001,35.610889, 0.000004, 1.000000;;
                      }
                    } // End of Armature_hornC_02_l
                  } // End of Armature_hornC_01_l
                  Frame Armature_hornC_01_r {
                    FrameTransformMatrix {
                      -1.000000, 0.000000, 0.000000, 0.000000,
                       0.000000, 0.550659,-0.834730, 0.000000,
                      -0.000000,-0.834730,-0.550659, 0.000000,
                       0.498004,-6.945324,-23.598600, 1.000000;;
                    }
                    Frame Armature_hornC_02_r {
                      FrameTransformMatrix {
                         1.000000, 0.000000, 0.000000, 0.000000,
                        -0.000000, 0.834730, 0.550659, 0.000000,
                        -0.000000,-0.550659, 0.834730, 0.000000,
                         0.000002,35.611187,-0.000403, 1.000000;;
                      }
                    } // End of Armature_hornC_02_r
                  } // End of Armature_hornC_01_r
                } // End of Armature_head
              } // End of Armature_neck_01
            } // End of Armature_spine_03
          } // End of Armature_spine_02
        } // End of Armature_spine_01
        Frame Armature_tail_01 {
          FrameTransformMatrix {
             0.673576, 0.739118,-0.000000, 0.000000,
            -0.739118, 0.673576, 0.000000, 0.000000,
             0.000000, 0.000000, 1.000000, 0.000000,
             6.170578,24.843485,-0.000000, 1.000000;;
          }
          Frame Armature_tail_02 {
            FrameTransformMatrix {
               0.928497,-0.371339, 0.000000, 0.000000,
               0.371339, 0.928497, 0.000000, 0.000000,
              -0.000000, 0.000000, 1.000000, 0.000000,
              -0.000002,28.033710,-0.000000, 1.000000;;
            }
            Frame Armature_tail_03 {
              FrameTransformMatrix {
                 0.924825,-0.380392, 0.000000, 0.000000,
                 0.380392, 0.924825,-0.000000, 0.000000,
                -0.000000, 0.000000, 1.000000, 0.000000,
                 0.000002,30.899012, 0.000000, 1.000000;;
              }
              Frame Armature_tail_04 {
                FrameTransformMatrix {
                   0.946668,-0.322211, 0.000000, 0.000000,
                   0.322211, 0.946668, 0.000000, 0.000000,
                  -0.000000, 0.000000, 1.000000, 0.000000,
                   1.136209,30.677706,-0.000000, 1.000000;;
                }
              } // End of Armature_tail_04
            } // End of Armature_tail_03
          } // End of Armature_tail_02
        } // End of Armature_tail_01
        Frame Armature_thigh_l {
          FrameTransformMatrix {
            -0.381517, 0.915127, 0.130336, 0.000000,
            -0.912181,-0.349914,-0.213276, 0.000000,
            -0.149568,-0.200258, 0.968259, 0.000000,
            -2.265742,-0.180676,-17.085043, 1.000000;;
          }
          Frame Armature_calf_l {
            FrameTransformMatrix {
               0.856721,-0.507601,-0.091492, 0.000000,
               0.502647, 0.861440,-0.072572, 0.000000,
               0.115652, 0.016186, 0.993158, 0.000000,
              -1.092361,25.370684, 0.163616, 1.000000;;
            }
            Frame Armature_foot_l {
              FrameTransformMatrix {
                 0.316299,-0.933321,-0.169905, 0.000000,
                -0.948053,-0.304583,-0.091787, 0.000000,
                 0.033916, 0.190111,-0.981177, 0.000000,
                 1.794422,15.340361,-0.114339, 1.000000;;
              }
              Frame Armature_ball_l {
                FrameTransformMatrix {
                   0.000000, 1.000000,-0.000000, 0.000000,
                  -0.998608,-0.000000,-0.052741, 0.000000,
                  -0.052741, 0.000000, 0.998608, 0.000000,
                  -1.865967, 8.321958,-0.107338, 1.000000;;
                }
              } // End of Armature_ball_l
            } // End of Armature_foot_l
          } // End of Armature_calf_l
        } // End of Armature_thigh_l
        Frame Armature_thigh_r {
          FrameTransformMatrix {
             0.374143,-0.913533, 0.159610, 0.000000,
            -0.908621,-0.326674, 0.260176, 0.000000,
            -0.185539,-0.242368,-0.952278, 0.000000,
            -2.265774,-0.180682,17.085001, 1.000000;;
          }
          Frame Armature_calf_r {
            FrameTransformMatrix {
               0.886297, 0.453313, 0.094791, 0.000000,
              -0.448964, 0.891235,-0.064283, 0.000000,
              -0.113622, 0.014416, 0.993419, 0.000000,
               1.092372,25.370676, 0.163544, 1.000000;;
            }
            Frame Armature_foot_r {
              FrameTransformMatrix {
                 0.267203, 0.940552, 0.209677, 0.000000,
                 0.963630,-0.261822,-0.053548, 0.000000,
                 0.004533, 0.216359,-0.976303, 0.000000,
                -1.794426,15.340333,-0.114325, 1.000000;;
              }
              Frame Armature_ball_r {
                FrameTransformMatrix {
                  -0.000000,-1.000000,-0.000000, 0.000000,
                   0.998608, 0.000000,-0.052741, 0.000000,
                   0.052741,-0.000000, 0.998608, 0.000000,
                   1.865965, 8.321961,-0.107363, 1.000000;;
                }
              } // End of Armature_ball_r
            } // End of Armature_foot_r
          } // End of Armature_calf_r
        } // End of Armature_thigh_r
      } // End of Armature_pelvis
    } // End of Armature_root
    Frame MainBody01 {
      FrameTransformMatrix {
         1.000000, 0.000000, 0.000000, 0.000000,
         0.000000, 1.000000,-0.000000, 0.000000,
         0.000000,-0.000000, 1.000000, 0.000000,
        -0.000000, 0.000000,-0.000000, 1.000000;;
      }
    } // End of MainBody01
  } // End of Armature
} // End of Root
AnimationSet Global {
  Animation {
    {Armature}
    AnimationKey { // Rotation
      0;
      9;
      0;4;-1.000000, 0.000000, 0.000000, 0.000000;;,
      1;4;-1.000000, 0.000000, 0.000000, 0.000000;;,
      2;4;-1.000000, 0.000000, 0.000000, 0.000000;;,
      3;4;-1.000000, 0.000000, 0.000000, 0.000000;;,
      4;4;-1.000000, 0.000000, 0.000000, 0.000000;;,
      5;4;-1.000000, 0.000000, 0.000000, 0.000000;;,
      6;4;-1.000000, 0.000000, 0.000000, 0.000000;;,
      7;4;-1.000000, 0.000000, 0.000000, 0.000000;;,
      8;4;-1.000000, 0.000000, 0.000000, 0.000000;;;
    }
    AnimationKey { // Scale
      1;
      9;
      0;3; 0.010000, 0.010000, 0.010000;;,
      1;3; 0.010000, 0.010000, 0.010000;;,
      2;3; 0.010000, 0.010000, 0.010000;;,
      3;3; 0.010000, 0.010000, 0.010000;;,
      4;3; 0.010000, 0.010000, 0.010000;;,
      5;3; 0.010000, 0.010000, 0.010000;;,
      6;3; 0.010000, 0.010000, 0.010000;;,
      7;3; 0.010000, 0.010000, 0.010000;;,
      8;3; 0.010000, 0.010000, 0.010000;;;
    }
    AnimationKey { // Position
      2;
      9;
      0;3; 0.000000, 0.000000, 0.000000;;,
      1;3; 0.000000, 0.000000, 0.000000;;,
      2;3; 0.000000, 0.000000, 0.000000;;,
      3;3; 0.000000, 0.000000, 0.000000;;,
      4;3; 0.000000, 0.000000, 0.000000;;,
      5;3; 0.000000, 0.000000, 0.000000;;,
      6;3; 0.000000, 0.000000, 0.000000;;,
      7;3; 0.000000, 0.000000, 0.000000;;,
      8;3; 0.000000, 0.000000, 0.000000;;;
    }
  }
  Animation {
    {Armature_root}
    AnimationKey { // Rotation
      0;
      9;
      0;4;-0.707107, 0.707107, 0.000000, 0.000000;;,
      1;4;-0.707107, 0.707107, 0.000000, 0.000000;;,
      2;4;-0.707107, 0.707107, 0.000000, 0.000000;;,
      3;4;-0.707107, 0.707107, 0.000000, 0.000000;;,
      4;4;-0.707107, 0.707107, 0.000000, 0.000000;;,
      5;4;-0.707107, 0.707107, 0.000000, 0.000000;;,
      6;4;-0.707107, 0.707107, 0.000000, 0.000000;;,
      7;4;-0.707107, 0.707107, 0.000000, 0.000000;;,
      8;4;-0.707107, 0.707107, 0.000000, 0.000000;;;
    }
    AnimationKey { // Scale
      1;
      9;
      0;3; 1.000000, 1.000000, 1.000000;;,
      1;3; 1.000000, 1.000000, 1.000000;;,
      2;3; 1.000000, 1.000000, 1.000000;;,
      3;3; 1.000000, 1.000000, 1.000000;;,
      4;3; 1.000000, 1.000000, 1.000000;;,
      5;3; 1.000000, 1.000000, 1.000000;;,
      6;3; 1.000000, 1.000000, 1.000000;;,
      7;3; 1.000000, 1.000000, 1.000000;;,
      8;3; 1.000000, 1.000000, 1.000000;;;
    }
    AnimationKey { // Position
      2;
      9;
      0;3; 0.000000, 0.000000, 0.000000;;,
      1;3; 0.000000, 0.000000, 0.000000;;,
      2;3; 0.000000, 0.000000, 0.000000;;,
      3;3; 0.000000, 0.000000, 0.000000;;,
      4;3; 0.000000, 0.000000, 0.000000;;,
      5;3; 0.000000, 0.000000, 0.000000;;,
      6;3; 0.000000, 0.000000, 0.000000;;,
      7;3; 0.000000, 0.000000, 0.000000;;,
      8;3; 0.000000, 0.000000, 0.000000;;;
    }
  }
  Animation {
    {Armature_pelvis}
    AnimationKey { // Rotation
      0;
      9;
      0;4;-0.541652,-0.454547,-0.541652, 0.454547;;,
      1;4;-0.548923,-0.445739,-0.548923, 0.445740;;,
      2;4;-0.562044,-0.429076,-0.562045, 0.429076;;,
      3;4;-0.568901,-0.419942,-0.568901, 0.419942;;,
      4;4;-0.567485,-0.421854,-0.567485, 0.421854;;,
      5;4;-0.563936,-0.426586,-0.563937, 0.426586;;,
      6;4;-0.559310,-0.432635,-0.559310, 0.432635;;,
      7;4;-0.554701,-0.438528,-0.554701, 0.438528;;,
      8;4;-0.551266,-0.442838,-0.551266, 0.442838;;;
    }
    AnimationKey { // Scale
      1;
      9;
      0;3; 1.000000, 1.000000, 1.000000;;,
      1;3; 1.000000, 1.000000, 1.000000;;,
      2;3; 1.000000, 1.000000, 1.000000;;,
      3;3; 1.000000, 1.000000, 1.000000;;,
      4;3; 1.000000, 1.000000, 1.000000;;,
      5;3; 1.000000, 1.000000, 1.000000;;,
      6;3; 1.000000, 1.000000, 1.000000;;,
      7;3; 1.000000, 1.000000, 1.000000;;,
      8;3; 1.000000, 1.000000, 1.000000;;;
    }
    AnimationKey { // Position
      2;
      9;
      0;3; 0.000000,43.452366, 0.076357;;,
      1;3; 0.000000,40.922836,-0.048816;;,
      2;3; 0.000000,36.225136,-0.281278;;,
      3;3; 0.000001,33.695606,-0.406452;;,
      4;3; 0.000000,35.334000,-0.406451;;,
      5;3; 0.000000,39.240936,-0.406451;;,
      6;3; 0.000000,43.904053,-0.406450;;,
      7;3;-0.000000,47.810989,-0.406449;;,
      8;3;-0.000000,49.449383,-0.406450;;;
    }
  }
  Animation {
    {Armature_spine_01}
    AnimationKey { // Rotation
      0;
      9;
      0;4; 0.000000, 0.999942, 0.010728, 0.000000;;,
      1;4;-0.011184, 0.999823, 0.015090, 0.000966;;,
      2;4;-0.019654, 0.999162, 0.035852, 0.001732;;,
      3;4;-0.023008, 0.998568, 0.048258, 0.002150;;,
      4;4;-0.019165, 0.998416, 0.052878, 0.001312;;,
      5;4;-0.009450, 0.997894, 0.064170,-0.000591;;,
      6;4; 0.003400, 0.996922, 0.078279,-0.002595;;,
      7;4; 0.016583, 0.995672, 0.091358,-0.004048;;,
      8;4; 0.027234, 0.994644, 0.099595,-0.004705;;;
    }
    AnimationKey { // Scale
      1;
      9;
      0;3; 1.000001, 1.000000, 1.000000;;,
      1;3; 1.000002, 1.000000, 1.000000;;,
      2;3; 1.000002, 1.000000, 1.000000;;,
      3;3; 1.000002, 1.000000, 1.000000;;,
      4;3; 1.000002, 1.000000, 1.000000;;,
      5;3; 1.000002, 1.000000, 1.000000;;,
      6;3; 1.000002, 1.000000, 1.000000;;,
      7;3; 1.000002, 1.000000, 1.000000;;,
      8;3; 1.000002, 1.000000, 1.000000;;;
    }
    AnimationKey { // Position
      2;
      9;
      0;3;14.028807, 0.619729,-0.000001;;,
      1;3;14.028810, 0.619729,-0.000001;;,
      2;3;14.028809, 0.619728,-0.000001;;,
      3;3;14.028807, 0.619730,-0.000001;;,
      4;3;14.028808, 0.619729,-0.000001;;,
      5;3;14.028811, 0.619728,-0.000001;;,
      6;3;14.028807, 0.619729,-0.000001;;,
      7;3;14.028807, 0.619730,-0.000001;;,
      8;3;14.028804, 0.619729,-0.000001;;;
    }
  }
  Animation {
    {Armature_spine_02}
    AnimationKey { // Rotation
      0;
      9;
      0;4;-0.686678, 0.000000,-0.000000,-0.726961;;,
      1;4;-0.708821,-0.004063, 0.002689,-0.705372;;,
      2;4;-0.730197,-0.011358, 0.008030,-0.683095;;,
      3;4;-0.739639,-0.015177, 0.011053,-0.672742;;,
      4;4;-0.735476,-0.012808, 0.008406,-0.677378;;,
      5;4;-0.724415,-0.006546, 0.001720,-0.689331;;,
      6;4;-0.708555, 0.002370,-0.007079,-0.705616;;,
      7;4;-0.690163, 0.012550,-0.016178,-0.723365;;,
      8;4;-0.671820, 0.022340,-0.024028,-0.739988;;;
    }
    AnimationKey { // Scale
      1;
      9;
      0;3; 1.000000, 1.000000, 1.000000;;,
      1;3; 1.000000, 1.000000, 1.000000;;,
      2;3; 1.000000, 1.000000, 1.000000;;,
      3;3; 1.000000, 1.000000, 1.000000;;,
      4;3; 1.000000, 1.000000, 1.000000;;,
      5;3; 1.000000, 1.000000, 1.000000;;,
      6;3; 1.000000, 1.000000, 1.000000;;,
      7;3; 1.000000, 1.000000, 1.000000;;,
      8;3; 1.000000, 1.000000, 1.000000;;;
    }
    AnimationKey { // Position
      2;
      9;
      0;3;15.357300, 0.000012, 0.000002;;,
      1;3;15.357305, 0.000011, 0.000002;;,
      2;3;15.357304, 0.000011, 0.000002;;,
      3;3;15.357305, 0.000012, 0.000002;;,
      4;3;15.357307, 0.000011, 0.000002;;,
      5;3;15.357304, 0.000012, 0.000002;;,
      6;3;15.357297, 0.000012, 0.000002;;,
      7;3;15.357307, 0.000011, 0.000002;;,
      8;3;15.357302, 0.000011, 0.000002;;;
    }
  }
  Animation {
    {Armature_spine_03}
    AnimationKey { // Rotation
      0;
      9;
      0;4;-0.996007,-0.000000, 0.000000,-0.089273;;,
      1;4;-0.997352, 0.003930,-0.012068,-0.071605;;,
      2;4;-0.997822, 0.008839,-0.035418,-0.054945;;,
      3;4;-0.997584, 0.011262,-0.049396,-0.047533;;,
      4;4;-0.997386, 0.010802,-0.051597,-0.049422;;,
      5;4;-0.997039, 0.008989,-0.053488,-0.054505;;,
      6;4;-0.996543, 0.006281,-0.055105,-0.061859;;,
      7;4;-0.995903, 0.003125,-0.056477,-0.070555;;,
      8;4;-0.995155,-0.000039,-0.057612,-0.079666;;;
    }
    AnimationKey { // Scale
      1;
      9;
      0;3; 1.000000, 1.000000, 1.000000;;,
      1;3; 1.000000, 1.000000, 1.000000;;,
      2;3; 1.000000, 1.000000, 1.000000;;,
      3;3; 1.000000, 1.000000, 1.000000;;,
      4;3; 1.000000, 1.000000, 1.000000;;,
      5;3; 1.000000, 1.000000, 1.000000;;,
      6;3; 1.000000, 1.000000, 1.000000;;,
      7;3; 1.000000, 1.000000, 1.000000;;,
      8;3; 1.000000, 1.000000, 1.000000;;;
    }
    AnimationKey { // Position
      2;
      9;
      0;3;-0.000000,14.891389,-0.000000;;,
      1;3;-0.000001,14.891385,-0.000000;;,
      2;3; 0.000003,14.891385,-0.000000;;,
      3;3;-0.000001,14.891381,-0.000000;;,
      4;3; 0.000002,14.891389, 0.000000;;,
      5;3;-0.000002,14.891378, 0.000000;;,
      6;3;-0.000001,14.891389, 0.000000;;,
      7;3;-0.000000,14.891382,-0.000000;;,
      8;3;-0.000001,14.891378,-0.000000;;;
    }
  }
  Animation {
    {Armature_neck_01}
    AnimationKey { // Rotation
      0;
      9;
      0;4;-0.983442, 0.000000,-0.000000, 0.181221;;,
      1;4;-0.978961, 0.007269, 0.000483, 0.203916;;,
      2;4;-0.969116, 0.020807, 0.000488, 0.245727;;,
      3;4;-0.963001, 0.028096, 0.000009, 0.268031;;,
      4;4;-0.964303, 0.023517, 0.000112, 0.263755;;,
      5;4;-0.967548, 0.011444, 0.000190, 0.252429;;,
      6;4;-0.971667,-0.005620,-0.000187, 0.236289;;,
      7;4;-0.975707,-0.025154,-0.001317, 0.217627;;,
      8;4;-0.979014,-0.044629,-0.003193, 0.198820;;;
    }
    AnimationKey { // Scale
      1;
      9;
      0;3; 1.000000, 1.000000, 1.000000;;,
      1;3; 1.000000, 1.000000, 1.000000;;,
      2;3; 1.000000, 1.000000, 1.000000;;,
      3;3; 1.000000, 1.000000, 1.000000;;,
      4;3; 1.000000, 1.000000, 1.000000;;,
      5;3; 1.000000, 1.000000, 1.000000;;,
      6;3; 1.000000, 1.000000, 1.000000;;,
      7;3; 1.000000, 1.000000, 1.000000;;,
      8;3; 1.000000, 1.000000, 1.000000;;;
    }
    AnimationKey { // Position
      2;
      9;
      0;3;-0.000002,20.905088,-0.000000;;,
      1;3;-0.000002,20.905079, 0.000000;;,
      2;3; 0.000000,20.905087,-0.000000;;,
      3;3;-0.000000,20.905073, 0.000000;;,
      4;3;-0.000002,20.905081, 0.000000;;,
      5;3;-0.000002,20.905085, 0.000000;;,
      6;3;-0.000002,20.905094, 0.000000;;,
      7;3;-0.000002,20.905081,-0.000001;;,
      8;3;-0.000003,20.905075, 0.000000;;;
    }
  }
  Animation {
    {Armature_head}
    AnimationKey { // Rotation
      0;
      9;
      0;4;-0.997747,-0.000000, 0.000000,-0.067084;;,
      1;4;-0.997747,-0.000000,-0.000000,-0.067084;;,
      2;4;-0.997747,-0.000000, 0.000000,-0.067084;;,
      3;4;-0.997747,-0.000000,-0.000000,-0.067084;;,
      4;4;-0.997747,-0.000000, 0.000000,-0.067084;;,
      5;4;-0.997747,-0.000000,-0.000000,-0.067084;;,
      6;4;-0.997747,-0.000000, 0.000000,-0.067084;;,
      7;4;-0.997747,-0.000000, 0.000000,-0.067084;;,
      8;4;-0.997747,-0.000000, 0.000000,-0.067084;;;
    }
    AnimationKey { // Scale
      1;
      9;
      0;3; 1.000000, 1.000000, 1.000000;;,
      1;3; 1.000000, 1.000000, 1.000000;;,
      2;3; 1.000000, 1.000000, 1.000000;;,
      3;3; 1.000000, 1.000000, 1.000000;;,
      4;3; 1.000000, 1.000000, 1.000000;;,
      5;3; 1.000000, 1.000000, 1.000000;;,
      6;3; 1.000000, 1.000000, 1.000000;;,
      7;3; 1.000000, 1.000000, 1.000000;;,
      8;3; 1.000000, 1.000000, 1.000000;;;
    }
    AnimationKey { // Position
      2;
      9;
      0;3;-0.000001,30.618134, 0.000000;;,
      1;3;-0.000001,30.618118, 0.000000;;,
      2;3; 0.000000,30.618116, 0.000000;;,
      3;3;-0.000007,30.618120,-0.000000;;,
      4;3; 0.000001,30.618132,-0.000001;;,
      5;3; 0.000009,30.618130,-0.000000;;,
      6;3;-0.000004,30.618124,-0.000000;;,
      7;3; 0.000004,30.618114,-0.000000;;,
      8;3;-0.000002,30.618105,-0.000001;;;
    }
  }
  Animation {
    {Armature_face}
    AnimationKey { // Rotation
      0;
      9;
      0;4;-0.643068,-0.000000, 0.000000, 0.765809;;,
      1;4;-0.643068,-0.000000, 0.000000, 0.765809;;,
      2;4;-0.643068,-0.000000, 0.000000, 0.765809;;,
      3;4;-0.643068,-0.000000, 0.000000, 0.765809;;,
      4;4;-0.643068,-0.000000, 0.000000, 0.765809;;,
      5;4;-0.643068,-0.000000, 0.000000, 0.765809;;,
      6;4;-0.643068,-0.000000, 0.000000, 0.765809;;,
      7;4;-0.643068,-0.000000, 0.000000, 0.765809;;,
      8;4;-0.643068,-0.000000, 0.000000, 0.765809;;;
    }
    AnimationKey { // Scale
      1;
      9;
      0;3; 1.000000, 1.000000, 1.000000;;,
      1;3; 1.000000, 1.000000, 1.000000;;,
      2;3; 1.000000, 1.000000, 1.000000;;,
      3;3; 1.000000, 1.000000, 1.000000;;,
      4;3; 1.000000, 1.000000, 1.000000;;,
      5;3; 1.000000, 1.000000, 1.000000;;,
      6;3; 1.000000, 1.000000, 1.000000;;,
      7;3; 1.000000, 1.000000, 1.000000;;,
      8;3; 1.000000, 1.000000, 1.000000;;;
    }
    AnimationKey { // Position
      2;
      9;
      0;3;-11.381894,-11.468966, 0.000000;;,
      1;3;-11.381883,-11.468957, 0.000000;;,
      2;3;-11.381893,-11.468966, 0.000000;;,
      3;3;-11.381904,-11.468992, 0.000000;;,
      4;3;-11.381898,-11.468987, 0.000001;;,
      5;3;-11.381893,-11.468976, 0.000001;;,
      6;3;-11.381890,-11.468989, 0.000000;;,
      7;3;-11.381893,-11.468997, 0.000000;;,
      8;3;-11.381895,-11.469007,-0.000001;;;
    }
  }
  Animation {
    {Armature_mouth}
    AnimationKey { // Rotation
      0;
      9;
      0;4;-0.454718, 0.454718,-0.541509,-0.541509;;,
      1;4;-0.454718, 0.454718,-0.541509,-0.541509;;,
      2;4;-0.454718, 0.454718,-0.541509,-0.541509;;,
      3;4;-0.454718, 0.454718,-0.541509,-0.541509;;,
      4;4;-0.454718, 0.454718,-0.541509,-0.541509;;,
      5;4;-0.454718, 0.454718,-0.541509,-0.541509;;,
      6;4;-0.454718, 0.454718,-0.541509,-0.541509;;,
      7;4;-0.454718, 0.454718,-0.541509,-0.541509;;,
      8;4;-0.454718, 0.454718,-0.541509,-0.541509;;;
    }
    AnimationKey { // Scale
      1;
      9;
      0;3; 1.000000, 1.000000, 1.000000;;,
      1;3; 1.000000, 1.000000, 1.000000;;,
      2;3; 1.000000, 1.000000, 1.000000;;,
      3;3; 1.000000, 1.000000, 1.000000;;,
      4;3; 1.000000, 1.000000, 1.000000;;,
      5;3; 1.000000, 1.000000, 1.000000;;,
      6;3; 1.000000, 1.000000, 1.000000;;,
      7;3; 1.000000, 1.000000, 1.000000;;,
      8;3; 1.000000, 1.000000, 1.000000;;;
    }
    AnimationKey { // Position
      2;
      9;
      0;3;-0.609460,10.399986,-0.000000;;,
      1;3;-0.609469,10.399987, 0.000000;;,
      2;3;-0.609470,10.399975, 0.000000;;,
      3;3;-0.609458,10.399986,-0.000000;;,
      4;3;-0.609459,10.399995, 0.000000;;,
      5;3;-0.609462,10.399979,-0.000001;;,
      6;3;-0.609462,10.399976, 0.000000;;,
      7;3;-0.609466,10.399981,-0.000000;;,
      8;3;-0.609474,10.399986, 0.000001;;;
    }
  }
  Animation {
    {Armature_Jaw}
    AnimationKey { // Rotation
      0;
      9;
      0;4;-0.707107, 0.707107, 0.000000, 0.000000;;,
      1;4;-0.707107, 0.707107,-0.000000, 0.000000;;,
      2;4;-0.707107, 0.707107, 0.000000, 0.000000;;,
      3;4;-0.707107, 0.707107, 0.000000, 0.000000;;,
      4;4;-0.707107, 0.707107, 0.000000, 0.000000;;,
      5;4;-0.707107, 0.707107, 0.000000, 0.000000;;,
      6;4;-0.707107, 0.707107,-0.000000, 0.000000;;,
      7;4;-0.707107, 0.707107, 0.000000, 0.000000;;,
      8;4;-0.707107, 0.707107, 0.000000, 0.000000;;;
    }
    AnimationKey { // Scale
      1;
      9;
      0;3; 1.000000, 1.000000, 1.000000;;,
      1;3; 1.000000, 1.000000, 1.000000;;,
      2;3; 1.000000, 1.000000, 1.000000;;,
      3;3; 1.000000, 1.000000, 1.000000;;,
      4;3; 1.000000, 1.000000, 1.000000;;,
      5;3; 1.000000, 1.000000, 1.000000;;,
      6;3; 1.000000, 1.000000, 1.000000;;,
      7;3; 1.000000, 1.000000, 1.000000;;,
      8;3; 1.000000, 1.000000, 1.000000;;;
    }
    AnimationKey { // Position
      2;
      9;
      0;3; 2.083532,-16.025854,-0.000000;;,
      1;3; 2.083542,-16.025852,-0.000000;;,
      2;3; 2.083529,-16.025856, 0.000000;;,
      3;3; 2.083525,-16.025879, 0.000000;;,
      4;3; 2.083525,-16.025883, 0.000000;;,
      5;3; 2.083529,-16.025864, 0.000000;;,
      6;3; 2.083535,-16.025879,-0.000000;;,
      7;3; 2.083533,-16.025877,-0.000000;;,
      8;3; 2.083532,-16.025883,-0.000001;;;
    }
  }
  Animation {
    {Armature_hat_01}
    AnimationKey { // Rotation
      0;
      9;
      0;4;-0.999980,-0.000000, 0.000000,-0.006313;;,
      1;4;-0.999980,-0.000000,-0.000000,-0.006313;;,
      2;4;-0.999980,-0.000000,-0.000000,-0.006313;;,
      3;4;-0.999980, 0.000000, 0.000000,-0.006313;;,
      4;4;-0.999980,-0.000000,-0.000000,-0.006313;;,
      5;4;-0.999980,-0.000000, 0.000000,-0.006313;;,
      6;4;-0.999980,-0.000000,-0.000000,-0.006313;;,
      7;4;-0.999980,-0.000000, 0.000000,-0.006313;;,
      8;4;-0.999980,-0.000000, 0.000000,-0.006313;;;
    }
    AnimationKey { // Scale
      1;
      9;
      0;3; 1.000000, 1.000000, 1.000000;;,
      1;3; 1.000000, 1.000000, 1.000000;;,
      2;3; 1.000000, 1.000000, 1.000000;;,
      3;3; 1.000000, 1.000000, 1.000000;;,
      4;3; 1.000000, 1.000000, 1.000000;;,
      5;3; 1.000000, 1.000000, 1.000000;;,
      6;3; 1.000000, 1.000000, 1.000000;;,
      7;3; 1.000000, 1.000000, 1.000000;;,
      8;3; 1.000000, 1.000000, 1.000000;;;
    }
    AnimationKey { // Position
      2;
      9;
      0;3; 0.498001,18.918243,-0.000000;;,
      1;3; 0.498017,18.918253,-0.000000;;,
      2;3; 0.498007,18.918238,-0.000000;;,
      3;3; 0.497992,18.918211,-0.000000;;,
      4;3; 0.498004,18.918222,-0.000000;;,
      5;3; 0.498005,18.918232, 0.000000;;,
      6;3; 0.498008,18.918226,-0.000001;;,
      7;3; 0.498002,18.918209,-0.000000;;,
