xof 0303txt 0032

Frame Root {
  FrameTransformMatrix {
     1.000000, 0.000000, 0.000000, 0.000000,
     0.000000,-0.000000,-1.000000, 0.000000,
     0.000000, 1.000000,-0.000000, 0.000000,
     0.000000, 0.000000, 0.000000, 1.000000;;
  }
  Frame Armature {
    FrameTransformMatrix {
       0.010000, 0.000000, 0.000000, 0.000000,
       0.000000, 0.010000, 0.000000, 0.000000,
       0.000000, 0.000000, 0.010000, 0.000000,
       0.000000, 0.000000, 0.000000, 1.000000;;
    }
    Frame Armature_root {
      FrameTransformMatrix {
         1.000000, 0.000000, 0.000000, 0.000000,
         0.000000, 0.000000, 1.000000, 0.000000,
         0.000000,-1.000000, 0.000000, 0.000000,
         0.000000, 0.000000, 0.000000, 1.000000;;
      }
      Frame Armature_pelvis {
        FrameTransformMatrix {
          -0.000000, 0.969014, 0.247004, 0.000000,
          -0.000000, 0.247004,-0.969014, 0.000000,
          -1.000000,-0.000000, 0.000000, 0.000000,
          -0.000001,66.015915, 0.076359, 1.000000;;
        }
        Frame Armature_spine_01 {
          FrameTransformMatrix {
             0.901934, 0.431878, 0.000000, 0.000000,
             0.431878,-0.901932, 0.000000, 0.000000,
             0.000000, 0.000000,-1.000000, 0.000000,
            14.028811, 0.619730,-0.000001, 1.000000;;
          }
          Frame Armature_FrontBelly {
            FrameTransformMatrix {
              -0.000000,-0.000000, 1.000000, 0.000000,
               0.044573, 0.999006, 0.000000, 0.000000,
              -0.999006, 0.044573,-0.000000, 0.000000,
               9.244057,27.484030, 0.000000, 1.000000;;
            }
          } // End of Armature_FrontBelly
          Frame Armature_spine_02 {
            FrameTransformMatrix {
              -0.197925,-0.980125,-0.013477, 0.000000,
               0.976343,-0.198345, 0.086108, 0.000000,
              -0.087069, 0.003885, 0.996195, 0.000000,
              15.357317, 0.000011, 0.000002, 1.000000;;
            }
            Frame Armature_spine_03 {
              FrameTransformMatrix {
                 0.978654,-0.205515,-0.000000, 0.000000,
                 0.205515, 0.978654,-0.000000, 0.000000,
                 0.000000,-0.000000, 1.000000, 0.000000,
                 0.000006,14.891382, 0.000000, 1.000000;;
              }
              Frame Armature_clavicle_l {
                FrameTransformMatrix {
                   0.949238, 0.256066, 0.182698, 0.000000,
                  -0.164414,-0.091268, 0.982160, 0.000000,
                   0.268172,-0.962341,-0.044535, 0.000000,
                   3.006549, 6.351175,20.842358, 1.000000;;
                }
                Frame Armature_upperarm_l {
                  FrameTransformMatrix {
                     0.974291, 0.172434, 0.144996, 0.000000,
                    -0.223874, 0.813127, 0.537312, 0.000000,
                    -0.025249,-0.555959, 0.830826, 0.000000,
                    -0.000001,15.415956,-0.000006, 1.000000;;
                  }
                  Frame Armature_lowerarm_l {
                    FrameTransformMatrix {
                       0.629259, 0.777195, 0.000000, 0.000000,
                      -0.777195, 0.629259, 0.000000, 0.000000,
                       0.000000,-0.000000, 1.000000, 0.000000,
                       0.000002,35.891964, 0.000005, 1.000000;;
                    }
                    Frame Armature_hand_l {
                      FrameTransformMatrix {
                         0.193111,-0.069665, 0.978701, 0.000000,
                        -0.003176, 0.997426, 0.071624, 0.000000,
                        -0.981172,-0.016940, 0.192393, 0.000000,
                        -0.000007,40.930389, 0.000014, 1.000000;;
                      }
                      Frame Armature_LowerJaw_l {
                        FrameTransformMatrix {
                           0.003665, 0.003570,-0.999987, 0.000000,
                           0.002668, 0.999990, 0.003579, 0.000000,
                           0.999990,-0.002681, 0.003656, 0.000000,
                          14.700427,27.837101, 0.056989, 1.000000;;
                        }
                      } // End of Armature_LowerJaw_l
                      Frame Armature_drill_l {
                        FrameTransformMatrix {
                           0.003665, 0.003570,-0.999987, 0.000000,
                           0.002667, 0.999990, 0.003579, 0.000000,
                           0.999990,-0.002681, 0.003656, 0.000000,
                          -0.944952,11.008289,-0.060419, 1.000000;;
                        }
                      } // End of Armature_drill_l
                      Frame Armature_saw_l {
                        FrameTransformMatrix {
                           0.003665, 0.003570,-0.999987, 0.000000,
                           0.002667, 0.999990, 0.003579, 0.000000,
                           0.999990,-0.002681, 0.003656, 0.000000,
                          -0.224311,13.957765,-0.047287, 1.000000;;
                        }
                      } // End of Armature_saw_l
                      Frame Armature_upperJaw_l {
                        FrameTransformMatrix {
                           0.003665, 0.003570,-0.999987, 0.000000,
                           0.002668, 0.999990, 0.003579, 0.000000,
                           0.999990,-0.002681, 0.003656, 0.000000,
                          -13.323124,24.131813,-0.058947, 1.000000;;
                        }
                      } // End of Armature_upperJaw_l
                    } // End of Armature_hand_l
                  } // End of Armature_lowerarm_l
                } // End of Armature_upperarm_l
              } // End of Armature_clavicle_l
              Frame Armature_clavicle_r {
                FrameTransformMatrix {
                  -0.949238,-0.256066, 0.182697, 0.000000,
                  -0.164413,-0.091268,-0.982160, 0.000000,
                   0.268172,-0.962341, 0.044535, 0.000000,
                   3.006556, 6.351153,-20.842396, 1.000000;;
                }
                Frame Armature_upperarm_r {
                  FrameTransformMatrix {
                     0.969720, 0.079613,-0.230881, 0.000000,
                     0.070827, 0.813067, 0.577846, 0.000000,
                     0.233725,-0.576701, 0.782808, 0.000000,
                     0.000005,15.415915, 0.000001, 1.000000;;
                  }
                  Frame Armature_lowerarm_r {
                    FrameTransformMatrix {
                       0.337948,-0.941165, 0.000000, 0.000000,
                       0.941165, 0.337948,-0.000000, 0.000000,
                       0.000000, 0.000000, 1.000000, 0.000000,
                      -0.000005,35.891922, 0.000001, 1.000000;;
                    }
                    Frame Armature_hand_r {
                      FrameTransformMatrix {
                         0.045114, 0.193312,-0.980099, 0.000000,
                        -0.201486, 0.962697, 0.180605, 0.000000,
                         0.978452, 0.189329, 0.082381, 0.000000,
                        -0.000015,40.930717,-0.000008, 1.000000;;
                      }
                      Frame Armature_LowerJaw_r {
                        FrameTransformMatrix {
                           0.003665,-0.003570, 0.999987, 0.000000,
                          -0.002667, 0.999990, 0.003579, 0.000000,
                          -0.999990,-0.002680, 0.003656, 0.000000,
                          -14.700423,27.836874, 0.056980, 1.000000;;
                        }
                      } // End of Armature_LowerJaw_r
                      Frame Armature_drill_r {
                        FrameTransformMatrix {
                           0.003665,-0.003570, 0.999987, 0.000000,
                          -0.002667, 0.999990, 0.003580, 0.000000,
                          -0.999990,-0.002680, 0.003656, 0.000000,
                           0.944896,11.007854,-0.060434, 1.000000;;
                        }
                      } // End of Armature_drill_r
                      Frame Armature_saw_r {
                        FrameTransformMatrix {
                           0.003665,-0.003570, 0.999987, 0.000000,
                          -0.002667, 0.999990, 0.003580, 0.000000,
                          -0.999990,-0.002680, 0.003656, 0.000000,
                           0.224228,13.957914,-0.047284, 1.000000;;
                        }
                      } // End of Armature_saw_r
                      Frame Armature_upperJaw_r {
                        FrameTransformMatrix {
                           0.003665,-0.003570, 0.999987, 0.000000,
                          -0.002667, 0.999990, 0.003580, 0.000000,
                          -0.999990,-0.002680, 0.003656, 0.000000,
                          13.323243,24.130997,-0.058941, 1.000000;;
                        }
                      } // End of Armature_upperJaw_r
                    } // End of Armature_hand_r
                  } // End of Armature_lowerarm_r
                } // End of Armature_upperarm_r
              } // End of Armature_clavicle_r
              Frame Armature_neck_01 {
                FrameTransformMatrix {
                   0.768131, 0.635319,-0.079657, 0.000000,
                  -0.634765, 0.771895, 0.035368, 0.000000,
                   0.083957, 0.023396, 0.996195, 0.000000,
                  -0.000002,20.905081, 0.000001, 1.000000;;
                }
                Frame Armature_head {
                  FrameTransformMatrix {
                     0.990999,-0.133865, 0.000000, 0.000000,
                     0.133865, 0.991000,-0.000000, 0.000000,
                     0.000000, 0.000000, 1.000000, 0.000000,
                     0.000000,30.618126,-0.000001, 1.000000;;
                  }
                  Frame Armature_Jaw {
                    FrameTransformMatrix {
                       1.000000, 0.000000, 0.000000, 0.000000,
                      -0.000000,-0.000000, 1.000000, 0.000000,
                       0.000000,-1.000000, 0.000000, 0.000000,
                       2.083531,-16.025856, 0.000000, 1.000000;;
                    }
                  } // End of Armature_Jaw
                  Frame Armature_face {
                    FrameTransformMatrix {
                      -0.172927, 0.984935,-0.000000, 0.000000,
                      -0.984935,-0.172927, 0.000000, 0.000000,
                       0.000000, 0.000000, 1.000000, 0.000000,
                      -11.381895,-11.468971, 0.000001, 1.000000;;
                    }
                    Frame Armature_mouth {
                      FrameTransformMatrix {
                        -0.172928,-0.984935, 0.000000, 0.000000,
                        -0.000000, 0.000000, 1.000000, 0.000000,
                        -0.984935, 0.172927,-0.000000, 0.000000,
                        -0.609445,10.399983,-0.000001, 1.000000;;
                      }
                    } // End of Armature_mouth
                  } // End of Armature_face
                  Frame Armature_hat_01 {
                    FrameTransformMatrix {
                       0.999920,-0.012625,-0.000000, 0.000000,
                       0.012625, 0.999920,-0.000000, 0.000000,
                       0.000000,-0.000000, 1.000000, 0.000000,
                       0.498000,18.918230,-0.000001, 1.000000;;
                    }
                    Frame Armature_hat_02 {
                      FrameTransformMatrix {
                         0.999920, 0.012625, 0.000000, 0.000000,
                        -0.000000,-0.000000, 1.000000, 0.000000,
                         0.012625,-0.999920,-0.000000, 0.000000,
                        -0.860989,68.190170,-0.000000, 1.000000;;
                      }
                    } // End of Armature_hat_02
                  } // End of Armature_hat_01
                  Frame Armature_hornA_01_l {
                    FrameTransformMatrix {
                       0.999912, 0.012123, 0.005449, 0.000000,
                      -0.013291, 0.912013, 0.409946, 0.000000,
                      -0.000000,-0.409982, 0.912094, 0.000000,
                       0.497999,12.041778, 8.191209, 1.000000;;
                    }
                    Frame Armature_hornA_02_l {
                      FrameTransformMatrix {
                         1.000000, 0.000000,-0.000000, 0.000000,
                        -0.000000, 0.409982, 0.912094, 0.000000,
                         0.000000,-0.912094, 0.409981, 0.000000,
                        -0.000001,67.569504,-0.000000, 1.000000;;
                      }
                    } // End of Armature_hornA_02_l
                  } // End of Armature_hornA_01_l
                  Frame Armature_hornA_01_r {
                    FrameTransformMatrix {
                      -0.999912,-0.012123, 0.005449, 0.000000,
                      -0.013291, 0.912013,-0.409946, 0.000000,
                       0.000000,-0.409982,-0.912094, 0.000000,
                       0.498001,12.041652,-8.191211, 1.000000;;
                    }
                    Frame Armature_hornA_02_r {
                      FrameTransformMatrix {
                         1.000000,-0.000000,-0.000000, 0.000000,
                         0.000000, 0.409982, 0.912094, 0.000000,
                        -0.000000,-0.912094, 0.409982, 0.000000,
                         0.000005,67.569206, 0.000112, 1.000000;;
                      }
                    } // End of Armature_hornA_02_r
                  } // End of Armature_hornA_01_r
                  Frame Armature_hornB_01_l {
                    FrameTransformMatrix {
                       0.995309, 0.096750, 0.000000, 0.000000,
                      -0.064149, 0.659924, 0.748589, 0.000000,
                       0.072426,-0.745077, 0.663035, 0.000000,
                       0.498000, 1.614541,20.797300, 1.000000;;
                    }
                    Frame Armature_hornB_02_l {
                      FrameTransformMatrix {
                         1.000000,-0.000000,-0.000000, 0.000000,
                        -0.000000, 0.622114,-0.782926, 0.000000,
                         0.000000, 0.782926, 0.622114, 0.000000,
                        -0.000003,21.829382,-0.000007, 1.000000;;
                      }
                      Frame Armature_hornB_03_l {
                        FrameTransformMatrix {
                           1.000000,-0.000000,-0.000000, 0.000000,
                           0.000000,-0.053400, 0.998573, 0.000000,
                          -0.000000,-0.998573,-0.053400, 0.000000,
                          -0.000003,29.144501,-0.000006, 1.000000;;
                        }
                      } // End of Armature_hornB_03_l
                    } // End of Armature_hornB_02_l
                  } // End of Armature_hornB_01_l
                  Frame Armature_hornB_01_r {
                    FrameTransformMatrix {
                      -0.995309,-0.096750, 0.000000, 0.000000,
                      -0.064149, 0.659924,-0.748589, 0.000000,
                       0.072426,-0.745077,-0.663035, 0.000000,
                       0.498001, 1.614666,-20.797300, 1.000000;;
                    }
                    Frame Armature_hornB_02_r {
                      FrameTransformMatrix {
                         1.000000,-0.000000, 0.000000, 0.000000,
                         0.000000, 0.622114,-0.782926, 0.000000,
                        -0.000000, 0.782926, 0.622114, 0.000000,
                        -0.000028,21.829538,-0.000192, 1.000000;;
                      }
                      Frame Armature_hornB_03_r {
                        FrameTransformMatrix {
                           1.000000, 0.000000, 0.000000, 0.000000,
                          -0.000000,-0.053400, 0.998573, 0.000000,
                           0.000000,-0.998573,-0.053400, 0.000000,
                           0.000046,29.144060,-0.000021, 1.000000;;
                        }
                      } // End of Armature_hornB_03_r
                    } // End of Armature_hornB_02_r
                  } // End of Armature_hornB_01_r
                  Frame Armature_hornC_01_l {
                    FrameTransformMatrix {
                       1.000000, 0.000000, 0.000000, 0.000000,
                      -0.000000, 0.550659, 0.834730, 0.000000,
                       0.000000,-0.834730, 0.550659, 0.000000,
                       0.497999,-6.945147,23.598652, 1.000000;;
                    }
                    Frame Armature_hornC_02_l {
                      FrameTransformMatrix {
                         1.000000,-0.000000, 0.000000, 0.000000,
                        -0.000000, 0.834730, 0.550659, 0.000000,
                        -0.000000,-0.550659, 0.834730, 0.000000,
                         0.000000,35.610882,-0.000009, 1.000000;;
                      }
                    } // End of Armature_hornC_02_l
                  } // End of Armature_hornC_01_l
                  Frame Armature_hornC_01_r {
                    FrameTransformMatrix {
                      -1.000000, 0.000000, 0.000000, 0.000000,
                       0.000000, 0.550659,-0.834730, 0.000000,
                      -0.000000,-0.834730,-0.550659, 0.000000,
                       0.498001,-6.945326,-23.598604, 1.000000;;
                    }
                    Frame Armature_hornC_02_r {
                      FrameTransformMatrix {
                         1.000000, 0.000000, 0.000000, 0.000000,
                        -0.000000, 0.834730, 0.550659, 0.000000,
                        -0.000000,-0.550659, 0.834730, 0.000000,
                        -0.000000,35.611198,-0.000426, 1.000000;;
                      }
                    } // End of Armature_hornC_02_r
                  } // End of Armature_hornC_01_r
                } // End of Armature_head
              } // End of Armature_neck_01
            } // End of Armature_spine_03
          } // End of Armature_spine_02
        } // End of Armature_spine_01
        Frame Armature_tail_01 {
          FrameTransformMatrix {
             0.576498, 0.817098,-0.000000, 0.000000,
            -0.817098, 0.576498, 0.000000, 0.000000,
             0.000000, 0.000000, 1.000000, 0.000000,
             3.035251,25.417753,-0.000000, 1.000000;;
          }
          Frame Armature_tail_02 {
            FrameTransformMatrix {
               0.982450,-0.186527, 0.000000, 0.000000,
               0.174455, 0.918865,-0.353911, 0.000000,
               0.066014, 0.347700, 0.935279, 0.000000,
              -0.000000,28.033707,-0.000000, 1.000000;;
            }
            Frame Armature_tail_03 {
              FrameTransformMatrix {
                 0.980581,-0.196116,-0.000000, 0.000000,
                 0.183423, 0.917117,-0.353911, 0.000000,
                 0.069408, 0.347038, 0.935279, 0.000000,
                 0.000004,30.899010, 0.000001, 1.000000;;
              }
              Frame Armature_tail_04 {
                FrameTransformMatrix {
                   0.990869,-0.134828, 0.000000, 0.000000,
                   0.126101, 0.926739,-0.353911, 0.000000,
                   0.047717, 0.350679, 0.935279, 0.000000,
                   1.136207,30.677704, 0.000001, 1.000000;;
                }
              } // End of Armature_tail_04
            } // End of Armature_tail_03
          } // End of Armature_tail_02
        } // End of Armature_tail_01
        Frame Armature_thigh_l {
          FrameTransformMatrix {
             0.360883, 0.896427, 0.257257, 0.000000,
            -0.903366, 0.404541,-0.142395, 0.000000,
            -0.231718,-0.181010, 0.955794, 0.000000,
            -2.265736,-0.180674,-17.085043, 1.000000;;
          }
          Frame Armature_calf_l {
            FrameTransformMatrix {
               0.588857,-0.805869,-0.061829, 0.000000,
               0.797077, 0.591693,-0.120699, 0.000000,
               0.133851, 0.021792, 0.990762, 0.000000,
              -1.092367,25.370682, 0.163614, 1.000000;;
            }
            Frame Armature_foot_l {
              FrameTransformMatrix {
                -0.170692,-0.983363,-0.062140, 0.000000,
                -0.960793, 0.152126, 0.231807, 0.000000,
                -0.218497, 0.099272,-0.970775, 0.000000,
                 1.794424,15.340363,-0.114341, 1.000000;;
              }
              Frame Armature_ball_l {
                FrameTransformMatrix {
                   0.000000, 1.000000,-0.000000, 0.000000,
                  -0.998608,-0.000000,-0.052741, 0.000000,
                  -0.052741, 0.000000, 0.998608, 0.000000,
                  -1.865963, 8.321958,-0.107337, 1.000000;;
                }
              } // End of Armature_ball_l
            } // End of Armature_foot_l
          } // End of Armature_calf_l
        } // End of Armature_thigh_l
        Frame Armature_thigh_r {
          FrameTransformMatrix {
             0.947909,-0.313901, 0.054178, 0.000000,
            -0.317207,-0.945738, 0.070428, 0.000000,
             0.029131,-0.083944,-0.996045, 0.000000,
            -2.265765,-0.180680,17.085001, 1.000000;;
          }
          Frame Armature_calf_r {
            FrameTransformMatrix {
               0.886699, 0.452515, 0.094836, 0.000000,
              -0.448174, 0.891641,-0.064162, 0.000000,
              -0.113594, 0.014389, 0.993423, 0.000000,
               1.092369,25.370678, 0.163544, 1.000000;;
            }
            Frame Armature_foot_r {
              FrameTransformMatrix {
                 0.005673, 0.999502,-0.031066, 0.000000,
                 0.988641,-0.010272,-0.149947, 0.000000,
                -0.150191,-0.029863,-0.988206, 0.000000,
                -1.794425,15.340330,-0.114324, 1.000000;;
              }
              Frame Armature_ball_r {
                FrameTransformMatrix {
                  -0.000000,-1.000000,-0.000000, 0.000000,
                   0.998608, 0.000000,-0.052741, 0.000000,
                   0.052741,-0.000000, 0.998608, 0.000000,
                   1.865967, 8.321960,-0.107365, 1.000000;;
                }
              } // End of Armature_ball_r
            } // End of Armature_foot_r
          } // End of Armature_calf_r
        } // End of Armature_thigh_r
      } // End of Armature_pelvis
    } // End of Armature_root
    Frame MainBody01 {
      FrameTransformMatrix {
         1.000000, 0.000000,-0.000000, 0.000000,
         0.000000, 1.000000, 0.000000, 0.000000,
        -0.000000, 0.000000, 1.000000, 0.000000,
         0.000000,-0.000000,-0.000000, 1.000000;;
      }
    } // End of MainBody01
  } // End of Armature
} // End of Root
AnimationSet Global {
  Animation {
    {Armature}
    AnimationKey { // Rotation
      0;
      21;
      0;4;-1.000000, 0.000000, 0.000000, 0.000000;;,
      1;4;-1.000000, 0.000000, 0.000000, 0.000000;;,
      2;4;-1.000000, 0.000000, 0.000000, 0.000000;;,
      3;4;-1.000000, 0.000000, 0.000000, 0.000000;;,
      4;4;-1.000000, 0.000000, 0.000000, 0.000000;;,
      5;4;-1.000000, 0.000000, 0.000000, 0.000000;;,
      6;4;-1.000000, 0.000000, 0.000000, 0.000000;;,
      7;4;-1.000000, 0.000000, 0.000000, 0.000000;;,
      8;4;-1.000000, 0.000000, 0.000000, 0.000000;;,
      9;4;-1.000000, 0.000000, 0.000000, 0.000000;;,
      10;4;-1.000000, 0.000000, 0.000000, 0.000000;;,
      11;4;-1.000000, 0.000000, 0.000000, 0.000000;;,
      12;4;-1.000000, 0.000000, 0.000000, 0.000000;;,
      13;4;-1.000000, 0.000000, 0.000000, 0.000000;;,
      14;4;-1.000000, 0.000000, 0.000000, 0.000000;;,
      15;4;-1.000000, 0.000000, 0.000000, 0.000000;;,
      16;4;-1.000000, 0.000000, 0.000000, 0.000000;;,
      17;4;-1.000000, 0.000000, 0.000000, 0.000000;;,
      18;4;-1.000000, 0.000000, 0.000000, 0.000000;;,
      19;4;-1.000000, 0.000000, 0.000000, 0.000000;;,
      20;4;-1.000000, 0.000000, 0.000000, 0.000000;;;
    }
    AnimationKey { // Scale
      1;
      21;
      0;3; 0.010000, 0.010000, 0.010000;;,
      1;3; 0.010000, 0.010000, 0.010000;;,
      2;3; 0.010000, 0.010000, 0.010000;;,
      3;3; 0.010000, 0.010000, 0.010000;;,
      4;3; 0.010000, 0.010000, 0.010000;;,
      5;3; 0.010000, 0.010000, 0.010000;;,
      6;3; 0.010000, 0.010000, 0.010000;;,
      7;3; 0.010000, 0.010000, 0.010000;;,
      8;3; 0.010000, 0.010000, 0.010000;;,
      9;3; 0.010000, 0.010000, 0.010000;;,
      10;3; 0.010000, 0.010000, 0.010000;;,
      11;3; 0.010000, 0.010000, 0.010000;;,
      12;3; 0.010000, 0.010000, 0.010000;;,
      13;3; 0.010000, 0.010000, 0.010000;;,
      14;3; 0.010000, 0.010000, 0.010000;;,
      15;3; 0.010000, 0.010000, 0.010000;;,
      16;3; 0.010000, 0.010000, 0.010000;;,
      17;3; 0.010000, 0.010000, 0.010000;;,
      18;3; 0.010000, 0.010000, 0.010000;;,
      19;3; 0.010000, 0.010000, 0.010000;;,
      20;3; 0.010000, 0.010000, 0.010000;;;
    }
    AnimationKey { // Position
      2;
      21;
      0;3; 0.000000, 0.000000, 0.000000;;,
      1;3; 0.000000, 0.000000, 0.000000;;,
      2;3; 0.000000, 0.000000, 0.000000;;,
      3;3; 0.000000, 0.000000, 0.000000;;,
      4;3; 0.000000, 0.000000, 0.000000;;,
      5;3; 0.000000, 0.000000, 0.000000;;,
      6;3; 0.000000, 0.000000, 0.000000;;,
      7;3; 0.000000, 0.000000, 0.000000;;,
      8;3; 0.000000, 0.000000, 0.000000;;,
      9;3; 0.000000, 0.000000, 0.000000;;,
      10;3; 0.000000, 0.000000, 0.000000;;,
      11;3; 0.000000, 0.000000, 0.000000;;,
      12;3; 0.000000, 0.000000, 0.000000;;,
      13;3; 0.000000, 0.000000, 0.000000;;,
      14;3; 0.000000, 0.000000, 0.000000;;,
      15;3; 0.000000, 0.000000, 0.000000;;,
      16;3; 0.000000, 0.000000, 0.000000;;,
      17;3; 0.000000, 0.000000, 0.000000;;,
      18;3; 0.000000, 0.000000, 0.000000;;,
      19;3; 0.000000, 0.000000, 0.000000;;,
      20;3; 0.000000, 0.000000, 0.000000;;;
    }
  }
  Animation {
    {Armature_root}
    AnimationKey { // Rotation
      0;
      21;
      0;4;-0.707107, 0.707107, 0.000000, 0.000000;;,
      1;4;-0.707070, 0.707070, 0.007174, 0.007174;;,
      2;4;-0.706971, 0.706971, 0.013871, 0.013871;;,
      3;4;-0.706839, 0.706839, 0.019447, 0.019447;;,
      4;4;-0.706724, 0.706724, 0.023263, 0.023263;;,
      5;4;-0.706676, 0.706676, 0.024678, 0.024678;;,
      6;4;-0.706723, 0.706723, 0.023296, 0.023296;;,
      7;4;-0.706837, 0.706837, 0.019546, 0.019546;;,
      8;4;-0.706968, 0.706968, 0.014019, 0.014019;;,
      9;4;-0.707069, 0.707069, 0.007306, 0.007306;;,
      10;4;-0.707107, 0.707107, 0.000000, 0.000000;;,
      11;4;-0.707069, 0.707069,-0.007306,-0.007306;;,
      12;4;-0.706968, 0.706968,-0.014019,-0.014019;;,
      13;4;-0.706837, 0.706837,-0.019546,-0.019546;;,
      14;4;-0.706723, 0.706723,-0.023296,-0.023296;;,
      15;4;-0.706676, 0.706676,-0.024678,-0.024678;;,
      16;4;-0.706724, 0.706724,-0.023266,-0.023266;;,
      17;4;-0.706839, 0.706839,-0.019455,-0.019455;;,
      18;4;-0.706971, 0.706971,-0.013883,-0.013883;;,
      19;4;-0.707070, 0.707070,-0.007185,-0.007185;;,
      20;4;-0.707107, 0.707107, 0.000000, 0.000000;;;
    }
    AnimationKey { // Scale
      1;
      21;
      0;3; 1.000000, 1.000000, 1.000000;;,
      1;3; 1.000000, 1.000000, 1.000000;;,
      2;3; 1.000000, 1.000000, 1.000000;;,
      3;3; 1.000000, 1.000000, 1.000000;;,
      4;3; 1.000000, 1.000000, 1.000000;;,
      5;3; 1.000000, 1.000000, 1.000000;;,
      6;3; 1.000000, 1.000000, 1.000000;;,
      7;3; 1.000000, 1.000000, 1.000000;;,
      8;3; 1.000000, 1.000000, 1.000000;;,
      9;3; 1.000000, 1.000000, 1.000000;;,
      10;3; 1.000000, 1.000000, 1.000000;;,
      11;3; 1.000000, 1.000000, 1.000000;;,
      12;3; 1.000000, 1.000000, 1.000000;;,
      13;3; 1.000000, 1.000000, 1.000000;;,
      14;3; 1.000000, 1.000000, 1.000000;;,
      15;3; 1.000000, 1.000000, 1.000000;;,
      16;3; 1.000000, 1.000000, 1.000000;;,
      17;3; 1.000000, 1.000000, 1.000000;;,
      18;3; 1.000000, 1.000000, 1.000000;;,
      19;3; 1.000000, 1.000000, 1.000000;;,
      20;3; 1.000000, 1.000000, 1.000000;;;
    }
    AnimationKey { // Position
      2;
      21;
      0;3; 0.000000, 0.000000, 0.000000;;,
      1;3; 1.437410, 0.000000, 0.000000;;,
      2;3; 2.792087, 0.000000, 0.000000;;,
      3;3; 3.928058, 0.000000, 0.000000;;,
      4;3; 4.709352, 0.000000, 0.000000;;,
      5;3; 5.000000, 0.000000, 0.000000;;,
      6;3; 4.720000, 0.000000, 0.000000;;,
      7;3; 3.960000, 0.000000, 0.000000;;,
      8;3; 2.840000, 0.000000, 0.000000;;,
      9;3; 1.480000, 0.000000, 0.000000;;,
      10;3;-0.000000, 0.000000, 0.000000;;,
      11;3;-1.480000, 0.000000, 0.000000;;,
      12;3;-2.840000, 0.000000, 0.000000;;,
      13;3;-3.960000, 0.000000, 0.000000;;,
      14;3;-4.720000, 0.000000, 0.000000;;,
      15;3;-5.000000, 0.000000, 0.000000;;,
      16;3;-4.722498, 0.000000, 0.000000;;,
      17;3;-3.967494, 0.000000, 0.000000;;,
      18;3;-2.851241, 0.000000, 0.000000;;,
      19;3;-1.489993, 0.000000, 0.000000;;,
      20;3; 0.000000, 0.000000, 0.000000;;;
    }
  }
  Animation {
    {Armature_pelvis}
    AnimationKey { // Rotation
      0;
      21;
      0;4;-0.558347,-0.433877,-0.558347, 0.433877;;,
      1;4;-0.574745,-0.455193,-0.541110, 0.411909;;,
      2;4;-0.589044,-0.474168,-0.524562, 0.391187;;,
      3;4;-0.600256,-0.489338,-0.510439, 0.373755;;,
      4;4;-0.607569,-0.499391,-0.500609, 0.361746;;,
      5;4;-0.610202,-0.503044,-0.496938, 0.357286;;,
      6;4;-0.607567,-0.499388,-0.500612, 0.361749;;,
      7;4;-0.600249,-0.489329,-0.510448, 0.373766;;,
      8;4;-0.589034,-0.474153,-0.524575, 0.391203;;,
      9;4;-0.574735,-0.455180,-0.541121, 0.411923;;,
      10;4;-0.558347,-0.433877,-0.558347, 0.433877;;,
      11;4;-0.541121,-0.411923,-0.574735, 0.455180;;,
      12;4;-0.524575,-0.391203,-0.589034, 0.474154;;,
      13;4;-0.510448,-0.373766,-0.600249, 0.489329;;,
      14;4;-0.500612,-0.361749,-0.607567, 0.499388;;,
      15;4;-0.496938,-0.357286,-0.610202, 0.503044;;,
      16;4;-0.500723,-0.361885,-0.607486, 0.499276;;,
      17;4;-0.510776,-0.374168,-0.599998, 0.488986;;,
      18;4;-0.525051,-0.391795,-0.588640, 0.473625;;,
      19;4;-0.541528,-0.412437,-0.574366, 0.454695;;,
      20;4;-0.558347,-0.433877,-0.558347, 0.433877;;;
    }
    AnimationKey { // Scale
      1;
      21;
      0;3; 1.000000, 1.000000, 1.000000;;,
      1;3; 1.000000, 1.000000, 1.000000;;,
      2;3; 1.000000, 1.000000, 1.000000;;,
      3;3; 1.000000, 1.000000, 1.000000;;,
      4;3; 1.000000, 1.000000, 1.000000;;,
      5;3; 1.000000, 1.000000, 1.000000;;,
      6;3; 1.000000, 1.000000, 1.000000;;,
      7;3; 1.000000, 1.000000, 1.000000;;,
      8;3; 1.000000, 1.000000, 1.000000;;,
      9;3; 1.000000, 1.000000, 1.000000;;,
      10;3; 1.000000, 1.000000, 1.000000;;,
      11;3; 1.000000, 1.000000, 1.000000;;,
      12;3; 1.000000, 1.000000, 1.000000;;,
      13;3; 1.000000, 1.000000, 1.000000;;,
      14;3; 1.000000, 1.000000, 1.000000;;,
      15;3; 1.000000, 1.000000, 1.000000;;,
      16;3; 1.000000, 1.000000, 1.000000;;,
      17;3; 1.000000, 1.000000, 1.000000;;,
      18;3; 1.000000, 1.000000, 1.000000;;,
      19;3; 1.000000, 1.000000, 1.000000;;,
      20;3; 1.000000, 1.000000, 1.000000;;;
    }
    AnimationKey { // Position
      2;
      21;
      0;3;-0.000001,66.015915, 0.076359;;,
      1;3;-0.000000,54.329769, 0.076358;;,
      2;3;-0.000000,44.527172, 0.076356;;,
      3;3; 0.000000,37.614456, 0.076356;;,
      4;3; 0.000001,34.597939, 0.076355;;,
      5;3; 0.000000,36.483940, 0.076356;;,
      6;3; 0.000000,43.691380, 0.076356;;,
      7;3;-0.000000,53.680321, 0.076357;;,
      8;3;-0.000001,63.018738, 0.076358;;,
      9;3;-0.000001,68.274612, 0.076358;;,
      10;3;-0.000001,66.015915, 0.076359;;,
      11;3;-0.000000,57.619995, 0.076359;;,
      12;3; 0.000000,48.238800, 0.076357;;,
      13;3; 0.000000,40.102367, 0.076355;;,
      14;3; 0.000000,35.440735, 0.076355;;,
      15;3; 0.000001,36.483940, 0.076356;;,
      16;3; 0.000000,43.658985, 0.076357;;,
      17;3;-0.000001,53.623600, 0.076358;;,
      18;3;-0.000001,62.953911, 0.076359;;,
      19;3;-0.000001,68.225983, 0.076361;;,
      20;3;-0.000001,66.015915, 0.076359;;;
    }
  }
  Animation {
    {Armature_spine_01}
    AnimationKey { // Rotation
      0;
      21;
      0;4; 0.000000, 0.975175, 0.221436, 0.000000;;,
      1;4; 0.026810, 0.979655, 0.196252, 0.032303;;,
      2;4; 0.053593, 0.981910, 0.171299, 0.060305;;,
      3;4; 0.077032, 0.982065, 0.151300, 0.081993;;,
      4;4; 0.093368, 0.980974, 0.140452, 0.096156;;,
      5;4; 0.098863, 0.979527, 0.142755, 0.101852;;,
      6;4; 0.091710, 0.978123, 0.159023, 0.097859;;,
      7;4; 0.074946, 0.976750, 0.182327, 0.084260;;,
      8;4; 0.052287, 0.975303, 0.205452, 0.061969;;,
      9;4; 0.026721, 0.974340, 0.221062, 0.032842;;,
      10;4; 0.000000, 0.975175, 0.221436, 0.000000;;,
      11;4;-0.027257, 0.977837, 0.205043,-0.032398;;,
      12;4;-0.053802, 0.980086, 0.181269,-0.060657;;,
      13;4;-0.077017, 0.980979, 0.158001,-0.082371;;,
      14;4;-0.093326, 0.980634, 0.142721,-0.096319;;,
      15;4;-0.098863, 0.979527, 0.142755,-0.101852;;,
      16;4;-0.091448, 0.978183, 0.158909,-0.097693;;,
      17;4;-0.074157, 0.976895, 0.182110,-0.083748;;,
      18;4;-0.051107, 0.975462, 0.205230,-0.061169;;,
      19;4;-0.025676, 0.974420, 0.220943,-0.032109;;,
      20;4; 0.000000, 0.975175, 0.221436, 0.000000;;;
    }
    AnimationKey { // Scale
      1;
      21;
      0;3; 1.000002, 1.000000, 1.000000;;,
      1;3; 1.000002, 1.000000, 1.000000;;,
      2;3; 1.000002, 1.000000, 1.000000;;,
      3;3; 1.000002, 1.000000, 1.000000;;,
      4;3; 1.000002, 1.000000, 1.000000;;,
      5;3; 1.000002, 1.000000, 1.000000;;,
      6;3; 1.000002, 1.000000, 1.000000;;,
      7;3; 1.000002, 1.000000, 1.000000;;,
      8;3; 1.000002, 1.000000, 1.000000;;,
      9;3; 1.000002, 1.000000, 1.000000;;,
      10;3; 1.000002, 1.000000, 1.000000;;,
      11;3; 1.000002, 1.000000, 1.000000;;,
      12;3; 1.000002, 1.000000, 1.000000;;,
      13;3; 1.000002, 1.000000, 1.000000;;,
      14;3; 1.000002, 1.000000, 1.000000;;,
      15;3; 1.000002, 1.000000, 1.000000;;,
      16;3; 1.000002, 1.000000, 1.000000;;,
      17;3; 1.000001, 1.000000, 1.000000;;,
      18;3; 1.000002, 1.000000, 1.000000;;,
      19;3; 1.000002, 1.000000, 1.000000;;,
      20;3; 1.000002, 1.000000, 1.000000;;;
    }
    AnimationKey { // Position
      2;
      21;
      0;3;14.028811, 0.619730,-0.000001;;,
      1;3;14.028805, 0.619730,-0.000000;;,
      2;3;14.028809, 0.619730,-0.000001;;,
      3;3;14.028803, 0.619729,-0.000002;;,
      4;3;14.028809, 0.619730,-0.000000;;,
      5;3;14.028802, 0.619728,-0.000001;;,
      6;3;14.028809, 0.619729,-0.000001;;,
      7;3;14.028815, 0.619730, 0.000000;;,
      8;3;14.028803, 0.619729, 0.000000;;,
      9;3;14.028824, 0.619732,-0.000001;;,
      10;3;14.028811, 0.619730,-0.000001;;,
      11;3;14.028820, 0.619730,-0.000000;;,
      12;3;14.028808, 0.619729,-0.000001;;,
      13;3;14.028804, 0.619728,-0.000000;;,
      14;3;14.028802, 0.619729,-0.000002;;,
      15;3;14.028802, 0.619729,-0.000001;;,
      16;3;14.028804, 0.619731,-0.000001;;,
      17;3;14.028805, 0.619731,-0.000001;;,
      18;3;14.028808, 0.619730,-0.000001;;,
      19;3;14.028811, 0.619728,-0.000001;;,
      20;3;14.028811, 0.619730,-0.000001;;;
    }
  }
  Animation {
    {Armature_spine_02}
    AnimationKey { // Rotation
      0;
      21;
      0;4;-0.632441, 0.032502,-0.029091,-0.773380;;,
      1;4;-0.636701, 0.030533,-0.027629,-0.770010;;,
      2;4;-0.646027, 0.025340,-0.023487,-0.762533;;,
      3;4;-0.655289, 0.017972,-0.017062,-0.754971;;,
      4;4;-0.659531, 0.009318,-0.008943,-0.751566;;,
      5;4;-0.656862, 0.000000,-0.000000,-0.754010;;,
      6;4;-0.650278,-0.009427, 0.008828,-0.759586;;,
      7;4;-0.642278,-0.018261, 0.016752,-0.766071;;,
      8;4;-0.635460,-0.025661, 0.023135,-0.771360;;,
      9;4;-0.632506,-0.030683, 0.027462,-0.773460;;,
      10;4;-0.635235,-0.032397, 0.029208,-0.771086;;,
      11;4;-0.641930,-0.030344, 0.027836,-0.765656;;,
      12;4;-0.649944,-0.025219, 0.023617,-0.759196;;,
      13;4;-0.656661,-0.017941, 0.017094,-0.753779;;,
      14;4;-0.659531,-0.009318, 0.008943,-0.751566;;,
      15;4;-0.657647, 0.000000,-0.000000,-0.753326;;,
      16;4;-0.652726, 0.009398,-0.008858,-0.757484;;,
      17;4;-0.646214, 0.018175,-0.016846,-0.762754;;,
      18;4;-0.639618, 0.025536,-0.023274,-0.767916;;,
      19;4;-0.634497, 0.030612,-0.027541,-0.771827;;,
      20;4;-0.632441, 0.032502,-0.029091,-0.773380;;;
    }
    AnimationKey { // Scale
      1;
      21;
      0;3; 1.000000, 1.000000, 1.000000;;,
      1;3; 1.000000, 1.000000, 1.000000;;,
      2;3; 1.000000, 1.000000, 1.000000;;,
      3;3; 1.000000, 1.000000, 1.000000;;,
      4;3; 1.000000, 1.000000, 1.000000;;,
      5;3; 1.000000, 1.000000, 1.000000;;,
      6;3; 1.000000, 1.000000, 1.000000;;,
      7;3; 1.000000, 1.000000, 1.000000;;,
      8;3; 1.000000, 1.000000, 1.000000;;,
      9;3; 1.000000, 1.000000, 1.000000;;,
      10;3; 1.000000, 1.000000, 1.000000;;,
      11;3; 1.000000, 1.000000, 1.000000;;,
      12;3; 1.000000, 1.000000, 1.000000;;,
      13;3; 1.000000, 1.000000, 1.000000;;,
      14;3; 1.000000, 1.000000, 1.000000;;,
      15;3; 1.000000, 1.000000, 1.000000;;,
      16;3; 1.000000, 1.000000, 1.000000;;,
      17;3; 1.000000, 1.000000, 1.000000;;,
      18;3; 1.000000, 1.000000, 1.000000;;,
      19;3; 1.000000, 1.000000, 1.000000;;,
      20;3; 1.000000, 1.000000, 1.000000;;;
    }
    AnimationKey { // Position
      2;
      21;
      0;3;15.357317, 0.000011, 0.000002;;,
      1;3;15.357295, 0.000009, 0.000002;;,
      2;3;15.357304, 0.000010, 0.000002;;,
      3;3;15.357307, 0.000011, 0.000002;;,
      4;3;15.357303, 0.000011, 0.000003;;,
      5;3;15.357309, 0.000011, 0.000003;;,
      6;3;15.357304, 0.000011, 0.000003;;,
      7;3;15.357304, 0.000011, 0.000002;;,
      8;3;15.357306, 0.000012, 0.000001;;,
      9;3;15.357315, 0.000013, 0.000002;;,
      10;3;15.357317, 0.000011, 0.000002;;,
      11;3;15.357298, 0.000011, 0.000002;;,
      12;3;15.357302, 0.000012, 0.000001;;,
      13;3;15.357304, 0.000011, 0.000002;;,
      14;3;15.357305, 0.000011, 0.000001;;,
      15;3;15.357304, 0.000012,-0.000000;;,
      16;3;15.357302, 0.000012, 0.000001;;,
      17;3;15.357305, 0.000010, 0.000002;;,
      18;3;15.357298, 0.000012, 0.000001;;,
      19;3;15.357305, 0.000010, 0.000002;;,
      20;3;15.357317, 0.000011, 0.000002;;;
    }
  }
  Animation {
    {Armature_spine_03}
    AnimationKey { // Rotation
      0;
      21;
      0;4;-0.994649,-0.000000, 0.000000,-0.103310;;,
      1;4;-0.994664,-0.017432,-0.034668,-0.095596;;,
      2;4;-0.993767,-0.035735,-0.066608,-0.081937;;,
      3;4;-0.991460,-0.050976,-0.092844,-0.076087;;,
      4;4;-0.988744,-0.058886,-0.110822,-0.081468;;,
      5;4;-0.987411,-0.056817,-0.117130,-0.089841;;,
      6;4;-0.988005,-0.046515,-0.109947,-0.097947;;,
      7;4;-0.989854,-0.032659,-0.091489,-0.103690;;,
      8;4;-0.992256,-0.016846,-0.064409,-0.104859;;,
      9;4;-0.994471,-0.000123,-0.031705,-0.100109;;,
      10;4;-0.995617, 0.016850, 0.003428,-0.091927;;,
      11;4;-0.995236, 0.033077, 0.037941,-0.083493;;,
      12;4;-0.993478, 0.047053, 0.069061,-0.077581;;,
      13;4;-0.990963, 0.056866, 0.094302,-0.076585;;,
      14;4;-0.988708, 0.060722, 0.111161,-0.080078;;,
      15;4;-0.987847, 0.057401, 0.116845,-0.084912;;,
      16;4;-0.988650, 0.049286, 0.109780,-0.089953;;,
      17;4;-0.990444, 0.039567, 0.091981,-0.094837;;,
      18;4;-0.992489, 0.028250, 0.065980,-0.099072;;,
      19;4;-0.994062, 0.015178, 0.034398,-0.102118;;,
      20;4;-0.994649,-0.000000, 0.000000,-0.103310;;;
    }
    AnimationKey { // Scale
      1;
      21;
      0;3; 1.000000, 1.000000, 1.000000;;,
      1;3; 1.000000, 1.000000, 1.000000;;,
      2;3; 1.000000, 1.000000, 1.000000;;,
      3;3; 1.000000, 1.000000, 1.000000;;,
      4;3; 1.000000, 1.000000, 1.000000;;,
      5;3; 1.000000, 1.000000, 1.000000;;,
      6;3; 1.000000, 1.000000, 1.000000;;,
      7;3; 1.000000, 1.000000, 1.000000;;,
