xof 0303txt 0032

Frame Root {
  FrameTransformMatrix {
     1.000000, 0.000000, 0.000000, 0.000000,
     0.000000,-0.000000,-1.000000, 0.000000,
     0.000000, 1.000000,-0.000000, 0.000000,
     0.000000, 0.000000, 0.000000, 1.000000;;
  }
  Frame Armature {
    FrameTransformMatrix {
       0.010000, 0.000000, 0.000000, 0.000000,
       0.000000, 0.010000, 0.000000, 0.000000,
       0.000000, 0.000000, 0.010000, 0.000000,
       0.000000, 0.000000, 0.000000, 1.000000;;
    }
    Frame Armature_root {
      FrameTransformMatrix {
         1.000000, 0.000000, 0.000000, 0.000000,
         0.000000, 0.000000, 1.000000, 0.000000,
         0.000000,-1.000000, 0.000000, 0.000000,
         0.000000, 0.000000, 0.000000, 1.000000;;
      }
      Frame Armature_pelvis {
        FrameTransformMatrix {
          -0.000000, 0.976487, 0.215578, 0.000000,
           0.000000, 0.215578,-0.976486, 0.000000,
          -1.000000,-0.000000, 0.000000, 0.000000,
          -0.000000,48.754066,-0.406450, 1.000000;;
        }
        Frame Armature_spine_01 {
          FrameTransformMatrix {
             0.988430, 0.149654, 0.024777, 0.000000,
             0.150841,-0.986956,-0.056260, 0.000000,
             0.016034, 0.059347,-0.998109, 0.000000,
            14.028804, 0.619730,-0.000001, 1.000000;;
          }
          Frame Armature_FrontBelly {
            FrameTransformMatrix {
              -0.000000,-0.000000, 1.000000, 0.000000,
               0.044573, 0.999006, 0.000000, 0.000000,
              -0.999006, 0.044573,-0.000000, 0.000000,
               5.570390,28.094902,-0.026705, 1.000000;;
            }
          } // End of Armature_FrontBelly
          Frame Armature_spine_02 {
            FrameTransformMatrix {
              -0.072381,-0.997377,-0.000868, 0.000000,
               0.994276,-0.072224, 0.078731, 0.000000,
              -0.078587, 0.004836, 0.996895, 0.000000,
              15.357308, 0.000011, 0.000002, 1.000000;;
            }
            Frame Armature_spine_03 {
              FrameTransformMatrix {
                 0.985116,-0.118959, 0.124076, 0.000000,
                 0.122931, 0.992104,-0.024838, 0.000000,
                -0.120142, 0.039721, 0.991962, 0.000000,
                -0.000000,14.891385,-0.000000, 1.000000;;
              }
              Frame Armature_clavicle_l {
                FrameTransformMatrix {
                   0.949237, 0.256066, 0.182698, 0.000000,
                  -0.164414,-0.091268, 0.982160, 0.000000,
                   0.268172,-0.962341,-0.044535, 0.000000,
                   3.006553, 6.351179,20.842356, 1.000000;;
                }
                Frame Armature_upperarm_l {
                  FrameTransformMatrix {
                     0.221678, 0.660002, 0.717813, 0.000000,
                    -0.372289, 0.737650,-0.563270, 0.000000,
                    -0.901255,-0.142369, 0.409233, 0.000000,
                     0.000001,15.415943, 0.000006, 1.000000;;
                  }
                  Frame Armature_lowerarm_l {
                    FrameTransformMatrix {
                       0.738037, 0.674760, 0.000000, 0.000000,
                      -0.674760, 0.738037, 0.000000, 0.000000,
                       0.000000,-0.000000, 1.000000, 0.000000,
                       0.000004,35.891953,-0.000002, 1.000000;;
                    }
                    Frame Armature_hand_l {
                      FrameTransformMatrix {
                        -0.229516,-0.297715, 0.926654, 0.000000,
                         0.157743, 0.928105, 0.337251, 0.000000,
                        -0.960437, 0.223578,-0.166052, 0.000000,
                        -0.000003,40.930393, 0.000008, 1.000000;;
                      }
                      Frame Armature_LowerJaw_l {
                        FrameTransformMatrix {
                           0.003665, 0.003570,-0.999987, 0.000000,
                           0.002668, 0.999990, 0.003579, 0.000000,
                           0.999990,-0.002681, 0.003656, 0.000000,
                          14.700447,27.837103, 0.056985, 1.000000;;
                        }
                      } // End of Armature_LowerJaw_l
                      Frame Armature_drill_l {
                        FrameTransformMatrix {
                           0.003665, 0.003570,-0.999987, 0.000000,
                           0.002668, 0.999990, 0.003579, 0.000000,
                           0.999990,-0.002681, 0.003656, 0.000000,
                          -0.944935,11.008291,-0.060424, 1.000000;;
                        }
                      } // End of Armature_drill_l
                      Frame Armature_saw_l {
                        FrameTransformMatrix {
                           0.003665, 0.003570,-0.999987, 0.000000,
                           0.002668, 0.999990, 0.003579, 0.000000,
                           0.999990,-0.002681, 0.003656, 0.000000,
                          -0.224304,13.957777,-0.047280, 1.000000;;
                        }
                      } // End of Armature_saw_l
                      Frame Armature_upperJaw_l {
                        FrameTransformMatrix {
                           0.003665, 0.003570,-0.999987, 0.000000,
                           0.002668, 0.999990, 0.003580, 0.000000,
                           0.999990,-0.002681, 0.003656, 0.000000,
                          -13.323109,24.131817,-0.058949, 1.000000;;
                        }
                      } // End of Armature_upperJaw_l
                    } // End of Armature_hand_l
                  } // End of Armature_lowerarm_l
                } // End of Armature_upperarm_l
              } // End of Armature_clavicle_l
              Frame Armature_clavicle_r {
                FrameTransformMatrix {
                  -0.949238,-0.256066, 0.182697, 0.000000,
                  -0.164413,-0.091268,-0.982160, 0.000000,
                   0.268172,-0.962341, 0.044535, 0.000000,
                   3.006559, 6.351164,-20.842398, 1.000000;;
                }
                Frame Armature_upperarm_r {
                  FrameTransformMatrix {
                     0.093061,-0.717425,-0.690392, 0.000000,
                     0.517268, 0.627318,-0.582156, 0.000000,
                     0.850749,-0.302942, 0.429479, 0.000000,
                     0.000004,15.415920,-0.000015, 1.000000;;
                  }
                  Frame Armature_lowerarm_r {
                    FrameTransformMatrix {
                       0.805470,-0.592636,-0.000000, 0.000000,
                       0.592636, 0.805470,-0.000000, 0.000000,
                       0.000000, 0.000000, 1.000000, 0.000000,
                       0.000000,35.891914, 0.000011, 1.000000;;
                    }
                    Frame Armature_hand_r {
                      FrameTransformMatrix {
                        -0.212470, 0.006428,-0.977147, 0.000000,
                        -0.245163, 0.967644, 0.059674, 0.000000,
                         0.945913, 0.252239,-0.204019, 0.000000,
                        -0.000002,40.930737,-0.000011, 1.000000;;
                      }
                      Frame Armature_LowerJaw_r {
                        FrameTransformMatrix {
                           0.003665,-0.003570, 0.999987, 0.000000,
                          -0.002667, 0.999990, 0.003580, 0.000000,
                          -0.999990,-0.002680, 0.003656, 0.000000,
                          -14.700417,27.836887, 0.056986, 1.000000;;
                        }
                      } // End of Armature_LowerJaw_r
                      Frame Armature_drill_r {
                        FrameTransformMatrix {
                           0.003665,-0.003570, 0.999987, 0.000000,
                          -0.002667, 0.999990, 0.003580, 0.000000,
                          -0.999990,-0.002680, 0.003656, 0.000000,
                           0.944897,11.007862,-0.060428, 1.000000;;
                        }
                      } // End of Armature_drill_r
                      Frame Armature_saw_r {
                        FrameTransformMatrix {
                           0.003665,-0.003570, 0.999987, 0.000000,
                          -0.002667, 0.999990, 0.003579, 0.000000,
                          -0.999990,-0.002680, 0.003656, 0.000000,
                           0.224232,13.957924,-0.047287, 1.000000;;
                        }
                      } // End of Armature_saw_r
                      Frame Armature_upperJaw_r {
                        FrameTransformMatrix {
                           0.003665,-0.003570, 0.999987, 0.000000,
                          -0.002667, 0.999990, 0.003579, 0.000000,
                          -0.999990,-0.002680, 0.003656, 0.000000,
                          13.323242,24.131004,-0.058947, 1.000000;;
                        }
                      } // End of Armature_upperJaw_r
                    } // End of Armature_hand_r
                  } // End of Armature_lowerarm_r
                } // End of Armature_upperarm_r
              } // End of Armature_clavicle_r
              Frame Armature_neck_01 {
                FrameTransformMatrix {
                   0.955685, 0.294375, 0.003132, 0.000000,
                  -0.293885, 0.954611,-0.048471, 0.000000,
                  -0.017259, 0.045402, 0.998820, 0.000000,
                  -0.000002,20.905092, 0.000000, 1.000000;;
                }
                Frame Armature_head {
                  FrameTransformMatrix {
                     0.991000,-0.133865,-0.000000, 0.000000,
                     0.133865, 0.990999,-0.000000, 0.000000,
                     0.000000, 0.000000, 1.000000, 0.000000,
                    -0.000000,30.618118,-0.000001, 1.000000;;
                  }
                  Frame Armature_Jaw {
                    FrameTransformMatrix {
                       1.000000, 0.000000, 0.000000, 0.000000,
                      -0.000000,-0.000000, 1.000000, 0.000000,
                       0.000000,-1.000000, 0.000000, 0.000000,
                       2.083532,-16.025850, 0.000001, 1.000000;;
                    }
                  } // End of Armature_Jaw
                  Frame Armature_face {
                    FrameTransformMatrix {
                      -0.172927, 0.984935,-0.000000, 0.000000,
                      -0.984935,-0.172927, 0.000000, 0.000000,
                       0.000000, 0.000000, 1.000000, 0.000000,
                      -11.381894,-11.468974, 0.000001, 1.000000;;
                    }
                    Frame Armature_mouth {
                      FrameTransformMatrix {
                        -0.172928,-0.984935, 0.000000, 0.000000,
                        -0.000000, 0.000000, 1.000000, 0.000000,
                        -0.984935, 0.172927,-0.000000, 0.000000,
                        -0.609462,10.399987, 0.000001, 1.000000;;
                      }
                    } // End of Armature_mouth
                  } // End of Armature_face
                  Frame Armature_hat_01 {
                    FrameTransformMatrix {
                       0.999920,-0.012625, 0.000000, 0.000000,
                       0.012625, 0.999920,-0.000000, 0.000000,
                      -0.000000, 0.000000, 1.000000, 0.000000,
                       0.498001,18.918243, 0.000001, 1.000000;;
                    }
                    Frame Armature_hat_02 {
                      FrameTransformMatrix {
                         0.999920, 0.012625, 0.000000, 0.000000,
                        -0.000000,-0.000000, 1.000000, 0.000000,
                         0.012625,-0.999920,-0.000000, 0.000000,
                        -0.860987,68.190178, 0.000001, 1.000000;;
                      }
                    } // End of Armature_hat_02
                  } // End of Armature_hat_01
                  Frame Armature_hornA_01_l {
                    FrameTransformMatrix {
                       0.999912, 0.012123, 0.005449, 0.000000,
                      -0.013291, 0.912013, 0.409946, 0.000000,
                      -0.000000,-0.409982, 0.912094, 0.000000,
                       0.498000,12.041783, 8.191207, 1.000000;;
                    }
                    Frame Armature_hornA_02_l {
                      FrameTransformMatrix {
                         1.000000, 0.000000,-0.000000, 0.000000,
                        -0.000000, 0.409981, 0.912094, 0.000000,
                         0.000000,-0.912094, 0.409981, 0.000000,
                         0.000002,67.569496,-0.000004, 1.000000;;
                      }
                    } // End of Armature_hornA_02_l
                  } // End of Armature_hornA_01_l
                  Frame Armature_hornA_01_r {
                    FrameTransformMatrix {
                      -0.999912,-0.012123, 0.005449, 0.000000,
                      -0.013291, 0.912013,-0.409946, 0.000000,
                       0.000000,-0.409982,-0.912094, 0.000000,
                       0.498001,12.041657,-8.191209, 1.000000;;
                    }
                    Frame Armature_hornA_02_r {
                      FrameTransformMatrix {
                         1.000000,-0.000000,-0.000000, 0.000000,
                         0.000000, 0.409982, 0.912094, 0.000000,
                        -0.000000,-0.912094, 0.409982, 0.000000,
                         0.000004,67.569183, 0.000114, 1.000000;;
                      }
                    } // End of Armature_hornA_02_r
                  } // End of Armature_hornA_01_r
                  Frame Armature_hornB_01_l {
                    FrameTransformMatrix {
                       0.995309, 0.096750, 0.000000, 0.000000,
                      -0.064149, 0.659924, 0.748589, 0.000000,
                       0.072426,-0.745077, 0.663035, 0.000000,
                       0.497999, 1.614539,20.797300, 1.000000;;
                    }
                    Frame Armature_hornB_02_l {
                      FrameTransformMatrix {
                         1.000000,-0.000000,-0.000000, 0.000000,
                        -0.000000, 0.622114,-0.782926, 0.000000,
                         0.000000, 0.782926, 0.622114, 0.000000,
                        -0.000000,21.829395,-0.000003, 1.000000;;
                      }
                      Frame Armature_hornB_03_l {
                        FrameTransformMatrix {
                           1.000000,-0.000000,-0.000000, 0.000000,
                           0.000000,-0.053400, 0.998573, 0.000000,
                          -0.000000,-0.998573,-0.053400, 0.000000,
                          -0.000001,29.144506, 0.000001, 1.000000;;
                        }
                      } // End of Armature_hornB_03_l
                    } // End of Armature_hornB_02_l
                  } // End of Armature_hornB_01_l
                  Frame Armature_hornB_01_r {
                    FrameTransformMatrix {
                      -0.995309,-0.096750, 0.000000, 0.000000,
                      -0.064149, 0.659924,-0.748589, 0.000000,
                       0.072426,-0.745077,-0.663035, 0.000000,
                       0.498001, 1.614655,-20.797298, 1.000000;;
                    }
                    Frame Armature_hornB_02_r {
                      FrameTransformMatrix {
                         1.000000,-0.000000, 0.000000, 0.000000,
                         0.000000, 0.622114,-0.782927, 0.000000,
                        -0.000000, 0.782926, 0.622114, 0.000000,
                        -0.000027,21.829527,-0.000187, 1.000000;;
                      }
                      Frame Armature_hornB_03_r {
                        FrameTransformMatrix {
                           1.000000, 0.000000, 0.000000, 0.000000,
                          -0.000000,-0.053400, 0.998573, 0.000000,
                           0.000000,-0.998573,-0.053400, 0.000000,
                           0.000047,29.144049,-0.000019, 1.000000;;
                        }
                      } // End of Armature_hornB_03_r
                    } // End of Armature_hornB_02_r
                  } // End of Armature_hornB_01_r
                  Frame Armature_hornC_01_l {
                    FrameTransformMatrix {
                       1.000000, 0.000000,-0.000000, 0.000000,
                      -0.000000, 0.550659, 0.834730, 0.000000,
                       0.000000,-0.834730, 0.550659, 0.000000,
                       0.497999,-6.945132,23.598652, 1.000000;;
                    }
                    Frame Armature_hornC_02_l {
                      FrameTransformMatrix {
                         1.000000,-0.000000, 0.000000, 0.000000,
                        -0.000000, 0.834730, 0.550659, 0.000000,
                        -0.000000,-0.550659, 0.834730, 0.000000,
                        -0.000001,35.610882, 0.000004, 1.000000;;
                      }
                    } // End of Armature_hornC_02_l
                  } // End of Armature_hornC_01_l
                  Frame Armature_hornC_01_r {
                    FrameTransformMatrix {
                      -1.000000, 0.000000, 0.000000, 0.000000,
                       0.000000, 0.550659,-0.834730, 0.000000,
                      -0.000000,-0.834730,-0.550659, 0.000000,
                       0.498001,-6.945325,-23.598600, 1.000000;;
                    }
                    Frame Armature_hornC_02_r {
                      FrameTransformMatrix {
                         1.000000, 0.000000, 0.000000, 0.000000,
                        -0.000000, 0.834730, 0.550659, 0.000000,
                        -0.000000,-0.550659, 0.834730, 0.000000,
                         0.000000,35.611183,-0.000416, 1.000000;;
                      }
                    } // End of Armature_hornC_02_r
                  } // End of Armature_hornC_01_r
                } // End of Armature_head
              } // End of Armature_neck_01
            } // End of Armature_spine_03
          } // End of Armature_spine_02
        } // End of Armature_spine_01
        Frame Armature_tail_01 {
          FrameTransformMatrix {
             0.351964, 0.936013,-0.000000, 0.000000,
            -0.936014, 0.351964, 0.000000, 0.000000,
             0.000000, 0.000000, 1.000000, 0.000000,
             3.854606,25.306459,-0.000000, 1.000000;;
          }
          Frame Armature_tail_02 {
            FrameTransformMatrix {
               0.951314,-0.308224, 0.000000, 0.000000,
               0.307992, 0.950597,-0.038815, 0.000000,
               0.011964, 0.036925, 0.999246, 0.000000,
               0.000002,28.033707, 0.000000, 1.000000;;
            }
            Frame Armature_tail_03 {
              FrameTransformMatrix {
                 0.948257,-0.317503, 0.000000, 0.000000,
                 0.317263, 0.947543,-0.038815, 0.000000,
                 0.012324, 0.036807, 0.999246, 0.000000,
                -0.000006,30.899010, 0.000000, 1.000000;;
              }
              Frame Armature_tail_04 {
                FrameTransformMatrix {
                   0.966148,-0.257987, 0.000000, 0.000000,
                   0.257793, 0.965420,-0.038815, 0.000000,
                   0.010014, 0.037501, 0.999246, 0.000000,
                   1.136213,30.677713, 0.000000, 1.000000;;
                }
              } // End of Armature_tail_04
            } // End of Armature_tail_03
          } // End of Armature_tail_02
        } // End of Armature_tail_01
        Frame Armature_thigh_l {
          FrameTransformMatrix {
            -0.202608, 0.931708, 0.301445, 0.000000,
            -0.979165,-0.188479,-0.075567, 0.000000,
            -0.013591,-0.310476, 0.950484, 0.000000,
            -2.265741,-0.180675,-17.085043, 1.000000;;
          }
          Frame Armature_calf_l {
            FrameTransformMatrix {
               0.930097,-0.353524,-0.099705, 0.000000,
               0.350245, 0.935362,-0.049263, 0.000000,
               0.110676, 0.010899, 0.993797, 0.000000,
              -1.092363,25.370678, 0.163617, 1.000000;;
            }
            Frame Armature_foot_l {
              FrameTransformMatrix {
                -0.338995,-0.940739, 0.009640, 0.000000,
                -0.936868, 0.338500, 0.087722, 0.000000,
                -0.085786, 0.020706,-0.996099, 0.000000,
                 1.794422,15.340362,-0.114340, 1.000000;;
              }
              Frame Armature_ball_l {
                FrameTransformMatrix {
                   0.000000, 1.000000,-0.000000, 0.000000,
                  -0.998608,-0.000000,-0.052741, 0.000000,
                  -0.052741, 0.000000, 0.998608, 0.000000,
                  -1.865967, 8.321958,-0.107335, 1.000000;;
                }
              } // End of Armature_ball_l
            } // End of Armature_foot_l
          } // End of Armature_calf_l
        } // End of Armature_thigh_l
        Frame Armature_thigh_r {
          FrameTransformMatrix {
             0.901925,-0.149125, 0.405332, 0.000000,
            -0.305385,-0.883840, 0.354355, 0.000000,
             0.305405,-0.443383,-0.842698, 0.000000,
            -2.265774,-0.180681,17.085001, 1.000000;;
          }
          Frame Armature_calf_r {
            FrameTransformMatrix {
               0.176731, 0.984124, 0.016344, 0.000000,
              -0.971427, 0.177076,-0.158031, 0.000000,
              -0.158416, 0.012052, 0.987299, 0.000000,
               1.092371,25.370680, 0.163545, 1.000000;;
            }
            Frame Armature_foot_r {
              FrameTransformMatrix {
                -0.012982, 0.976166,-0.216636, 0.000000,
                 0.962988, 0.070541, 0.260153, 0.000000,
                 0.269235,-0.205241,-0.940951, 0.000000,
                -1.794420,15.340332,-0.114325, 1.000000;;
              }
              Frame Armature_ball_r {
                FrameTransformMatrix {
                   0.000000,-1.000000,-0.000000, 0.000000,
                   0.998608, 0.000000,-0.052741, 0.000000,
                   0.052741,-0.000000, 0.998608, 0.000000,
                   1.865965, 8.321959,-0.107361, 1.000000;;
                }
              } // End of Armature_ball_r
            } // End of Armature_foot_r
          } // End of Armature_calf_r
        } // End of Armature_thigh_r
      } // End of Armature_pelvis
    } // End of Armature_root
    Frame MainBody01 {
      FrameTransformMatrix {
         1.000000, 0.000000,-0.000000, 0.000000,
         0.000000, 1.000000, 0.000000, 0.000000,
        -0.000000, 0.000000, 1.000000, 0.000000,
         0.000000,-0.000000,-0.000000, 1.000000;;
      }
    } // End of MainBody01
  } // End of Armature
} // End of Root
AnimationSet Global {
  Animation {
    {Armature}
    AnimationKey { // Rotation
      0;
      12;
      0;4;-1.000000, 0.000000, 0.000000, 0.000000;;,
      1;4;-1.000000, 0.000000, 0.000000, 0.000000;;,
      2;4;-1.000000, 0.000000, 0.000000, 0.000000;;,
      3;4;-1.000000, 0.000000, 0.000000, 0.000000;;,
      4;4;-1.000000, 0.000000, 0.000000, 0.000000;;,
      5;4;-1.000000, 0.000000, 0.000000, 0.000000;;,
      6;4;-1.000000, 0.000000, 0.000000, 0.000000;;,
      7;4;-1.000000, 0.000000, 0.000000, 0.000000;;,
      8;4;-1.000000, 0.000000, 0.000000, 0.000000;;,
      9;4;-1.000000, 0.000000, 0.000000, 0.000000;;,
      10;4;-1.000000, 0.000000, 0.000000, 0.000000;;,
      11;4;-1.000000, 0.000000, 0.000000, 0.000000;;;
    }
    AnimationKey { // Scale
      1;
      12;
      0;3; 0.010000, 0.010000, 0.010000;;,
      1;3; 0.010000, 0.010000, 0.010000;;,
      2;3; 0.010000, 0.010000, 0.010000;;,
      3;3; 0.010000, 0.010000, 0.010000;;,
      4;3; 0.010000, 0.010000, 0.010000;;,
      5;3; 0.010000, 0.010000, 0.010000;;,
      6;3; 0.010000, 0.010000, 0.010000;;,
      7;3; 0.010000, 0.010000, 0.010000;;,
      8;3; 0.010000, 0.010000, 0.010000;;,
      9;3; 0.010000, 0.010000, 0.010000;;,
      10;3; 0.010000, 0.010000, 0.010000;;,
      11;3; 0.010000, 0.010000, 0.010000;;;
    }
    AnimationKey { // Position
      2;
      12;
      0;3; 0.000000, 0.000000, 0.000000;;,
      1;3; 0.000000, 0.000000, 0.000000;;,
      2;3; 0.000000, 0.000000, 0.000000;;,
      3;3; 0.000000, 0.000000, 0.000000;;,
      4;3; 0.000000, 0.000000, 0.000000;;,
      5;3; 0.000000, 0.000000, 0.000000;;,
      6;3; 0.000000, 0.000000, 0.000000;;,
      7;3; 0.000000, 0.000000, 0.000000;;,
      8;3; 0.000000, 0.000000, 0.000000;;,
      9;3; 0.000000, 0.000000, 0.000000;;,
      10;3; 0.000000, 0.000000, 0.000000;;,
      11;3; 0.000000, 0.000000, 0.000000;;;
    }
  }
  Animation {
    {Armature_root}
    AnimationKey { // Rotation
      0;
      12;
      0;4;-0.707107, 0.707107, 0.000000, 0.000000;;,
      1;4;-0.707107, 0.707107, 0.000000, 0.000000;;,
      2;4;-0.707107, 0.707107, 0.000000, 0.000000;;,
      3;4;-0.707107, 0.707107, 0.000000, 0.000000;;,
      4;4;-0.707107, 0.707107, 0.000000, 0.000000;;,
      5;4;-0.707107, 0.707107, 0.000000, 0.000000;;,
      6;4;-0.707107, 0.707107, 0.000000, 0.000000;;,
      7;4;-0.707107, 0.707107, 0.000000, 0.000000;;,
      8;4;-0.707107, 0.707107, 0.000000, 0.000000;;,
      9;4;-0.707107, 0.707107, 0.000000, 0.000000;;,
      10;4;-0.707107, 0.707107, 0.000000, 0.000000;;,
      11;4;-0.707107, 0.707107, 0.000000, 0.000000;;;
    }
    AnimationKey { // Scale
      1;
      12;
      0;3; 1.000000, 1.000000, 1.000000;;,
      1;3; 1.000000, 1.000000, 1.000000;;,
      2;3; 1.000000, 1.000000, 1.000000;;,
      3;3; 1.000000, 1.000000, 1.000000;;,
      4;3; 1.000000, 1.000000, 1.000000;;,
      5;3; 1.000000, 1.000000, 1.000000;;,
      6;3; 1.000000, 1.000000, 1.000000;;,
      7;3; 1.000000, 1.000000, 1.000000;;,
      8;3; 1.000000, 1.000000, 1.000000;;,
      9;3; 1.000000, 1.000000, 1.000000;;,
      10;3; 1.000000, 1.000000, 1.000000;;,
      11;3; 1.000000, 1.000000, 1.000000;;;
    }
    AnimationKey { // Position
      2;
      12;
      0;3; 0.000000, 0.000000, 0.000000;;,
      1;3; 0.000000, 0.000000, 0.000000;;,
      2;3; 0.000000, 0.000000, 0.000000;;,
      3;3; 0.000000, 0.000000, 0.000000;;,
      4;3; 0.000000, 0.000000, 0.000000;;,
      5;3; 0.000000, 0.000000, 0.000000;;,
      6;3; 0.000000, 0.000000, 0.000000;;,
      7;3; 0.000000, 0.000000, 0.000000;;,
      8;3; 0.000000, 0.000000, 0.000000;;,
      9;3; 0.000000, 0.000000, 0.000000;;,
      10;3; 0.000000, 0.000000, 0.000000;;,
      11;3; 0.000000, 0.000000, 0.000000;;;
    }
  }
  Animation {
    {Armature_pelvis}
    AnimationKey { // Rotation
      0;
      12;
      0;4;-0.551266,-0.442838,-0.551266, 0.442838;;,
      1;4;-0.551266,-0.442838,-0.551266, 0.442838;;,
      2;4;-0.551266,-0.442838,-0.551266, 0.442838;;,
      3;4;-0.551266,-0.442838,-0.551266, 0.442838;;,
      4;4;-0.551266,-0.442838,-0.551266, 0.442838;;,
      5;4;-0.551266,-0.442838,-0.551266, 0.442838;;,
      6;4;-0.551266,-0.442838,-0.551266, 0.442838;;,
      7;4;-0.552403,-0.441419,-0.552403, 0.441419;;,
      8;4;-0.555099,-0.438024,-0.555099, 0.438024;;,
      9;4;-0.558289,-0.433950,-0.558289, 0.433951;;,
      10;4;-0.560939,-0.430519,-0.560939, 0.430519;;,
      11;4;-0.562044,-0.429076,-0.562045, 0.429076;;;
    }
    AnimationKey { // Scale
      1;
      12;
      0;3; 1.000000, 1.000000, 1.000000;;,
      1;3; 1.000000, 1.000000, 1.000000;;,
      2;3; 1.000000, 1.000000, 1.000000;;,
      3;3; 1.000000, 1.000000, 1.000000;;,
      4;3; 1.000000, 1.000000, 1.000000;;,
      5;3; 1.000000, 1.000000, 1.000000;;,
      6;3; 1.000000, 1.000000, 1.000000;;,
      7;3; 1.000000, 1.000000, 1.000000;;,
      8;3; 1.000000, 1.000000, 1.000000;;,
      9;3; 1.000000, 1.000000, 1.000000;;,
      10;3; 1.000000, 1.000000, 1.000000;;,
      11;3; 1.000000, 1.000000, 1.000000;;;
    }
    AnimationKey { // Position
      2;
      12;
      0;3;-0.000000,48.754066,-0.406450;;,
      1;3;-0.000000,47.312855,-0.406449;;,
      2;3; 0.000000,44.245792,-0.406450;;,
      3;3; 0.000000,40.394783,-0.406451;;,
      4;3; 0.000000,36.601715,-0.406451;;,
      5;3; 0.000001,33.708488,-0.406451;;,
      6;3; 0.000001,32.556992,-0.406451;;,
      7;3; 0.000001,33.690105,-0.356240;;,
      8;3; 0.000000,36.392162,-0.236503;;,
      9;3; 0.000000,39.617191,-0.093592;;,
      10;3; 0.000000,42.319248, 0.026144;;,
      11;3; 0.000000,43.452366, 0.076357;;;
    }
  }
  Animation {
    {Armature_spine_01}
    AnimationKey { // Rotation
      0;
      12;
      0;4;-0.028997,-0.996681,-0.075373,-0.010233;;,
      1;4;-0.028942,-0.997374,-0.065800,-0.008799;;,
      2;4;-0.028641,-0.998172,-0.052928,-0.005544;;,
      3;4;-0.028127,-0.998842,-0.038997,-0.001406;;,
      4;4;-0.027503,-0.999273,-0.026258, 0.002682;;,
      5;4;-0.026958,-0.999476,-0.016963, 0.005802;;,
      6;4;-0.026726,-0.999529,-0.013365, 0.007043;;,
      7;4;-0.023975,-0.999533,-0.017885, 0.006205;;,
      8;4;-0.017387,-0.999429,-0.028667, 0.004305;;,
      9;4;-0.009475,-0.999090,-0.041539, 0.002210;;,
      10;4;-0.002806,-0.998626,-0.052324, 0.000623;;,
      11;4;-0.000000,-0.998383,-0.056846,-0.000000;;;
    }
    AnimationKey { // Scale
      1;
      12;
      0;3; 1.000002, 1.000000, 1.000000;;,
      1;3; 1.000002, 1.000000, 1.000000;;,
      2;3; 1.000002, 1.000000, 1.000000;;,
      3;3; 1.000002, 1.000000, 1.000000;;,
      4;3; 1.000002, 1.000000, 1.000000;;,
      5;3; 1.000001, 1.000000, 1.000000;;,
      6;3; 1.000001, 1.000000, 1.000000;;,
      7;3; 1.000002, 1.000000, 1.000000;;,
      8;3; 1.000001, 1.000000, 1.000000;;,
      9;3; 1.000002, 1.000000, 1.000000;;,
      10;3; 1.000002, 1.000000, 1.000000;;,
      11;3; 1.000002, 1.000000, 1.000000;;;
    }
    AnimationKey { // Position
      2;
      12;
      0;3;14.028804, 0.619730,-0.000001;;,
      1;3;14.028800, 0.619729,-0.000001;;,
      2;3;14.028804, 0.619729,-0.000001;;,
      3;3;14.028804, 0.619729,-0.000001;;,
      4;3;14.028811, 0.619729,-0.000001;;,
      5;3;14.028808, 0.619729,-0.000001;;,
      6;3;14.028806, 0.619729,-0.000001;;,
      7;3;14.028803, 0.619729,-0.000001;;,
      8;3;14.028805, 0.619729,-0.000001;;,
      9;3;14.028807, 0.619728,-0.000001;;,
      10;3;14.028811, 0.619728,-0.000001;;,
      11;3;14.028804, 0.619728,-0.000001;;;
    }
  }
  Animation {
    {Armature_spine_02}
    AnimationKey { // Rotation
      0;
      12;
      0;4;-0.680494, 0.027148,-0.028553,-0.731693;;,
      1;4;-0.685650, 0.026960,-0.028756,-0.726864;;,
      2;4;-0.696163, 0.026450,-0.029148,-0.716804;;,
      3;4;-0.712397, 0.025403,-0.029565,-0.700694;;,
      4;4;-0.729427, 0.023866,-0.029529,-0.683004;;,
      5;4;-0.742736, 0.021916,-0.028578,-0.668616;;,
      6;4;-0.748150, 0.019615,-0.026298,-0.662718;;,
      7;4;-0.742113, 0.016188,-0.021455,-0.669735;;,
      8;4;-0.727293, 0.011386,-0.014488,-0.686080;;,
      9;4;-0.709063, 0.006154,-0.007446,-0.705079;;,
      10;4;-0.693370, 0.001817,-0.002107,-0.720577;;,
      11;4;-0.686678, 0.000000,-0.000000,-0.726961;;;
    }
    AnimationKey { // Scale
      1;
      12;
      0;3; 1.000000, 1.000000, 1.000000;;,
      1;3; 1.000000, 1.000000, 1.000000;;,
      2;3; 1.000000, 1.000000, 1.000000;;,
      3;3; 1.000000, 1.000000, 1.000000;;,
      4;3; 1.000000, 1.000000, 1.000000;;,
      5;3; 1.000000, 1.000000, 1.000000;;,
      6;3; 1.000000, 1.000000, 1.000000;;,
      7;3; 1.000000, 1.000000, 1.000000;;,
      8;3; 1.000000, 1.000000, 1.000000;;,
      9;3; 1.000000, 1.000000, 1.000000;;,
      10;3; 1.000000, 1.000000, 1.000000;;,
      11;3; 1.000000, 1.000000, 1.000000;;;
    }
    AnimationKey { // Position
      2;
      12;
      0;3;15.357308, 0.000011, 0.000002;;,
      1;3;15.357302, 0.000011, 0.000002;;,
      2;3;15.357304, 0.000011, 0.000002;;,
      3;3;15.357311, 0.000012, 0.000002;;,
      4;3;15.357303, 0.000011, 0.000002;;,
      5;3;15.357300, 0.000013, 0.000002;;,
      6;3;15.357304, 0.000012, 0.000002;;,
      7;3;15.357300, 0.000011, 0.000002;;,
      8;3;15.357304, 0.000012, 0.000002;;,
      9;3;15.357309, 0.000011, 0.000002;;,
      10;3;15.357303, 0.000012, 0.000002;;,
      11;3;15.357303, 0.000011, 0.000002;;;
    }
  }
  Animation {
    {Armature_spine_03}
    AnimationKey { // Rotation
      0;
      12;
      0;4;-0.996140,-0.016202,-0.061291,-0.060707;;,
      1;4;-0.996429,-0.017837,-0.061423,-0.055122;;,
      2;4;-0.996720,-0.018665,-0.061393,-0.049311;;,
      3;4;-0.997140,-0.017908,-0.061035,-0.040809;;,
      4;4;-0.997639,-0.015386,-0.060318,-0.029005;;,
      5;4;-0.998021,-0.011813,-0.059421,-0.016852;;,
      6;4;-0.998232,-0.007919,-0.058452,-0.007313;;,
      7;4;-0.998333,-0.004443,-0.057440,-0.003353;;,
      8;4;-0.998712,-0.001407,-0.047913,-0.016613;;,
      9;4;-0.998536, 0.000505,-0.028218,-0.046141;;,
      10;4;-0.997085, 0.000512,-0.008771,-0.075787;;,
      11;4;-0.996007,-0.000000, 0.000000,-0.089273;;;
    }
    AnimationKey { // Scale
      1;
      12;
      0;3; 1.000000, 1.000000, 1.000000;;,
      1;3; 1.000000, 1.000000, 1.000000;;,
      2;3; 1.000000, 1.000000, 1.000000;;,
      3;3; 1.000000, 1.000000, 1.000000;;,
      4;3; 1.000000, 1.000000, 1.000000;;,
      5;3; 1.000000, 1.000000, 1.000000;;,
      6;3; 1.000000, 1.000000, 1.000000;;,
      7;3; 1.000000, 0.999999, 1.000000;;,
      8;3; 1.000000, 1.000000, 1.000000;;,
      9;3; 1.000000, 1.000000, 1.000000;;,
      10;3; 1.000000, 1.000000, 1.000000;;,
      11;3; 1.000000, 1.000000, 1.000000;;;
    }
    AnimationKey { // Position
      2;
      12;
      0;3;-0.000000,14.891385,-0.000000;;,
      1;3; 0.000000,14.891387,-0.000000;;,
      2;3;-0.000000,14.891376, 0.000000;;,
      3;3; 0.000002,14.891388, 0.000000;;,
      4;3;-0.000001,14.891374, 0.000001;;,
      5;3; 0.000001,14.891383, 0.000000;;,
      6;3; 0.000001,14.891389,-0.000000;;,
      7;3; 0.000000,14.891380,-0.000001;;,
      8;3;-0.000001,14.891384,-0.000000;;,
      9;3;-0.000000,14.891378,-0.000000;;,
      10;3;-0.000000,14.891379,-0.000000;;,
      11;3; 0.000001,14.891392, 0.000000;;;
    }
  }
  Animation {
    {Armature_neck_01}
    AnimationKey { // Rotation
      0;
      12;
      0;4;-0.988574,-0.023740,-0.005157, 0.148765;;,
      1;4;-0.987709,-0.024656,-0.005032, 0.154267;;,
      2;4;-0.985276,-0.027070,-0.004657, 0.168749;;,
      3;4;-0.981466,-0.030471,-0.004007, 0.189157;;,
      4;4;-0.976564,-0.034348,-0.003090, 0.212447;;,
      5;4;-0.971095,-0.038197,-0.001991, 0.235609;;,
      6;4;-0.965863,-0.041525,-0.000885, 0.255701;;,
      7;4;-0.961905,-0.043861,-0.000019, 0.269842;;,
      8;4;-0.960348,-0.044742, 0.000327, 0.275190;;,
      9;4;-0.967392,-0.033143,-0.000590, 0.251107;;,
      10;4;-0.978517,-0.011580,-0.000747, 0.205840;;,
      11;4;-0.983442, 0.000000,-0.000000, 0.181221;;;
    }
    AnimationKey { // Scale
      1;
      12;
      0;3; 1.000000, 1.000000, 1.000000;;,
      1;3; 1.000000, 1.000000, 1.000000;;,
      2;3; 1.000000, 1.000000, 1.000000;;,
      3;3; 1.000000, 1.000000, 1.000000;;,
      4;3; 1.000000, 1.000000, 1.000000;;,
      5;3; 1.000000, 1.000000, 1.000000;;,
      6;3; 1.000000, 1.000000, 1.000000;;,
      7;3; 1.000000, 1.000000, 1.000000;;,
      8;3; 1.000000, 1.000000, 1.000000;;,
      9;3; 1.000000, 1.000000, 1.000000;;,
      10;3; 1.000000, 1.000000, 1.000000;;,
      11;3; 1.000000, 1.000000, 1.000000;;;
    }
    AnimationKey { // Position
      2;
      12;
      0;3;-0.000002,20.905092, 0.000000;;,
      1;3;-0.000002,20.905081,-0.000000;;,
      2;3;-0.000002,20.905075, 0.000000;;,
      3;3;-0.000001,20.905096,-0.000000;;,
      4;3;-0.000000,20.905100,-0.000001;;,
      5;3;-0.000001,20.905077, 0.000000;;,
      6;3;-0.000001,20.905096,-0.000001;;,
      7;3;-0.000001,20.905098,-0.000000;;,
      8;3;-0.000004,20.905077, 0.000000;;,
      9;3;-0.000002,20.905090,-0.000000;;,
      10;3;-0.000002,20.905081,-0.000000;;,
      11;3;-0.000002,20.905083,-0.000000;;;
    }
  }
  Animation {
    {Armature_head}
    AnimationKey { // Rotation
      0;
      12;
      0;4;-0.997747,-0.000000, 0.000000,-0.067084;;,
      1;4;-0.997747,-0.000000, 0.000000,-0.067084;;,
      2;4;-0.997747,-0.000000, 0.000000,-0.067084;;,
      3;4;-0.997747,-0.000000, 0.000000,-0.067084;;,
      4;4;-0.997747,-0.000000, 0.000000,-0.067084;;,
      5;4;-0.997747,-0.000000, 0.000000,-0.067084;;,
      6;4;-0.997747,-0.000000, 0.000000,-0.067084;;,
      7;4;-0.997747,-0.000000, 0.000000,-0.067084;;,
      8;4;-0.997747,-0.000000, 0.000000,-0.067084;;,
      9;4;-0.997747,-0.000000, 0.000000,-0.067084;;,
      10;4;-0.997747,-0.000000, 0.000000,-0.067084;;,
      11;4;-0.997747,-0.000000, 0.000000,-0.067084;;;
    }
    AnimationKey { // Scale
      1;
      12;
      0;3; 1.000000, 1.000000, 1.000000;;,
      1;3; 1.000000, 1.000000, 1.000000;;,
      2;3; 1.000000, 1.000000, 1.000000;;,
      3;3; 1.000000, 1.000000, 1.000000;;,
      4;3; 1.000000, 1.000000, 1.000000;;,
      5;3; 1.000000, 1.000000, 1.000000;;,
      6;3; 1.000000, 1.000000, 1.000000;;,
      7;3; 1.000000, 1.000000, 1.000000;;,
      8;3; 1.000000, 1.000000, 1.000000;;,
      9;3; 1.000000, 1.000000, 1.000000;;,
      10;3; 1.000000, 1.000000, 1.000000;;,
      11;3; 1.000000, 1.000000, 1.000000;;;
    }
    AnimationKey { // Position
      2;
      12;
      0;3;-0.000000,30.618118,-0.000001;;,
      1;3;-0.000002,30.618120,-0.000000;;,
      2;3; 0.000000,30.618130, 0.000001;;,
      3;3;-0.000001,30.618118,-0.000000;;,
      4;3; 0.000008,30.618122,-0.000001;;,
      5;3;-0.000007,30.618118, 0.000000;;,
      6;3; 0.000004,30.618120,-0.000000;;,
      7;3; 0.000014,30.618118,-0.000000;;,
      8;3; 0.000004,30.618113, 0.000000;;,
      9;3; 0.000011,30.618120,-0.000000;;,
      10;3;-0.000001,30.618132, 0.000000;;,
      11;3;-0.000004,30.618126,-0.000000;;;
    }
  }
  Animation {
    {Armature_face}
    AnimationKey { // Rotation
      0;
      12;
      0;4;-0.643068,-0.000000, 0.000000, 0.765809;;,
      1;4;-0.643068,-0.000000, 0.000000, 0.765809;;,
      2;4;-0.643068,-0.000000, 0.000000, 0.765809;;,
      3;4;-0.643068,-0.000000, 0.000000, 0.765809;;,
      4;4;-0.643068,-0.000000, 0.000000, 0.765809;;,
      5;4;-0.643068,-0.000000, 0.000000, 0.765809;;,
      6;4;-0.643068,-0.000000, 0.000000, 0.765809;;,
      7;4;-0.643068,-0.000000, 0.000000, 0.765809;;,
      8;4;-0.643068,-0.000000, 0.000000, 0.765809;;,
      9;4;-0.643068,-0.000000, 0.000000, 0.765809;;,
      10;4;-0.643068,-0.000000, 0.000000, 0.765809;;,
      11;4;-0.643068,-0.000000, 0.000000, 0.765809;;;
    }
    AnimationKey { // Scale
      1;
      12;
      0;3; 1.000000, 1.000000, 1.000000;;,
      1;3; 1.000000, 1.000000, 1.000000;;,
      2;3; 1.000000, 1.000000, 1.000000;;,
      3;3; 1.000000, 1.000000, 1.000000;;,
      4;3; 1.000000, 1.000000, 1.000000;;,
      5;3; 1.000000, 1.000000, 1.000000;;,
      6;3; 1.000000, 1.000000, 1.000000;;,
      7;3; 1.000000, 1.000000, 1.000000;;,
      8;3; 1.000000, 1.000000, 1.000000;;,
      9;3; 1.000000, 1.000000, 1.000000;;,
      10;3; 1.000000, 1.000000, 1.000000;;,
      11;3; 1.000000, 1.000000, 1.000000;;;
    }
    AnimationKey { // Position
      2;
      12;
      0;3;-11.381894,-11.468974, 0.000001;;,
      1;3;-11.381893,-11.468983, 0.000000;;,
      2;3;-11.381894,-11.469000,-0.000000;;,
      3;3;-11.381890,-11.468970, 0.000000;;,
      4;3;-11.381887,-11.468961,-0.000001;;,
      5;3;-11.381886,-11.468973, 0.000000;;,
      6;3;-11.381890,-11.468981, 0.000000;;,
      7;3;-11.381909,-11.468978, 0.000000;;,
      8;3;-11.381900,-11.468980,-0.000000;;,
      9;3;-11.381886,-11.468968, 0.000001;;,
      10;3;-11.381891,-11.468983, 0.000000;;,
      11;3;-11.381893,-11.468969, 0.000000;;;
    }
  }
  Animation {
    {Armature_mouth}
    AnimationKey { // Rotation
      0;
      12;
      0;4;-0.454718, 0.454718,-0.541509,-0.541509;;,
      1;4;-0.454718, 0.454718,-0.541509,-0.541509;;,
      2;4;-0.454718, 0.454718,-0.541509,-0.541509;;,
      3;4;-0.454718, 0.454718,-0.541509,-0.541509;;,
      4;4;-0.454718, 0.454718,-0.541509,-0.541509;;,
      5;4;-0.454718, 0.454718,-0.541509,-0.541509;;,
      6;4;-0.454718, 0.454718,-0.541509,-0.541509;;,
