xof 0303txt 0032

Frame Root {
  FrameTransformMatrix {
     1.000000, 0.000000, 0.000000, 0.000000,
     0.000000,-0.000000,-1.000000, 0.000000,
     0.000000, 1.000000,-0.000000, 0.000000,
     0.000000, 0.000000, 0.000000, 1.000000;;
  }
  Frame Armature {
    FrameTransformMatrix {
       0.010000, 0.000000, 0.000000, 0.000000,
       0.000000, 0.010000, 0.000000, 0.000000,
       0.000000, 0.000000, 0.010000, 0.000000,
       0.000000, 0.000000, 0.000000, 1.000000;;
    }
    Frame Armature_root {
      FrameTransformMatrix {
         1.000000, 0.000000, 0.000000, 0.000000,
         0.000000, 0.000000, 1.000000, 0.000000,
         0.000000,-1.000000, 0.000000, 0.000000,
         0.000000, 0.000000, 0.000000, 1.000000;;
      }
      Frame Armature_pelvis {
        FrameTransformMatrix {
          -0.000000, 0.984825, 0.173548, 0.000000,
           0.000000, 0.173548,-0.984825, 0.000000,
          -1.000000,-0.000000, 0.000000, 0.000000,
           0.000000,43.452366, 0.076357, 1.000000;;
        }
        Frame Armature_spine_01 {
          FrameTransformMatrix {
             0.999771, 0.021456, 0.000000, 0.000000,
             0.021455,-0.999770,-0.000000, 0.000000,
             0.000000, 0.000000,-1.000000, 0.000000,
            14.028807, 0.619729,-0.000001, 1.000000;;
          }
          Frame Armature_FrontBelly {
            FrameTransformMatrix {
              -0.000000,-0.000000, 1.000000, 0.000000,
               0.044573, 0.999006, 0.000000, 0.000000,
              -0.999006, 0.044573,-0.000000, 0.000000,
              -0.478725,29.661932,-0.000000, 1.000000;;
            }
          } // End of Armature_FrontBelly
          Frame Armature_spine_02 {
            FrameTransformMatrix {
              -0.056945,-0.998377, 0.000000, 0.000000,
               0.998377,-0.056946, 0.000000, 0.000000,
              -0.000000, 0.000000, 1.000000, 0.000000,
              15.357300, 0.000012, 0.000002, 1.000000;;
            }
            Frame Armature_spine_03 {
              FrameTransformMatrix {
                 0.984061,-0.177833,-0.000000, 0.000000,
                 0.177833, 0.984060,-0.000000, 0.000000,
                 0.000000, 0.000000, 1.000000, 0.000000,
                -0.000000,14.891389,-0.000000, 1.000000;;
              }
              Frame Armature_clavicle_l {
                FrameTransformMatrix {
                   0.949237, 0.256066, 0.182698, 0.000000,
                  -0.164414,-0.091268, 0.982160, 0.000000,
                   0.268172,-0.962341,-0.044535, 0.000000,
                   3.006552, 6.351186,20.842356, 1.000000;;
                }
                Frame Armature_upperarm_l {
                  FrameTransformMatrix {
                     0.854163, 0.087527, 0.512586, 0.000000,
                    -0.396066, 0.748240, 0.532229, 0.000000,
                    -0.336953,-0.657629, 0.673786, 0.000000,
                    -0.000001,15.415948, 0.000003, 1.000000;;
                  }
                  Frame Armature_lowerarm_l {
                    FrameTransformMatrix {
                       0.594469, 0.804118, 0.000000, 0.000000,
                      -0.804118, 0.594469, 0.000000, 0.000000,
                       0.000000,-0.000000, 1.000000, 0.000000,
                       0.000001,35.891960, 0.000005, 1.000000;;
                    }
                    Frame Armature_hand_l {
                      FrameTransformMatrix {
                         0.330318,-0.240127, 0.912814, 0.000000,
                         0.017053, 0.968458, 0.248594, 0.000000,
                        -0.943716,-0.066549, 0.323994, 0.000000,
                         0.000006,40.930389,-0.000005, 1.000000;;
                      }
                      Frame Armature_LowerJaw_l {
                        FrameTransformMatrix {
                           0.003665, 0.003570,-0.999987, 0.000000,
                           0.002668, 0.999990, 0.003579, 0.000000,
                           0.999990,-0.002681, 0.003656, 0.000000,
                          14.700439,27.837107, 0.056990, 1.000000;;
                        }
                      } // End of Armature_LowerJaw_l
                      Frame Armature_drill_l {
                        FrameTransformMatrix {
                           0.003665, 0.003570,-0.999987, 0.000000,
                           0.002668, 0.999990, 0.003579, 0.000000,
                           0.999990,-0.002681, 0.003656, 0.000000,
                          -0.944942,11.008296,-0.060421, 1.000000;;
                        }
                      } // End of Armature_drill_l
                      Frame Armature_saw_l {
                        FrameTransformMatrix {
                           0.003665, 0.003570,-0.999987, 0.000000,
                           0.002668, 0.999990, 0.003579, 0.000000,
                           0.999990,-0.002681, 0.003656, 0.000000,
                          -0.224302,13.957772,-0.047284, 1.000000;;
                        }
                      } // End of Armature_saw_l
                      Frame Armature_upperJaw_l {
                        FrameTransformMatrix {
                           0.003665, 0.003570,-0.999987, 0.000000,
                           0.002668, 0.999990, 0.003579, 0.000000,
                           0.999990,-0.002681, 0.003656, 0.000000,
                          -13.323109,24.131826,-0.058939, 1.000000;;
                        }
                      } // End of Armature_upperJaw_l
                    } // End of Armature_hand_l
                  } // End of Armature_lowerarm_l
                } // End of Armature_upperarm_l
              } // End of Armature_clavicle_l
              Frame Armature_clavicle_r {
                FrameTransformMatrix {
                  -0.949238,-0.256066, 0.182697, 0.000000,
                  -0.164413,-0.091268,-0.982160, 0.000000,
                   0.268172,-0.962341, 0.044535, 0.000000,
                   3.006559, 6.351164,-20.842400, 1.000000;;
                }
                Frame Armature_upperarm_r {
                  FrameTransformMatrix {
                     0.954516,-0.026231,-0.297004, 0.000000,
                     0.141064, 0.917314, 0.372337, 0.000000,
                     0.262679,-0.397298, 0.879292, 0.000000,
                     0.000004,15.415919,-0.000011, 1.000000;;
                  }
                  Frame Armature_lowerarm_r {
                    FrameTransformMatrix {
                       0.283166,-0.959071, 0.000000, 0.000000,
                       0.959071, 0.283166,-0.000000, 0.000000,
                       0.000000, 0.000000, 1.000000, 0.000000,
                       0.000000,35.891918,-0.000001, 1.000000;;
                    }
                    Frame Armature_hand_r {
                      FrameTransformMatrix {
                        -0.136400, 0.079600,-0.987451, 0.000000,
                        -0.144776, 0.984463, 0.099358, 0.000000,
                         0.980018, 0.156512,-0.122757, 0.000000,
                        -0.000005,40.930729, 0.000006, 1.000000;;
                      }
                      Frame Armature_LowerJaw_r {
                        FrameTransformMatrix {
                           0.003665,-0.003570, 0.999987, 0.000000,
                          -0.002667, 0.999990, 0.003580, 0.000000,
                          -0.999990,-0.002680, 0.003655, 0.000000,
                          -14.700427,27.836861, 0.056982, 1.000000;;
                        }
                      } // End of Armature_LowerJaw_r
                      Frame Armature_drill_r {
                        FrameTransformMatrix {
                           0.003665,-0.003570, 0.999987, 0.000000,
                          -0.002667, 0.999990, 0.003579, 0.000000,
                          -0.999990,-0.002680, 0.003655, 0.000000,
                           0.944890,11.007845,-0.060423, 1.000000;;
                        }
                      } // End of Armature_drill_r
                      Frame Armature_saw_r {
                        FrameTransformMatrix {
                           0.003665,-0.003570, 0.999987, 0.000000,
                          -0.002667, 0.999990, 0.003580, 0.000000,
                          -0.999990,-0.002680, 0.003656, 0.000000,
                           0.224214,13.957904,-0.047287, 1.000000;;
                        }
                      } // End of Armature_saw_r
                      Frame Armature_upperJaw_r {
                        FrameTransformMatrix {
                           0.003665,-0.003570, 0.999987, 0.000000,
                          -0.002667, 0.999990, 0.003580, 0.000000,
                          -0.999990,-0.002680, 0.003656, 0.000000,
                          13.323231,24.130985,-0.058937, 1.000000;;
                        }
                      } // End of Armature_upperJaw_r
                    } // End of Armature_hand_r
                  } // End of Armature_lowerarm_r
                } // End of Armature_upperarm_r
              } // End of Armature_clavicle_r
              Frame Armature_neck_01 {
                FrameTransformMatrix {
                   0.934318, 0.356441, 0.000000, 0.000000,
                  -0.356441, 0.934318, 0.000000, 0.000000,
                  -0.000000,-0.000000, 1.000000, 0.000000,
                  -0.000002,20.905088,-0.000000, 1.000000;;
                }
                Frame Armature_head {
                  FrameTransformMatrix {
                     0.991000,-0.133865,-0.000000, 0.000000,
                     0.133865, 0.990999,-0.000000, 0.000000,
                     0.000000, 0.000000, 1.000000, 0.000000,
                    -0.000001,30.618134, 0.000000, 1.000000;;
                  }
                  Frame Armature_Jaw {
                    FrameTransformMatrix {
                       1.000000, 0.000000, 0.000000, 0.000000,
                      -0.000000,-0.000000, 1.000000, 0.000000,
                       0.000000,-1.000000, 0.000000, 0.000000,
                       2.083532,-16.025854,-0.000000, 1.000000;;
                    }
                  } // End of Armature_Jaw
                  Frame Armature_face {
                    FrameTransformMatrix {
                      -0.172927, 0.984935,-0.000000, 0.000000,
                      -0.984935,-0.172927, 0.000000, 0.000000,
                       0.000000, 0.000000, 1.000000, 0.000000,
                      -11.381894,-11.468966, 0.000000, 1.000000;;
                    }
                    Frame Armature_mouth {
                      FrameTransformMatrix {
                        -0.172927,-0.984935, 0.000000, 0.000000,
                        -0.000000, 0.000000, 1.000000, 0.000000,
                        -0.984935, 0.172927,-0.000000, 0.000000,
                        -0.609460,10.399986,-0.000000, 1.000000;;
                      }
                    } // End of Armature_mouth
                  } // End of Armature_face
                  Frame Armature_hat_01 {
                    FrameTransformMatrix {
                       0.999920,-0.012625,-0.000000, 0.000000,
                       0.012625, 0.999920,-0.000000, 0.000000,
                       0.000000, 0.000000, 1.000000, 0.000000,
                       0.498001,18.918243,-0.000000, 1.000000;;
                    }
                    Frame Armature_hat_02 {
                      FrameTransformMatrix {
                         0.999920, 0.012625, 0.000000, 0.000000,
                        -0.000000,-0.000000, 1.000000, 0.000000,
                         0.012625,-0.999920,-0.000000, 0.000000,
                        -0.860989,68.190155, 0.000000, 1.000000;;
                      }
                    } // End of Armature_hat_02
                  } // End of Armature_hat_01
                  Frame Armature_hornA_01_l {
                    FrameTransformMatrix {
                       0.999912, 0.012123, 0.005449, 0.000000,
                      -0.013291, 0.912013, 0.409946, 0.000000,
                      -0.000000,-0.409982, 0.912094, 0.000000,
                       0.498001,12.041780, 8.191206, 1.000000;;
                    }
                    Frame Armature_hornA_02_l {
                      FrameTransformMatrix {
                         1.000000, 0.000000,-0.000000, 0.000000,
                        -0.000000, 0.409981, 0.912094, 0.000000,
                         0.000000,-0.912094, 0.409982, 0.000000,
                         0.000007,67.569504,-0.000009, 1.000000;;
                      }
                    } // End of Armature_hornA_02_l
                  } // End of Armature_hornA_01_l
                  Frame Armature_hornA_01_r {
                    FrameTransformMatrix {
                      -0.999912,-0.012123, 0.005449, 0.000000,
                      -0.013291, 0.912013,-0.409946, 0.000000,
                       0.000000,-0.409982,-0.912094, 0.000000,
                       0.498003,12.041656,-8.191210, 1.000000;;
                    }
                    Frame Armature_hornA_02_r {
                      FrameTransformMatrix {
                         1.000000,-0.000000,-0.000000, 0.000000,
                         0.000000, 0.409982, 0.912094, 0.000000,
                        -0.000000,-0.912094, 0.409982, 0.000000,
                         0.000004,67.569183, 0.000103, 1.000000;;
                      }
                    } // End of Armature_hornA_02_r
                  } // End of Armature_hornA_01_r
                  Frame Armature_hornB_01_l {
                    FrameTransformMatrix {
                       0.995309, 0.096750, 0.000000, 0.000000,
                      -0.064149, 0.659924, 0.748589, 0.000000,
                       0.072426,-0.745077, 0.663035, 0.000000,
                       0.498001, 1.614544,20.797297, 1.000000;;
                    }
                    Frame Armature_hornB_02_l {
                      FrameTransformMatrix {
                         1.000000,-0.000000,-0.000000, 0.000000,
                        -0.000000, 0.622114,-0.782926, 0.000000,
                         0.000000, 0.782926, 0.622114, 0.000000,
                         0.000004,21.829403,-0.000014, 1.000000;;
                      }
                      Frame Armature_hornB_03_l {
                        FrameTransformMatrix {
                           1.000000,-0.000000,-0.000000, 0.000000,
                           0.000000,-0.053400, 0.998573, 0.000000,
                          -0.000000,-0.998573,-0.053400, 0.000000,
                          -0.000000,29.144489, 0.000001, 1.000000;;
                        }
                      } // End of Armature_hornB_03_l
                    } // End of Armature_hornB_02_l
                  } // End of Armature_hornB_01_l
                  Frame Armature_hornB_01_r {
                    FrameTransformMatrix {
                      -0.995309,-0.096750, 0.000000, 0.000000,
                      -0.064149, 0.659924,-0.748589, 0.000000,
                       0.072426,-0.745077,-0.663035, 0.000000,
                       0.498001, 1.614654,-20.797298, 1.000000;;
                    }
                    Frame Armature_hornB_02_r {
                      FrameTransformMatrix {
                         1.000000,-0.000000, 0.000000, 0.000000,
                         0.000000, 0.622114,-0.782926, 0.000000,
                        -0.000000, 0.782927, 0.622114, 0.000000,
                        -0.000026,21.829515,-0.000195, 1.000000;;
                      }
                      Frame Armature_hornB_03_r {
                        FrameTransformMatrix {
                           1.000000, 0.000000, 0.000000, 0.000000,
                          -0.000000,-0.053400, 0.998573, 0.000000,
                           0.000000,-0.998573,-0.053400, 0.000000,
                           0.000046,29.144072,-0.000016, 1.000000;;
                        }
                      } // End of Armature_hornB_03_r
                    } // End of Armature_hornB_02_r
                  } // End of Armature_hornB_01_r
                  Frame Armature_hornC_01_l {
                    FrameTransformMatrix {
                       1.000000, 0.000000,-0.000000, 0.000000,
                      -0.000000, 0.550659, 0.834730, 0.000000,
                       0.000000,-0.834730, 0.550659, 0.000000,
                       0.497999,-6.945137,23.598650, 1.000000;;
                    }
                    Frame Armature_hornC_02_l {
                      FrameTransformMatrix {
                         1.000000,-0.000000, 0.000000, 0.000000,
                        -0.000000, 0.834730, 0.550659, 0.000000,
                        -0.000000,-0.550659, 0.834730, 0.000000,
                         0.000001,35.610889, 0.000004, 1.000000;;
                      }
                    } // End of Armature_hornC_02_l
                  } // End of Armature_hornC_01_l
                  Frame Armature_hornC_01_r {
                    FrameTransformMatrix {
                      -1.000000, 0.000000, 0.000000, 0.000000,
                       0.000000, 0.550659,-0.834730, 0.000000,
                      -0.000000,-0.834730,-0.550659, 0.000000,
                       0.498004,-6.945324,-23.598600, 1.000000;;
                    }
                    Frame Armature_hornC_02_r {
                      FrameTransformMatrix {
                         1.000000, 0.000000, 0.000000, 0.000000,
                        -0.000000, 0.834730, 0.550659, 0.000000,
                        -0.000000,-0.550659, 0.834730, 0.000000,
                         0.000002,35.611187,-0.000403, 1.000000;;
                      }
                    } // End of Armature_hornC_02_r
                  } // End of Armature_hornC_01_r
                } // End of Armature_head
              } // End of Armature_neck_01
            } // End of Armature_spine_03
          } // End of Armature_spine_02
        } // End of Armature_spine_01
        Frame Armature_tail_01 {
          FrameTransformMatrix {
             0.673576, 0.739118,-0.000000, 0.000000,
            -0.739118, 0.673576, 0.000000, 0.000000,
             0.000000, 0.000000, 1.000000, 0.000000,
             6.170578,24.843485,-0.000000, 1.000000;;
          }
          Frame Armature_tail_02 {
            FrameTransformMatrix {
               0.928497,-0.371339, 0.000000, 0.000000,
               0.371339, 0.928497, 0.000000, 0.000000,
              -0.000000, 0.000000, 1.000000, 0.000000,
              -0.000002,28.033710,-0.000000, 1.000000;;
            }
            Frame Armature_tail_03 {
              FrameTransformMatrix {
                 0.924825,-0.380392, 0.000000, 0.000000,
                 0.380392, 0.924825,-0.000000, 0.000000,
                -0.000000, 0.000000, 1.000000, 0.000000,
                 0.000002,30.899012, 0.000000, 1.000000;;
              }
              Frame Armature_tail_04 {
                FrameTransformMatrix {
                   0.946668,-0.322211, 0.000000, 0.000000,
                   0.322211, 0.946668, 0.000000, 0.000000,
                  -0.000000, 0.000000, 1.000000, 0.000000,
                   1.136209,30.677706,-0.000000, 1.000000;;
                }
              } // End of Armature_tail_04
            } // End of Armature_tail_03
          } // End of Armature_tail_02
        } // End of Armature_tail_01
        Frame Armature_thigh_l {
          FrameTransformMatrix {
            -0.381517, 0.915127, 0.130336, 0.000000,
            -0.912181,-0.349914,-0.213276, 0.000000,
            -0.149568,-0.200258, 0.968259, 0.000000,
            -2.265742,-0.180676,-17.085043, 1.000000;;
          }
          Frame Armature_calf_l {
            FrameTransformMatrix {
               0.856721,-0.507601,-0.091492, 0.000000,
               0.502647, 0.861440,-0.072572, 0.000000,
               0.115652, 0.016186, 0.993158, 0.000000,
              -1.092361,25.370684, 0.163616, 1.000000;;
            }
            Frame Armature_foot_l {
              FrameTransformMatrix {
                 0.316299,-0.933321,-0.169905, 0.000000,
                -0.948053,-0.304583,-0.091787, 0.000000,
                 0.033916, 0.190111,-0.981177, 0.000000,
                 1.794422,15.340361,-0.114339, 1.000000;;
              }
              Frame Armature_ball_l {
                FrameTransformMatrix {
                   0.000000, 1.000000,-0.000000, 0.000000,
                  -0.998608,-0.000000,-0.052741, 0.000000,
                  -0.052741, 0.000000, 0.998608, 0.000000,
                  -1.865967, 8.321958,-0.107338, 1.000000;;
                }
              } // End of Armature_ball_l
            } // End of Armature_foot_l
          } // End of Armature_calf_l
        } // End of Armature_thigh_l
        Frame Armature_thigh_r {
          FrameTransformMatrix {
             0.374143,-0.913533, 0.159610, 0.000000,
            -0.908621,-0.326674, 0.260176, 0.000000,
            -0.185539,-0.242368,-0.952278, 0.000000,
            -2.265774,-0.180682,17.085001, 1.000000;;
          }
          Frame Armature_calf_r {
            FrameTransformMatrix {
               0.886297, 0.453313, 0.094791, 0.000000,
              -0.448964, 0.891235,-0.064283, 0.000000,
              -0.113622, 0.014416, 0.993419, 0.000000,
               1.092372,25.370676, 0.163544, 1.000000;;
            }
            Frame Armature_foot_r {
              FrameTransformMatrix {
                 0.267203, 0.940552, 0.209677, 0.000000,
                 0.963630,-0.261822,-0.053548, 0.000000,
                 0.004533, 0.216359,-0.976303, 0.000000,
                -1.794426,15.340333,-0.114325, 1.000000;;
              }
              Frame Armature_ball_r {
                FrameTransformMatrix {
                  -0.000000,-1.000000,-0.000000, 0.000000,
                   0.998608, 0.000000,-0.052741, 0.000000,
                   0.052741,-0.000000, 0.998608, 0.000000,
                   1.865965, 8.321961,-0.107363, 1.000000;;
                }
              } // End of Armature_ball_r
            } // End of Armature_foot_r
          } // End of Armature_calf_r
        } // End of Armature_thigh_r
      } // End of Armature_pelvis
    } // End of Armature_root
    Frame MainBody01 {
      FrameTransformMatrix {
         1.000000,-0.000000, 0.000000, 0.000000,
        -0.000000, 1.000000,-0.000000, 0.000000,
         0.000000,-0.000000, 1.000000, 0.000000,
        -0.000001, 0.000003, 0.000007, 1.000000;;
      }
    } // End of MainBody01
  } // End of Armature
} // End of Root
AnimationSet Global {
  Animation {
    {Armature}
    AnimationKey { // Rotation
      0;
      36;
      0;4;-1.000000, 0.000000, 0.000000, 0.000000;;,
      1;4;-1.000000, 0.000000, 0.000000, 0.000000;;,
      2;4;-1.000000, 0.000000, 0.000000, 0.000000;;,
      3;4;-1.000000, 0.000000, 0.000000, 0.000000;;,
      4;4;-1.000000, 0.000000, 0.000000, 0.000000;;,
      5;4;-1.000000, 0.000000, 0.000000, 0.000000;;,
      6;4;-1.000000, 0.000000, 0.000000, 0.000000;;,
      7;4;-1.000000, 0.000000, 0.000000, 0.000000;;,
      8;4;-1.000000, 0.000000, 0.000000, 0.000000;;,
      9;4;-1.000000, 0.000000, 0.000000, 0.000000;;,
      10;4;-1.000000, 0.000000, 0.000000, 0.000000;;,
      11;4;-1.000000, 0.000000, 0.000000, 0.000000;;,
      12;4;-1.000000, 0.000000, 0.000000, 0.000000;;,
      13;4;-1.000000, 0.000000, 0.000000, 0.000000;;,
      14;4;-1.000000, 0.000000, 0.000000, 0.000000;;,
      15;4;-1.000000, 0.000000, 0.000000, 0.000000;;,
      16;4;-1.000000, 0.000000, 0.000000, 0.000000;;,
      17;4;-1.000000, 0.000000, 0.000000, 0.000000;;,
      18;4;-1.000000, 0.000000, 0.000000, 0.000000;;,
      19;4;-1.000000, 0.000000, 0.000000, 0.000000;;,
      20;4;-1.000000, 0.000000, 0.000000, 0.000000;;,
      21;4;-1.000000, 0.000000, 0.000000, 0.000000;;,
      22;4;-1.000000, 0.000000, 0.000000, 0.000000;;,
      23;4;-1.000000, 0.000000, 0.000000, 0.000000;;,
      24;4;-1.000000, 0.000000, 0.000000, 0.000000;;,
      25;4;-1.000000, 0.000000, 0.000000, 0.000000;;,
      26;4;-1.000000, 0.000000, 0.000000, 0.000000;;,
      27;4;-1.000000, 0.000000, 0.000000, 0.000000;;,
      28;4;-1.000000, 0.000000, 0.000000, 0.000000;;,
      29;4;-1.000000, 0.000000, 0.000000, 0.000000;;,
      30;4;-1.000000, 0.000000, 0.000000, 0.000000;;,
      31;4;-1.000000, 0.000000, 0.000000, 0.000000;;,
      32;4;-1.000000, 0.000000, 0.000000, 0.000000;;,
      33;4;-1.000000, 0.000000, 0.000000, 0.000000;;,
      34;4;-1.000000, 0.000000, 0.000000, 0.000000;;,
      35;4;-1.000000, 0.000000, 0.000000, 0.000000;;;
    }
    AnimationKey { // Scale
      1;
      36;
      0;3; 0.010000, 0.010000, 0.010000;;,
      1;3; 0.010000, 0.010000, 0.010000;;,
      2;3; 0.010000, 0.010000, 0.010000;;,
      3;3; 0.010000, 0.010000, 0.010000;;,
      4;3; 0.010000, 0.010000, 0.010000;;,
      5;3; 0.010000, 0.010000, 0.010000;;,
      6;3; 0.010000, 0.010000, 0.010000;;,
      7;3; 0.010000, 0.010000, 0.010000;;,
      8;3; 0.010000, 0.010000, 0.010000;;,
      9;3; 0.010000, 0.010000, 0.010000;;,
      10;3; 0.010000, 0.010000, 0.010000;;,
      11;3; 0.010000, 0.010000, 0.010000;;,
      12;3; 0.010000, 0.010000, 0.010000;;,
      13;3; 0.010000, 0.010000, 0.010000;;,
      14;3; 0.010000, 0.010000, 0.010000;;,
      15;3; 0.010000, 0.010000, 0.010000;;,
      16;3; 0.010000, 0.010000, 0.010000;;,
      17;3; 0.010000, 0.010000, 0.010000;;,
      18;3; 0.010000, 0.010000, 0.010000;;,
      19;3; 0.010000, 0.010000, 0.010000;;,
      20;3; 0.010000, 0.010000, 0.010000;;,
      21;3; 0.010000, 0.010000, 0.010000;;,
      22;3; 0.010000, 0.010000, 0.010000;;,
      23;3; 0.010000, 0.010000, 0.010000;;,
      24;3; 0.010000, 0.010000, 0.010000;;,
      25;3; 0.010000, 0.010000, 0.010000;;,
      26;3; 0.010000, 0.010000, 0.010000;;,
      27;3; 0.010000, 0.010000, 0.010000;;,
      28;3; 0.010000, 0.010000, 0.010000;;,
      29;3; 0.010000, 0.010000, 0.010000;;,
      30;3; 0.010000, 0.010000, 0.010000;;,
      31;3; 0.010000, 0.010000, 0.010000;;,
      32;3; 0.010000, 0.010000, 0.010000;;,
      33;3; 0.010000, 0.010000, 0.010000;;,
      34;3; 0.010000, 0.010000, 0.010000;;,
      35;3; 0.010000, 0.010000, 0.010000;;;
    }
    AnimationKey { // Position
      2;
      36;
      0;3; 0.000000, 0.000000, 0.000000;;,
      1;3; 0.000000, 0.000000, 0.000000;;,
      2;3; 0.000000, 0.000000, 0.000000;;,
      3;3; 0.000000, 0.000000, 0.000000;;,
      4;3; 0.000000, 0.000000, 0.000000;;,
      5;3; 0.000000, 0.000000, 0.000000;;,
      6;3; 0.000000, 0.000000, 0.000000;;,
      7;3; 0.000000, 0.000000, 0.000000;;,
      8;3; 0.000000, 0.000000, 0.000000;;,
      9;3; 0.000000, 0.000000, 0.000000;;,
      10;3; 0.000000, 0.000000, 0.000000;;,
      11;3; 0.000000, 0.000000, 0.000000;;,
      12;3; 0.000000, 0.000000, 0.000000;;,
      13;3; 0.000000, 0.000000, 0.000000;;,
      14;3; 0.000000, 0.000000, 0.000000;;,
      15;3; 0.000000, 0.000000, 0.000000;;,
      16;3; 0.000000, 0.000000, 0.000000;;,
      17;3; 0.000000, 0.000000, 0.000000;;,
      18;3; 0.000000, 0.000000, 0.000000;;,
      19;3; 0.000000, 0.000000, 0.000000;;,
      20;3; 0.000000, 0.000000, 0.000000;;,
      21;3; 0.000000, 0.000000, 0.000000;;,
      22;3; 0.000000, 0.000000, 0.000000;;,
      23;3; 0.000000, 0.000000, 0.000000;;,
      24;3; 0.000000, 0.000000, 0.000000;;,
      25;3; 0.000000, 0.000000, 0.000000;;,
      26;3; 0.000000, 0.000000, 0.000000;;,
      27;3; 0.000000, 0.000000, 0.000000;;,
      28;3; 0.000000, 0.000000, 0.000000;;,
      29;3; 0.000000, 0.000000, 0.000000;;,
      30;3; 0.000000, 0.000000, 0.000000;;,
      31;3; 0.000000, 0.000000, 0.000000;;,
      32;3; 0.000000, 0.000000, 0.000000;;,
      33;3; 0.000000, 0.000000, 0.000000;;,
      34;3; 0.000000, 0.000000, 0.000000;;,
      35;3; 0.000000, 0.000000, 0.000000;;;
    }
  }
  Animation {
    {Armature_root}
    AnimationKey { // Rotation
      0;
      36;
      0;4;-0.707107, 0.707107, 0.000000, 0.000000;;,
      1;4;-0.707107, 0.707107, 0.000000, 0.000000;;,
      2;4;-0.707107, 0.707107, 0.000000, 0.000000;;,
      3;4;-0.707107, 0.707107, 0.000000, 0.000000;;,
      4;4;-0.707107, 0.707107, 0.000000, 0.000000;;,
      5;4;-0.647056, 0.762443, 0.000000, 0.000000;;,
      6;4;-0.487250, 0.873262, 0.000000, 0.000000;;,
      7;4;-0.272952, 0.962028, 0.000000, 0.000000;;,
      8;4;-0.081590, 0.996666, 0.000000, 0.000000;;,
      9;4; 0.000000, 1.000000, 0.000000, 0.000000;;,
      10;4; 0.000000, 1.000000, 0.000000, 0.000000;;,
      11;4; 0.000000, 1.000000, 0.000000, 0.000000;;,
      12;4; 0.000000, 1.000000, 0.000000, 0.000000;;,
      13;4; 0.000000, 1.000000, 0.000000, 0.000000;;,
      14;4; 0.000000, 1.000000, 0.000000, 0.000000;;,
      15;4; 0.000000, 1.000000, 0.000000, 0.000000;;,
      16;4; 0.000000, 1.000000, 0.000000, 0.000000;;,
      17;4; 0.000000, 1.000000, 0.000000, 0.000000;;,
      18;4; 0.000000, 1.000000, 0.000000, 0.000000;;,
      19;4; 0.000000, 1.000000, 0.000000, 0.000000;;,
      20;4; 0.000000, 1.000000, 0.000000, 0.000000;;,
      21;4; 0.000000, 1.000000, 0.000000, 0.000000;;,
      22;4; 0.000000, 1.000000, 0.000000, 0.000000;;,
      23;4; 0.000000, 1.000000, 0.000000, 0.000000;;,
      24;4; 0.000000, 1.000000, 0.000000, 0.000000;;,
      25;4; 0.000000, 1.000000, 0.000000, 0.000000;;,
      26;4;-0.021989, 0.999758, 0.000000, 0.000000;;,
      27;4;-0.081590, 0.996666, 0.000000, 0.000000;;,
      28;4;-0.168833, 0.985645, 0.000000, 0.000000;;,
      29;4;-0.272952, 0.962028, 0.000000, 0.000000;;,
      30;4;-0.382684, 0.923880, 0.000000, 0.000000;;,
      31;4;-0.487250, 0.873262, 0.000000, 0.000000;;,
      32;4;-0.577573, 0.816339, 0.000000, 0.000000;;,
      33;4;-0.647056, 0.762442, 0.000000, 0.000000;;,
      34;4;-0.691387, 0.722485, 0.000000, 0.000000;;,
      35;4;-0.707107, 0.707107, 0.000000, 0.000000;;;
    }
    AnimationKey { // Scale
      1;
      36;
      0;3; 1.000000, 1.000000, 1.000000;;,
      1;3; 1.000000, 1.000000, 1.000000;;,
      2;3; 1.000000, 1.000000, 1.000000;;,
      3;3; 1.000000, 1.000000, 1.000000;;,
      4;3; 1.000000, 1.000000, 1.000000;;,
      5;3; 1.000000, 1.000000, 1.000000;;,
      6;3; 1.000000, 1.000000, 1.000000;;,
      7;3; 1.000000, 1.000000, 1.000000;;,
      8;3; 1.000000, 1.000000, 1.000000;;,
      9;3; 1.000000, 1.000000, 1.000000;;,
      10;3; 1.000000, 1.000000, 1.000000;;,
      11;3; 1.000000, 1.000000, 1.000000;;,
      12;3; 1.000000, 1.000000, 1.000000;;,
      13;3; 1.000000, 1.000000, 1.000000;;,
      14;3; 1.000000, 1.000000, 1.000000;;,
      15;3; 1.000000, 1.000000, 1.000000;;,
      16;3; 1.000000, 1.000000, 1.000000;;,
      17;3; 1.000000, 1.000000, 1.000000;;,
      18;3; 1.000000, 1.000000, 1.000000;;,
      19;3; 1.000000, 1.000000, 1.000000;;,
      20;3; 1.000000, 1.000000, 1.000000;;,
      21;3; 1.000000, 1.000000, 1.000000;;,
      22;3; 1.000000, 1.000000, 1.000000;;,
      23;3; 1.000000, 1.000000, 1.000000;;,
      24;3; 1.000000, 1.000000, 1.000000;;,
      25;3; 1.000000, 1.000000, 1.000000;;,
      26;3; 1.000000, 1.000000, 1.000000;;,
      27;3; 1.000000, 1.000000, 1.000000;;,
      28;3; 1.000000, 1.000000, 1.000000;;,
      29;3; 1.000000, 1.000000, 1.000000;;,
      30;3; 1.000000, 1.000000, 1.000000;;,
      31;3; 1.000000, 1.000000, 1.000000;;,
      32;3; 1.000000, 1.000000, 1.000000;;,
      33;3; 1.000000, 1.000000, 1.000000;;,
      34;3; 1.000000, 1.000000, 1.000000;;,
      35;3; 1.000000, 1.000000, 1.000000;;;
    }
    AnimationKey { // Position
      2;
      36;
      0;3; 0.000000, 0.000000, 0.000000;;,
      1;3; 0.000000, 0.000000, 0.000000;;,
      2;3; 0.000000, 0.000000, 0.000000;;,
      3;3; 0.000000, 0.000000, 0.000000;;,
      4;3; 0.000000, 0.000000, 0.000000;;,
      5;3; 0.000000,11.340741,23.598610;;,
      6;3; 0.000000,36.620594,49.687096;;,
      7;3; 0.000000,59.340118,83.981110;;,
      8;3; 0.000000,68.801933,116.774643;;,
      9;3; 0.000000,69.730331,132.559570;;,
      10;3; 0.000000,69.730331,134.740631;;,
      11;3; 0.000000,69.730331,134.775909;;,
      12;3; 0.000000,69.730331,132.623230;;,
      13;3; 0.000000,69.730331,128.240417;;,
      14;3; 0.000000,69.730331,121.585304;;,
      15;3; 0.000000,69.730331,112.615738;;,
      16;3; 0.000000,69.730331,101.289536;;,
      17;3; 0.000000,69.730331,87.564560;;,
      18;3; 0.000000,69.730331,71.398590;;,
      19;3; 0.000000,69.730331,52.749527;;,
      20;3; 0.000000,69.730331,31.575129;;,
      21;3; 0.000000,69.730331,31.539232;;,
      22;3; 0.000000,69.730331,31.534746;;,
      23;3; 0.000000,69.730331,31.548206;;,
      24;3; 0.000000,69.730331,31.566154;;,
      25;3; 0.000000,69.730331,31.575129;;,
      26;3; 0.000000,69.662895,29.581102;;,
      27;3; 0.000000,68.801933,24.215120;;,
      28;3; 0.000000,65.755035,16.633823;;,
      29;3; 0.000000,59.340126, 8.422942;;,
      30;3; 0.000000,49.306778, 1.395132;;,
      31;3; 0.000000,36.620598,-2.983752;;,
      32;3; 0.000000,23.207581,-4.208379;;,
      33;3; 0.000000,11.340724,-2.989367;;,
      34;3; 0.000000, 3.065906,-0.969031;;,
      35;3; 0.000000, 0.000000, 0.000000;;;
    }
  }
  Animation {
    {Armature_pelvis}
    AnimationKey { // Rotation
      0;
      36;
      0;4;-0.541652,-0.454547,-0.541652, 0.454547;;,
      1;4;-0.547733,-0.447201,-0.547733, 0.447201;;,
      2;4;-0.560759,-0.430754,-0.560759, 0.430754;;,
      3;4;-0.573291,-0.413929,-0.573291, 0.413929;;,
      4;4;-0.578822,-0.406160,-0.578822, 0.406160;;,
      5;4;-0.570753,-0.417422,-0.570753, 0.417422;;,
      6;4;-0.550634,-0.443624,-0.550634, 0.443624;;,
      7;4;-0.525052,-0.473625,-0.525052, 0.473625;;,
      8;4;-0.502358,-0.497630,-0.502358, 0.497631;;,
      9;4;-0.492512,-0.507377,-0.492512, 0.507377;;,
      10;4;-0.494440,-0.505498,-0.494440, 0.505498;;,
      11;4;-0.499439,-0.500561,-0.499439, 0.500561;;,
      12;4;-0.506316,-0.493603,-0.506317, 0.493603;;,
      13;4;-0.513910,-0.485692,-0.513910, 0.485692;;,
      14;4;-0.521114,-0.477954,-0.521114, 0.477954;;,
      15;4;-0.526891,-0.471578,-0.526891, 0.471579;;,
      16;4;-0.530250,-0.467798,-0.530250, 0.467798;;,
      17;4;-0.531978,-0.465832,-0.531978, 0.465832;;,
      18;4;-0.533518,-0.464067,-0.533518, 0.464067;;,
      19;4;-0.534883,-0.462494,-0.534883, 0.462494;;,
      20;4;-0.536083,-0.461102,-0.536083, 0.461102;;,
      21;4;-0.537130,-0.459882,-0.537130, 0.459882;;,
      22;4;-0.538036,-0.458822,-0.538036, 0.458822;;,
      23;4;-0.538810,-0.457912,-0.538811, 0.457912;;,
      24;4;-0.539465,-0.457140,-0.539465, 0.457140;;,
      25;4;-0.540010,-0.456496,-0.540010, 0.456496;;,
      26;4;-0.540456,-0.455969,-0.540456, 0.455969;;,
      27;4;-0.540812,-0.455546,-0.540812, 0.455546;;,
      28;4;-0.541090,-0.455216,-0.541090, 0.455216;;,
      29;4;-0.541298,-0.454969,-0.541298, 0.454969;;,
      30;4;-0.541447,-0.454791,-0.541447, 0.454791;;,
      31;4;-0.541547,-0.454672,-0.541547, 0.454672;;,
      32;4;-0.541608,-0.454600,-0.541608, 0.454600;;,
      33;4;-0.541639,-0.454563,-0.541639, 0.454563;;,
      34;4;-0.541650,-0.454549,-0.541650, 0.454549;;,
      35;4;-0.541652,-0.454547,-0.541652, 0.454547;;;
    }
    AnimationKey { // Scale
      1;
      36;
      0;3; 1.000000, 1.000000, 1.000000;;,
      1;3; 1.000000, 1.000000, 1.000000;;,
      2;3; 1.000000, 1.000000, 1.000000;;,
      3;3; 1.000000, 1.000000, 1.000000;;,
      4;3; 1.000000, 1.000000, 1.000000;;,
      5;3; 1.000000, 1.000000, 1.000000;;,
      6;3; 1.000000, 1.000000, 1.000000;;,
      7;3; 1.000000, 1.000000, 1.000000;;,
      8;3; 1.000000, 1.000000, 1.000000;;,
      9;3; 1.000000, 1.000000, 1.000000;;,
      10;3; 1.000000, 1.000000, 1.000000;;,
      11;3; 1.000000, 1.000000, 1.000000;;,
      12;3; 1.000000, 1.000000, 1.000000;;,
      13;3; 1.000000, 1.000000, 1.000000;;,
      14;3; 1.000000, 1.000000, 1.000000;;,
      15;3; 1.000000, 1.000000, 1.000000;;,
      16;3; 1.000000, 1.000000, 1.000000;;,
      17;3; 1.000000, 1.000000, 1.000000;;,
      18;3; 1.000000, 1.000000, 1.000000;;,
      19;3; 1.000000, 1.000000, 1.000000;;,
      20;3; 1.000000, 1.000000, 1.000000;;,
      21;3; 1.000000, 1.000000, 1.000000;;,
      22;3; 1.000000, 1.000000, 1.000000;;,
      23;3; 1.000000, 1.000000, 1.000000;;,
      24;3; 1.000000, 1.000000, 1.000000;;,
      25;3; 1.000000, 1.000000, 1.000000;;,
      26;3; 1.000000, 1.000000, 1.000000;;,
      27;3; 1.000000, 1.000000, 1.000000;;,
      28;3; 1.000000, 1.000000, 1.000000;;,
      29;3; 1.000000, 1.000000, 1.000000;;,
      30;3; 1.000000, 1.000000, 1.000000;;,
      31;3; 1.000000, 1.000000, 1.000000;;,
      32;3; 1.000000, 1.000000, 1.000000;;,
      33;3; 1.000000, 1.000000, 1.000000;;,
      34;3; 1.000000, 1.000000, 1.000000;;,
      35;3; 1.000000, 1.000000, 1.000000;;;
    }
    AnimationKey { // Position
      2;
      36;
      0;3; 0.000000,43.452366, 0.076357;;,
      1;3; 0.000000,42.457371,-0.508936;;,
      2;3; 0.000000,40.268379,-1.796577;;,
      3;3; 0.000000,38.079388,-3.084220;;,
      4;3; 0.000000,37.084393,-3.669512;;,
      5;3; 0.000000,38.036995,-3.279942;;,
      6;3; 0.000000,40.308567,-2.350962;;,
      7;3; 0.000000,43.019825,-1.242191;;,
      8;3; 0.000000,45.291397,-0.313218;;,
      9;3;-0.000000,46.243996, 0.076358;;,
      10;3;-0.000000,46.243996, 0.076358;;,
      11;3;-0.000000,46.243996, 0.076358;;,
      12;3;-0.000000,46.243996, 0.076358;;,
      13;3;-0.000000,46.243996, 0.076358;;,
      14;3;-0.000000,46.243996, 0.076358;;,
      15;3;-0.000000,46.243999, 0.076358;;,
      16;3;-0.000000,46.243999, 0.076366;;,
      17;3; 0.000000,46.221615, 0.076351;;,
      18;3; 0.000000,46.157711, 0.076358;;,
      19;3; 0.000000,46.057178, 0.076362;;,
      20;3; 0.000000,45.924908, 0.076356;;,
      21;3; 0.000000,45.765770, 0.076356;;,
      22;3; 0.000000,45.584656, 0.076356;;,
      23;3; 0.000000,45.386448, 0.076356;;,
      24;3; 0.000000,45.176025, 0.076356;;,
      25;3; 0.000000,44.958275, 0.076356;;,
      26;3; 0.000000,44.738087, 0.076355;;,
      27;3; 0.000000,44.520340, 0.076356;;,
      28;3; 0.000000,44.309929, 0.076355;;,
      29;3; 0.000000,44.111710, 0.076353;;,
      30;3; 0.000000,43.930595, 0.076361;;,
      31;3; 0.000000,43.771454, 0.076358;;,
      32;3; 0.000000,43.639175, 0.076356;;,
      33;3; 0.000000,43.538654, 0.076357;;,
      34;3; 0.000000,43.474751, 0.076357;;,
      35;3; 0.000000,43.452366, 0.076357;;;
    }
  }
  Animation {
    {Armature_spine_01}
    AnimationKey { // Rotation
      0;
      36;
      0;4; 0.000000, 0.999942, 0.010728, 0.000000;;,
      1;4; 0.013571, 0.999898, 0.001113, 0.004352;;,
      2;4; 0.042488, 0.998881,-0.020220, 0.004768;;,
      3;4; 0.071111, 0.996596,-0.041640, 0.002365;;,
      4;4; 0.084023, 0.995139,-0.051371, 0.000584;;,
      5;4; 0.067905, 0.996638,-0.045798, 0.002147;;,
      6;4; 0.029342, 0.999069,-0.031195, 0.005209;;,
      7;4;-0.016851, 0.999773,-0.010744, 0.007397;;,
      8;4;-0.055627, 0.998345, 0.012606, 0.007399;;,
      9;4;-0.071956, 0.996727, 0.036379, 0.005849;;,
      10;4;-0.069206, 0.995533, 0.064115, 0.003670;;,
      11;4;-0.061570, 0.993258, 0.098216, 0.001105;;,
      12;4;-0.050423, 0.989596, 0.134743,-0.001015;;,
      13;4;-0.037221, 0.984779, 0.169765,-0.002140;;,
      14;4;-0.023447, 0.979633, 0.199412,-0.002126;;,
      15;4;-0.010577, 0.975462, 0.219910,-0.001233;;,
      16;4; 0.000000, 0.973763, 0.227564, 0.000000;;,
      17;4; 0.009519, 0.975752, 0.218669, 0.001479;;,
      18;4; 0.019881, 0.980652, 0.194725, 0.003112;;,
      19;4; 0.030649, 0.986658, 0.159840, 0.004303;;,
      20;4; 0.041316, 0.992117, 0.118215, 0.004689;;,
      21;4; 0.051319, 0.995914, 0.074196, 0.004167;;,
      22;4; 0.060058, 0.997670, 0.032235, 0.002909;;,
      23;4; 0.066953, 0.997750,-0.003191, 0.001329;;,
      24;4; 0.071463, 0.997060,-0.027650,-0.000017;;,
      25;4; 0.073079, 0.996648,-0.036771,-0.000567;;,
      26;4; 0.070769, 0.997239,-0.022496,-0.000882;;,
