xof 0303txt 0032

Frame Root {
  FrameTransformMatrix {
     1.000000, 0.000000, 0.000000, 0.000000,
     0.000000,-0.000000,-1.000000, 0.000000,
     0.000000, 1.000000,-0.000000, 0.000000,
     0.000000, 0.000000, 0.000000, 1.000000;;
  }
  Frame Armature {
    FrameTransformMatrix {
       0.010000, 0.000000, 0.000000, 0.000000,
       0.000000, 0.010000, 0.000000, 0.000000,
       0.000000, 0.000000, 0.010000, 0.000000,
       0.000000, 0.000000, 0.000000, 1.000000;;
    }
    Frame Armature_root {
      FrameTransformMatrix {
         1.000000, 0.000000, 0.000000, 0.000000,
         0.000000, 0.000000, 1.000000, 0.000000,
         0.000000,-1.000000, 0.000000, 0.000000,
         0.000000, 0.000000, 0.000000, 1.000000;;
      }
      Frame Armature_pelvis {
        FrameTransformMatrix {
          -0.000000, 0.984825, 0.173548, 0.000000,
           0.000000, 0.173548,-0.984825, 0.000000,
          -1.000000,-0.000000, 0.000000, 0.000000,
           0.000000,43.452366, 0.076357, 1.000000;;
        }
        Frame Armature_spine_01 {
          FrameTransformMatrix {
             0.999771, 0.021456, 0.000000, 0.000000,
             0.021455,-0.999770,-0.000000, 0.000000,
             0.000000, 0.000000,-1.000000, 0.000000,
            14.028807, 0.619729,-0.000001, 1.000000;;
          }
          Frame Armature_FrontBelly {
            FrameTransformMatrix {
              -0.000000,-0.000000, 1.000000, 0.000000,
               0.044573, 0.999006, 0.000000, 0.000000,
              -0.999006, 0.044573,-0.000000, 0.000000,
              -0.478725,29.661932,-0.000000, 1.000000;;
            }
          } // End of Armature_FrontBelly
          Frame Armature_spine_02 {
            FrameTransformMatrix {
              -0.056945,-0.998377, 0.000000, 0.000000,
               0.998377,-0.056946, 0.000000, 0.000000,
              -0.000000, 0.000000, 1.000000, 0.000000,
              15.357300, 0.000012, 0.000002, 1.000000;;
            }
            Frame Armature_spine_03 {
              FrameTransformMatrix {
                 0.984061,-0.177833,-0.000000, 0.000000,
                 0.177833, 0.984060,-0.000000, 0.000000,
                 0.000000, 0.000000, 1.000000, 0.000000,
                -0.000000,14.891389,-0.000000, 1.000000;;
              }
              Frame Armature_clavicle_l {
                FrameTransformMatrix {
                   0.949237, 0.256066, 0.182698, 0.000000,
                  -0.164414,-0.091268, 0.982160, 0.000000,
                   0.268172,-0.962341,-0.044535, 0.000000,
                   3.006552, 6.351186,20.842356, 1.000000;;
                }
                Frame Armature_upperarm_l {
                  FrameTransformMatrix {
                     0.854163, 0.087527, 0.512586, 0.000000,
                    -0.396066, 0.748240, 0.532229, 0.000000,
                    -0.336953,-0.657629, 0.673786, 0.000000,
                    -0.000001,15.415948, 0.000003, 1.000000;;
                  }
                  Frame Armature_lowerarm_l {
                    FrameTransformMatrix {
                       0.594469, 0.804118, 0.000000, 0.000000,
                      -0.804118, 0.594469, 0.000000, 0.000000,
                       0.000000,-0.000000, 1.000000, 0.000000,
                       0.000001,35.891960, 0.000005, 1.000000;;
                    }
                    Frame Armature_hand_l {
                      FrameTransformMatrix {
                         0.330318,-0.240127, 0.912814, 0.000000,
                         0.017053, 0.968458, 0.248594, 0.000000,
                        -0.943716,-0.066549, 0.323994, 0.000000,
                         0.000006,40.930389,-0.000005, 1.000000;;
                      }
                      Frame Armature_LowerJaw_l {
                        FrameTransformMatrix {
                           0.003665, 0.003570,-0.999987, 0.000000,
                           0.002668, 0.999990, 0.003579, 0.000000,
                           0.999990,-0.002681, 0.003656, 0.000000,
                          14.700439,27.837107, 0.056990, 1.000000;;
                        }
                      } // End of Armature_LowerJaw_l
                      Frame Armature_drill_l {
                        FrameTransformMatrix {
                           0.003665, 0.003570,-0.999987, 0.000000,
                           0.002668, 0.999990, 0.003579, 0.000000,
                           0.999990,-0.002681, 0.003656, 0.000000,
                          -0.944942,11.008296,-0.060421, 1.000000;;
                        }
                      } // End of Armature_drill_l
                      Frame Armature_saw_l {
                        FrameTransformMatrix {
                           0.003665, 0.003570,-0.999987, 0.000000,
                           0.002668, 0.999990, 0.003579, 0.000000,
                           0.999990,-0.002681, 0.003656, 0.000000,
                          -0.224302,13.957772,-0.047284, 1.000000;;
                        }
                      } // End of Armature_saw_l
                      Frame Armature_upperJaw_l {
                        FrameTransformMatrix {
                           0.003665, 0.003570,-0.999987, 0.000000,
                           0.002668, 0.999990, 0.003579, 0.000000,
                           0.999990,-0.002681, 0.003656, 0.000000,
                          -13.323109,24.131826,-0.058939, 1.000000;;
                        }
                      } // End of Armature_upperJaw_l
                    } // End of Armature_hand_l
                  } // End of Armature_lowerarm_l
                } // End of Armature_upperarm_l
              } // End of Armature_clavicle_l
              Frame Armature_clavicle_r {
                FrameTransformMatrix {
                  -0.949238,-0.256066, 0.182697, 0.000000,
                  -0.164413,-0.091268,-0.982160, 0.000000,
                   0.268172,-0.962341, 0.044535, 0.000000,
                   3.006559, 6.351164,-20.842400, 1.000000;;
                }
                Frame Armature_upperarm_r {
                  FrameTransformMatrix {
                     0.954516,-0.026231,-0.297004, 0.000000,
                     0.141064, 0.917314, 0.372337, 0.000000,
                     0.262679,-0.397298, 0.879292, 0.000000,
                     0.000004,15.415919,-0.000011, 1.000000;;
                  }
                  Frame Armature_lowerarm_r {
                    FrameTransformMatrix {
                       0.283166,-0.959071, 0.000000, 0.000000,
                       0.959071, 0.283166,-0.000000, 0.000000,
                       0.000000, 0.000000, 1.000000, 0.000000,
                       0.000000,35.891918,-0.000001, 1.000000;;
                    }
                    Frame Armature_hand_r {
                      FrameTransformMatrix {
                        -0.136400, 0.079600,-0.987451, 0.000000,
                        -0.144776, 0.984463, 0.099358, 0.000000,
                         0.980018, 0.156512,-0.122757, 0.000000,
                        -0.000005,40.930729, 0.000006, 1.000000;;
                      }
                      Frame Armature_LowerJaw_r {
                        FrameTransformMatrix {
                           0.003665,-0.003570, 0.999987, 0.000000,
                          -0.002667, 0.999990, 0.003580, 0.000000,
                          -0.999990,-0.002680, 0.003655, 0.000000,
                          -14.700427,27.836861, 0.056982, 1.000000;;
                        }
                      } // End of Armature_LowerJaw_r
                      Frame Armature_drill_r {
                        FrameTransformMatrix {
                           0.003665,-0.003570, 0.999987, 0.000000,
                          -0.002667, 0.999990, 0.003579, 0.000000,
                          -0.999990,-0.002680, 0.003655, 0.000000,
                           0.944890,11.007845,-0.060423, 1.000000;;
                        }
                      } // End of Armature_drill_r
                      Frame Armature_saw_r {
                        FrameTransformMatrix {
                           0.003665,-0.003570, 0.999987, 0.000000,
                          -0.002667, 0.999990, 0.003580, 0.000000,
                          -0.999990,-0.002680, 0.003656, 0.000000,
                           0.224214,13.957904,-0.047287, 1.000000;;
                        }
                      } // End of Armature_saw_r
                      Frame Armature_upperJaw_r {
                        FrameTransformMatrix {
                           0.003665,-0.003570, 0.999987, 0.000000,
                          -0.002667, 0.999990, 0.003580, 0.000000,
                          -0.999990,-0.002680, 0.003656, 0.000000,
                          13.323231,24.130985,-0.058937, 1.000000;;
                        }
                      } // End of Armature_upperJaw_r
                    } // End of Armature_hand_r
                  } // End of Armature_lowerarm_r
                } // End of Armature_upperarm_r
              } // End of Armature_clavicle_r
              Frame Armature_neck_01 {
                FrameTransformMatrix {
                   0.934318, 0.356441, 0.000000, 0.000000,
                  -0.356441, 0.934318, 0.000000, 0.000000,
                  -0.000000,-0.000000, 1.000000, 0.000000,
                  -0.000002,20.905088,-0.000000, 1.000000;;
                }
                Frame Armature_head {
                  FrameTransformMatrix {
                     0.991000,-0.133865,-0.000000, 0.000000,
                     0.133865, 0.990999,-0.000000, 0.000000,
                     0.000000, 0.000000, 1.000000, 0.000000,
                    -0.000001,30.618134, 0.000000, 1.000000;;
                  }
                  Frame Armature_Jaw {
                    FrameTransformMatrix {
                       1.000000, 0.000000, 0.000000, 0.000000,
                      -0.000000,-0.000000, 1.000000, 0.000000,
                       0.000000,-1.000000, 0.000000, 0.000000,
                       2.083532,-16.025854,-0.000000, 1.000000;;
                    }
                  } // End of Armature_Jaw
                  Frame Armature_face {
                    FrameTransformMatrix {
                      -0.172927, 0.984935,-0.000000, 0.000000,
                      -0.984935,-0.172927, 0.000000, 0.000000,
                       0.000000, 0.000000, 1.000000, 0.000000,
                      -11.381894,-11.468966, 0.000000, 1.000000;;
                    }
                    Frame Armature_mouth {
                      FrameTransformMatrix {
                        -0.172927,-0.984935, 0.000000, 0.000000,
                        -0.000000, 0.000000, 1.000000, 0.000000,
                        -0.984935, 0.172927,-0.000000, 0.000000,
                        -0.609460,10.399986,-0.000000, 1.000000;;
                      }
                    } // End of Armature_mouth
                  } // End of Armature_face
                  Frame Armature_hat_01 {
                    FrameTransformMatrix {
                       0.999920,-0.012625,-0.000000, 0.000000,
                       0.012625, 0.999920,-0.000000, 0.000000,
                       0.000000, 0.000000, 1.000000, 0.000000,
                       0.498001,18.918243,-0.000000, 1.000000;;
                    }
                    Frame Armature_hat_02 {
                      FrameTransformMatrix {
                         0.999920, 0.012625, 0.000000, 0.000000,
                        -0.000000,-0.000000, 1.000000, 0.000000,
                         0.012625,-0.999920,-0.000000, 0.000000,
                        -0.860989,68.190155, 0.000000, 1.000000;;
                      }
                    } // End of Armature_hat_02
                  } // End of Armature_hat_01
                  Frame Armature_hornA_01_l {
                    FrameTransformMatrix {
                       0.999912, 0.012123, 0.005449, 0.000000,
                      -0.013291, 0.912013, 0.409946, 0.000000,
                      -0.000000,-0.409982, 0.912094, 0.000000,
                       0.498001,12.041780, 8.191206, 1.000000;;
                    }
                    Frame Armature_hornA_02_l {
                      FrameTransformMatrix {
                         1.000000, 0.000000,-0.000000, 0.000000,
                        -0.000000, 0.409981, 0.912094, 0.000000,
                         0.000000,-0.912094, 0.409982, 0.000000,
                         0.000007,67.569504,-0.000009, 1.000000;;
                      }
                    } // End of Armature_hornA_02_l
                  } // End of Armature_hornA_01_l
                  Frame Armature_hornA_01_r {
                    FrameTransformMatrix {
                      -0.999912,-0.012123, 0.005449, 0.000000,
                      -0.013291, 0.912013,-0.409946, 0.000000,
                       0.000000,-0.409982,-0.912094, 0.000000,
                       0.498003,12.041656,-8.191210, 1.000000;;
                    }
                    Frame Armature_hornA_02_r {
                      FrameTransformMatrix {
                         1.000000,-0.000000,-0.000000, 0.000000,
                         0.000000, 0.409982, 0.912094, 0.000000,
                        -0.000000,-0.912094, 0.409982, 0.000000,
                         0.000004,67.569183, 0.000103, 1.000000;;
                      }
                    } // End of Armature_hornA_02_r
                  } // End of Armature_hornA_01_r
                  Frame Armature_hornB_01_l {
                    FrameTransformMatrix {
                       0.995309, 0.096750, 0.000000, 0.000000,
                      -0.064149, 0.659924, 0.748589, 0.000000,
                       0.072426,-0.745077, 0.663035, 0.000000,
                       0.498001, 1.614544,20.797297, 1.000000;;
                    }
                    Frame Armature_hornB_02_l {
                      FrameTransformMatrix {
                         1.000000,-0.000000,-0.000000, 0.000000,
                        -0.000000, 0.622114,-0.782926, 0.000000,
                         0.000000, 0.782926, 0.622114, 0.000000,
                         0.000004,21.829403,-0.000014, 1.000000;;
                      }
                      Frame Armature_hornB_03_l {
                        FrameTransformMatrix {
                           1.000000,-0.000000,-0.000000, 0.000000,
                           0.000000,-0.053400, 0.998573, 0.000000,
                          -0.000000,-0.998573,-0.053400, 0.000000,
                          -0.000000,29.144489, 0.000001, 1.000000;;
                        }
                      } // End of Armature_hornB_03_l
                    } // End of Armature_hornB_02_l
                  } // End of Armature_hornB_01_l
                  Frame Armature_hornB_01_r {
                    FrameTransformMatrix {
                      -0.995309,-0.096750, 0.000000, 0.000000,
                      -0.064149, 0.659924,-0.748589, 0.000000,
                       0.072426,-0.745077,-0.663035, 0.000000,
                       0.498001, 1.614654,-20.797298, 1.000000;;
                    }
                    Frame Armature_hornB_02_r {
                      FrameTransformMatrix {
                         1.000000,-0.000000, 0.000000, 0.000000,
                         0.000000, 0.622114,-0.782926, 0.000000,
                        -0.000000, 0.782927, 0.622114, 0.000000,
                        -0.000026,21.829515,-0.000195, 1.000000;;
                      }
                      Frame Armature_hornB_03_r {
                        FrameTransformMatrix {
                           1.000000, 0.000000, 0.000000, 0.000000,
                          -0.000000,-0.053400, 0.998573, 0.000000,
                           0.000000,-0.998573,-0.053400, 0.000000,
                           0.000046,29.144072,-0.000016, 1.000000;;
                        }
                      } // End of Armature_hornB_03_r
                    } // End of Armature_hornB_02_r
                  } // End of Armature_hornB_01_r
                  Frame Armature_hornC_01_l {
                    FrameTransformMatrix {
                       1.000000, 0.000000,-0.000000, 0.000000,
                      -0.000000, 0.550659, 0.834730, 0.000000,
                       0.000000,-0.834730, 0.550659, 0.000000,
                       0.497999,-6.945137,23.598650, 1.000000;;
                    }
                    Frame Armature_hornC_02_l {
                      FrameTransformMatrix {
                         1.000000,-0.000000, 0.000000, 0.000000,
                        -0.000000, 0.834730, 0.550659, 0.000000,
                        -0.000000,-0.550659, 0.834730, 0.000000,
                         0.000001,35.610889, 0.000004, 1.000000;;
                      }
                    } // End of Armature_hornC_02_l
                  } // End of Armature_hornC_01_l
                  Frame Armature_hornC_01_r {
                    FrameTransformMatrix {
                      -1.000000, 0.000000, 0.000000, 0.000000,
                       0.000000, 0.550659,-0.834730, 0.000000,
                      -0.000000,-0.834730,-0.550659, 0.000000,
                       0.498004,-6.945324,-23.598600, 1.000000;;
                    }
                    Frame Armature_hornC_02_r {
                      FrameTransformMatrix {
                         1.000000, 0.000000, 0.000000, 0.000000,
                        -0.000000, 0.834730, 0.550659, 0.000000,
                        -0.000000,-0.550659, 0.834730, 0.000000,
                         0.000002,35.611187,-0.000403, 1.000000;;
                      }
                    } // End of Armature_hornC_02_r
                  } // End of Armature_hornC_01_r
                } // End of Armature_head
              } // End of Armature_neck_01
            } // End of Armature_spine_03
          } // End of Armature_spine_02
        } // End of Armature_spine_01
        Frame Armature_tail_01 {
          FrameTransformMatrix {
             0.576498, 0.817098,-0.000000, 0.000000,
            -0.817098, 0.576498, 0.000000, 0.000000,
             0.000000, 0.000000, 1.000000, 0.000000,
             6.170578,24.843485,-0.000000, 1.000000;;
          }
          Frame Armature_tail_02 {
            FrameTransformMatrix {
               0.918920,-0.394443, 0.000000, 0.000000,
               0.394443, 0.918920, 0.000000, 0.000000,
              -0.000000, 0.000000, 1.000000, 0.000000,
              -0.000006,28.033707,-0.000000, 1.000000;;
            }
            Frame Armature_tail_03 {
              FrameTransformMatrix {
                 0.915023,-0.403401, 0.000000, 0.000000,
                 0.403401, 0.915023,-0.000000, 0.000000,
                -0.000000, 0.000000, 1.000000, 0.000000,
                 0.000006,30.899010,-0.000000, 1.000000;;
              }
              Frame Armature_tail_04 {
                FrameTransformMatrix {
                   0.938314,-0.345785, 0.000000, 0.000000,
                   0.345785, 0.938314, 0.000000, 0.000000,
                  -0.000000, 0.000000, 1.000000, 0.000000,
                   1.136210,30.677700,-0.000000, 1.000000;;
                }
              } // End of Armature_tail_04
            } // End of Armature_tail_03
          } // End of Armature_tail_02
        } // End of Armature_tail_01
        Frame Armature_thigh_l {
          FrameTransformMatrix {
            -0.381517, 0.915127, 0.130336, 0.000000,
            -0.912181,-0.349914,-0.213276, 0.000000,
            -0.149568,-0.200258, 0.968259, 0.000000,
            -2.265742,-0.180676,-17.085043, 1.000000;;
          }
          Frame Armature_calf_l {
            FrameTransformMatrix {
               0.856721,-0.507601,-0.091492, 0.000000,
               0.502647, 0.861440,-0.072572, 0.000000,
               0.115652, 0.016186, 0.993158, 0.000000,
              -1.092361,25.370684, 0.163616, 1.000000;;
            }
            Frame Armature_foot_l {
              FrameTransformMatrix {
                 0.316299,-0.933321,-0.169905, 0.000000,
                -0.948053,-0.304583,-0.091787, 0.000000,
                 0.033916, 0.190111,-0.981177, 0.000000,
                 1.794422,15.340361,-0.114339, 1.000000;;
              }
              Frame Armature_ball_l {
                FrameTransformMatrix {
                   0.000000, 1.000000,-0.000000, 0.000000,
                  -0.998608,-0.000000,-0.052741, 0.000000,
                  -0.052741, 0.000000, 0.998608, 0.000000,
                  -1.865967, 8.321958,-0.107338, 1.000000;;
                }
              } // End of Armature_ball_l
            } // End of Armature_foot_l
          } // End of Armature_calf_l
        } // End of Armature_thigh_l
        Frame Armature_thigh_r {
          FrameTransformMatrix {
             0.374143,-0.913533, 0.159610, 0.000000,
            -0.908621,-0.326674, 0.260176, 0.000000,
            -0.185539,-0.242368,-0.952278, 0.000000,
            -2.265774,-0.180682,17.085001, 1.000000;;
          }
          Frame Armature_calf_r {
            FrameTransformMatrix {
               0.886297, 0.453313, 0.094791, 0.000000,
              -0.448964, 0.891235,-0.064283, 0.000000,
              -0.113622, 0.014416, 0.993419, 0.000000,
               1.092372,25.370676, 0.163544, 1.000000;;
            }
            Frame Armature_foot_r {
              FrameTransformMatrix {
                 0.267203, 0.940552, 0.209677, 0.000000,
                 0.963630,-0.261822,-0.053548, 0.000000,
                 0.004533, 0.216359,-0.976303, 0.000000,
                -1.794426,15.340333,-0.114325, 1.000000;;
              }
              Frame Armature_ball_r {
                FrameTransformMatrix {
                  -0.000000,-1.000000,-0.000000, 0.000000,
                   0.998608, 0.000000,-0.052741, 0.000000,
                   0.052741,-0.000000, 0.998608, 0.000000,
                   1.865965, 8.321961,-0.107363, 1.000000;;
                }
              } // End of Armature_ball_r
            } // End of Armature_foot_r
          } // End of Armature_calf_r
        } // End of Armature_thigh_r
      } // End of Armature_pelvis
    } // End of Armature_root
    Frame MainBody01 {
      FrameTransformMatrix {
         1.000000,-0.000000, 0.000000, 0.000000,
        -0.000000, 1.000000,-0.000000, 0.000000,
         0.000000,-0.000000, 1.000000, 0.000000,
         0.000000,-0.000002,-0.000004, 1.000000;;
      }
    } // End of MainBody01
  } // End of Armature
} // End of Root
AnimationSet Global {
  Animation {
    {Armature}
    AnimationKey { // Rotation
      0;
      26;
      0;4;-1.000000, 0.000000, 0.000000, 0.000000;;,
      1;4;-1.000000, 0.000000, 0.000000, 0.000000;;,
      2;4;-1.000000, 0.000000, 0.000000, 0.000000;;,
      3;4;-1.000000, 0.000000, 0.000000, 0.000000;;,
      4;4;-1.000000, 0.000000, 0.000000, 0.000000;;,
      5;4;-1.000000, 0.000000, 0.000000, 0.000000;;,
      6;4;-1.000000, 0.000000, 0.000000, 0.000000;;,
      7;4;-1.000000, 0.000000, 0.000000, 0.000000;;,
      8;4;-1.000000, 0.000000, 0.000000, 0.000000;;,
      9;4;-1.000000, 0.000000, 0.000000, 0.000000;;,
      10;4;-1.000000, 0.000000, 0.000000, 0.000000;;,
      11;4;-1.000000, 0.000000, 0.000000, 0.000000;;,
      12;4;-1.000000, 0.000000, 0.000000, 0.000000;;,
      13;4;-1.000000, 0.000000, 0.000000, 0.000000;;,
      14;4;-1.000000, 0.000000, 0.000000, 0.000000;;,
      15;4;-1.000000, 0.000000, 0.000000, 0.000000;;,
      16;4;-1.000000, 0.000000, 0.000000, 0.000000;;,
      17;4;-1.000000, 0.000000, 0.000000, 0.000000;;,
      18;4;-1.000000, 0.000000, 0.000000, 0.000000;;,
      19;4;-1.000000, 0.000000, 0.000000, 0.000000;;,
      20;4;-1.000000, 0.000000, 0.000000, 0.000000;;,
      21;4;-1.000000, 0.000000, 0.000000, 0.000000;;,
      22;4;-1.000000, 0.000000, 0.000000, 0.000000;;,
      23;4;-1.000000, 0.000000, 0.000000, 0.000000;;,
      24;4;-1.000000, 0.000000, 0.000000, 0.000000;;,
      25;4;-1.000000, 0.000000, 0.000000, 0.000000;;;
    }
    AnimationKey { // Scale
      1;
      26;
      0;3; 0.010000, 0.010000, 0.010000;;,
      1;3; 0.010000, 0.010000, 0.010000;;,
      2;3; 0.010000, 0.010000, 0.010000;;,
      3;3; 0.010000, 0.010000, 0.010000;;,
      4;3; 0.010000, 0.010000, 0.010000;;,
      5;3; 0.010000, 0.010000, 0.010000;;,
      6;3; 0.010000, 0.010000, 0.010000;;,
      7;3; 0.010000, 0.010000, 0.010000;;,
      8;3; 0.010000, 0.010000, 0.010000;;,
      9;3; 0.010000, 0.010000, 0.010000;;,
      10;3; 0.010000, 0.010000, 0.010000;;,
      11;3; 0.010000, 0.010000, 0.010000;;,
      12;3; 0.010000, 0.010000, 0.010000;;,
      13;3; 0.010000, 0.010000, 0.010000;;,
      14;3; 0.010000, 0.010000, 0.010000;;,
      15;3; 0.010000, 0.010000, 0.010000;;,
      16;3; 0.010000, 0.010000, 0.010000;;,
      17;3; 0.010000, 0.010000, 0.010000;;,
      18;3; 0.010000, 0.010000, 0.010000;;,
      19;3; 0.010000, 0.010000, 0.010000;;,
      20;3; 0.010000, 0.010000, 0.010000;;,
      21;3; 0.010000, 0.010000, 0.010000;;,
      22;3; 0.010000, 0.010000, 0.010000;;,
      23;3; 0.010000, 0.010000, 0.010000;;,
      24;3; 0.010000, 0.010000, 0.010000;;,
      25;3; 0.010000, 0.010000, 0.010000;;;
    }
    AnimationKey { // Position
      2;
      26;
      0;3; 0.000000, 0.000000, 0.000000;;,
      1;3; 0.000000, 0.000000, 0.000000;;,
      2;3; 0.000000, 0.000000, 0.000000;;,
      3;3; 0.000000, 0.000000, 0.000000;;,
      4;3; 0.000000, 0.000000, 0.000000;;,
      5;3; 0.000000, 0.000000, 0.000000;;,
      6;3; 0.000000, 0.000000, 0.000000;;,
      7;3; 0.000000, 0.000000, 0.000000;;,
      8;3; 0.000000, 0.000000, 0.000000;;,
      9;3; 0.000000, 0.000000, 0.000000;;,
      10;3; 0.000000, 0.000000, 0.000000;;,
      11;3; 0.000000, 0.000000, 0.000000;;,
      12;3; 0.000000, 0.000000, 0.000000;;,
      13;3; 0.000000, 0.000000, 0.000000;;,
      14;3; 0.000000, 0.000000, 0.000000;;,
      15;3; 0.000000, 0.000000, 0.000000;;,
      16;3; 0.000000, 0.000000, 0.000000;;,
      17;3; 0.000000, 0.000000, 0.000000;;,
      18;3; 0.000000, 0.000000, 0.000000;;,
      19;3; 0.000000, 0.000000, 0.000000;;,
      20;3; 0.000000, 0.000000, 0.000000;;,
      21;3; 0.000000, 0.000000, 0.000000;;,
      22;3; 0.000000, 0.000000, 0.000000;;,
      23;3; 0.000000, 0.000000, 0.000000;;,
      24;3; 0.000000, 0.000000, 0.000000;;,
      25;3; 0.000000, 0.000000, 0.000000;;;
    }
  }
  Animation {
    {Armature_root}
    AnimationKey { // Rotation
      0;
      26;
      0;4;-0.707107, 0.707107, 0.000000, 0.000000;;,
      1;4;-0.707107, 0.707107, 0.000000, 0.000000;;,
      2;4;-0.707107, 0.707107, 0.000000, 0.000000;;,
      3;4;-0.707107, 0.707107, 0.000000, 0.000000;;,
      4;4;-0.707107, 0.707107, 0.000000, 0.000000;;,
      5;4;-0.766324, 0.631056, 0.093005, 0.076588;;,
      6;4;-0.822676, 0.424740, 0.335779, 0.173359;;,
      7;4;-0.764423, 0.206871, 0.589422, 0.159512;;,
      8;4;-0.697176, 0.118091, 0.697176, 0.118091;;,
      9;4;-0.691635, 0.117287, 0.702629, 0.119152;;,
      10;4;-0.689596, 0.117884, 0.704319, 0.120401;;,
      11;4;-0.691210, 0.120726, 0.701874, 0.122589;;,
      12;4;-0.696531, 0.126701, 0.694849, 0.126395;;,
      13;4;-0.705473, 0.136780, 0.682700, 0.132365;;,
      14;4;-0.717734, 0.152060, 0.664756, 0.140836;;,
      15;4;-0.732718, 0.173781, 0.640211, 0.151841;;,
      16;4;-0.749414, 0.203326, 0.608124, 0.164992;;,
      17;4;-0.757793, 0.267503, 0.561201, 0.198105;;,
      18;4;-0.763229, 0.379549, 0.468201, 0.232833;;,
      19;4;-0.761526, 0.508740, 0.333916, 0.223074;;,
      20;4;-0.750087, 0.605854, 0.206279, 0.166614;;,
      21;4;-0.737607, 0.656727, 0.117247, 0.104391;;,
      22;4;-0.723141, 0.685063, 0.063937, 0.060570;;,
      23;4;-0.713281, 0.699794, 0.027817, 0.027291;;,
      24;4;-0.708323, 0.705822, 0.006864, 0.006840;;,
      25;4;-0.707107, 0.707107, 0.000000, 0.000000;;;
    }
    AnimationKey { // Scale
      1;
      26;
      0;3; 1.000000, 1.000000, 1.000000;;,
      1;3; 1.000000, 1.000000, 1.000000;;,
      2;3; 1.000000, 1.000000, 1.000000;;,
      3;3; 1.000000, 1.000000, 1.000000;;,
      4;3; 1.000000, 1.000000, 1.000000;;,
      5;3; 1.000000, 1.000000, 1.000000;;,
      6;3; 1.000000, 1.000000, 1.000000;;,
      7;3; 1.000000, 1.000000, 1.000000;;,
      8;3; 1.000000, 1.000000, 1.000000;;,
      9;3; 1.000000, 1.000000, 1.000000;;,
      10;3; 1.000000, 1.000000, 1.000000;;,
      11;3; 1.000000, 1.000000, 1.000000;;,
      12;3; 1.000000, 1.000000, 1.000000;;,
      13;3; 1.000000, 1.000000, 1.000000;;,
      14;3; 1.000000, 1.000000, 1.000000;;,
      15;3; 1.000000, 1.000000, 1.000000;;,
      16;3; 1.000000, 1.000000, 1.000000;;,
      17;3; 1.000000, 1.000000, 1.000000;;,
      18;3; 1.000000, 1.000000, 1.000000;;,
      19;3; 1.000000, 1.000000, 1.000000;;,
      20;3; 1.000000, 1.000000, 1.000000;;,
      21;3; 1.000000, 1.000000, 1.000000;;,
      22;3; 1.000000, 1.000000, 1.000000;;,
      23;3; 1.000000, 1.000000, 1.000000;;,
      24;3; 1.000000, 1.000000, 1.000000;;,
      25;3; 1.000000, 1.000000, 1.000000;;;
    }
    AnimationKey { // Position
      2;
      26;
      0;3; 0.000000, 0.000000, 0.000000;;,
      1;3; 0.000000, 0.000000, 0.000000;;,
      2;3; 0.000000, 0.000000, 0.000000;;,
      3;3; 0.000000, 0.000000, 0.000000;;,
      4;3; 0.000000, 0.000000, 0.000000;;,
      5;3; 0.000000,-11.699745,49.039032;;,
      6;3; 0.000000,-34.434383,93.162292;;,
      7;3; 0.000000,-49.757927,133.399628;;,
      8;3; 0.000000,-53.482254,154.334473;;,
      9;3; 0.000000,-63.533596,157.943680;;,
      10;3; 0.000000,-74.616455,158.205399;;,
      11;3; 0.000000,-83.450378,156.300171;;,
      12;3; 0.000000,-86.755974,153.441452;;,
      13;3; 0.000000,-84.754868,149.723892;;,
      14;3; 0.000000,-80.308136,144.207733;;,
      15;3; 0.000000,-74.128128,136.767288;;,
      16;3; 0.000000,-66.890251,127.303246;;,
      17;3; 0.000000,-56.434586,112.020599;;,
      18;3; 0.000000,-41.428753,89.117035;;,
      19;3; 0.000000,-25.420113,54.649296;;,
      20;3; 0.000000,-13.766996, 1.464415;;,
      21;3; 0.000000,-7.566845, 0.438923;;,
      22;3; 0.000000,-3.536635, 0.095631;;,
      23;3; 0.000000,-1.249182, 0.011923;;,
      24;3; 0.000000,-0.231477, 0.000409;;,
      25;3; 0.000000, 0.000000, 0.000000;;;
    }
  }
  Animation {
    {Armature_pelvis}
    AnimationKey { // Rotation
      0;
      26;
      0;4;-0.541652,-0.454547,-0.541652, 0.454547;;,
      1;4;-0.533848,-0.463688,-0.533848, 0.463688;;,
      2;4;-0.516140,-0.483322,-0.516140, 0.483322;;,
      3;4;-0.497710,-0.502280,-0.497710, 0.502280;;,
      4;4;-0.489101,-0.510666,-0.489101, 0.510666;;,
      5;4;-0.513036,-0.486615,-0.513036, 0.486615;;,
      6;4;-0.561460,-0.429840,-0.561460, 0.429840;;,
      7;4;-0.603632,-0.368277,-0.603632, 0.368277;;,
      8;4;-0.620604,-0.338896,-0.620604, 0.338896;;,
      9;4;-0.614802,-0.349312,-0.614802, 0.349312;;,
      10;4;-0.601423,-0.371875,-0.601423, 0.371875;;,
      11;4;-0.587216,-0.393925,-0.587216, 0.393925;;,
      12;4;-0.580490,-0.403771,-0.580490, 0.403771;;,
      13;4;-0.586351,-0.395212,-0.586351, 0.395212;;,
      14;4;-0.599584,-0.374831,-0.599584, 0.374832;;,
      15;4;-0.613954,-0.350800,-0.613954, 0.350800;;,
      16;4;-0.624322,-0.331997,-0.624322, 0.331997;;,
      17;4;-0.629853,-0.321381,-0.629853, 0.321381;;,
      18;4;-0.633076,-0.314983,-0.633076, 0.314983;;,
      19;4;-0.634690,-0.311719,-0.634690, 0.311719;;,
      20;4;-0.635111,-0.310860,-0.635111, 0.310860;;,
      21;4;-0.634680,-0.311739,-0.634680, 0.311739;;,
      22;4;-0.622045,-0.336245,-0.622045, 0.336245;;,
      23;4;-0.592058,-0.386610,-0.592058, 0.386610;;,
      24;4;-0.558243,-0.434010,-0.558243, 0.434010;;,
      25;4;-0.541652,-0.454547,-0.541652, 0.454547;;;
    }
    AnimationKey { // Scale
      1;
      26;
      0;3; 1.000000, 1.000000, 1.000000;;,
      1;3; 1.000000, 1.000000, 1.000000;;,
      2;3; 1.000000, 1.000000, 1.000000;;,
      3;3; 1.000000, 1.000000, 1.000000;;,
      4;3; 1.000000, 1.000000, 1.000000;;,
      5;3; 1.000000, 1.000000, 1.000000;;,
      6;3; 1.000000, 1.000000, 1.000000;;,
      7;3; 1.000000, 1.000000, 1.000000;;,
      8;3; 1.000000, 1.000000, 1.000000;;,
      9;3; 1.000000, 1.000000, 1.000000;;,
      10;3; 1.000000, 1.000000, 1.000000;;,
      11;3; 1.000000, 1.000000, 1.000000;;,
      12;3; 1.000000, 1.000000, 1.000000;;,
      13;3; 1.000000, 1.000000, 1.000000;;,
      14;3; 1.000000, 1.000000, 1.000000;;,
      15;3; 1.000000, 1.000000, 1.000000;;,
      16;3; 1.000000, 1.000000, 1.000000;;,
      17;3; 1.000000, 1.000000, 1.000000;;,
      18;3; 1.000000, 1.000000, 1.000000;;,
      19;3; 1.000000, 1.000000, 1.000000;;,
      20;3; 1.000000, 1.000000, 1.000000;;,
      21;3; 1.000000, 1.000000, 1.000000;;,
      22;3; 1.000000, 1.000000, 1.000000;;,
      23;3; 1.000000, 1.000000, 1.000000;;,
      24;3; 1.000000, 1.000000, 1.000000;;,
      25;3; 1.000000, 1.000000, 1.000000;;;
    }
    AnimationKey { // Position
      2;
      26;
      0;3; 0.000000,43.452366, 0.076357;;,
      1;3; 0.000000,41.719723, 0.076356;;,
      2;3; 0.000000,37.907906, 0.076356;;,
      3;3; 0.000001,34.096088, 0.076356;;,
      4;3; 0.000001,32.363441, 0.076356;;,
      5;3; 0.000001,34.821960, 0.086827;;,
      6;3; 0.000007,40.230690, 0.109856;;,
      7;3;-0.000007,45.639435, 0.132900;;,
      8;3;-0.000010,48.097954, 0.143373;;,
      9;3;-0.000018,46.508263,-0.002882;;,
      10;3;-0.000009,42.997589,-0.324642;;,
      11;3; 0.000014,39.453575,-0.646402;;,
      12;3; 0.000015,37.763855,-0.792657;;,
      13;3;-0.000012,37.664951,-0.737567;;,
      14;3;-0.000013,37.620491,-0.595493;;,
      15;3; 0.000021,37.608692,-0.401231;;,
      16;3; 0.000002,37.607796,-0.189572;;,
      17;3; 0.000020,37.595989, 0.004686;;,
      18;3;-0.000006,37.551540, 0.146765;;,
      19;3; 0.000002,37.452641, 0.201851;;,
      20;3;-0.000000,33.752335, 0.192555;;,
      21;3; 0.000000,30.118729, 0.169314;;,
      22;3; 0.000001,32.202114, 0.139103;;,
      23;3; 0.000000,36.785545, 0.108891;;,
      24;3; 0.000000,41.368988, 0.085652;;,
      25;3; 0.000000,43.452366, 0.076357;;;
    }
  }
  Animation {
    {Armature_spine_01}
    AnimationKey { // Rotation
      0;
      26;
      0;4; 0.000000, 0.999942, 0.010728, 0.000000;;,
      1;4; 0.000000, 0.999843,-0.017736, 0.000000;;,
      2;4; 0.000000, 0.996749,-0.080566, 0.000000;;,
      3;4; 0.000000, 0.989606,-0.143803, 0.000000;;,
      4;4; 0.000000, 0.984732,-0.174078, 0.000000;;,
      5;4; 0.000000, 0.992349,-0.123465, 0.000000;;,
      6;4; 0.000000, 0.999974,-0.007226, 0.000000;;,
      7;4; 0.000000, 0.993915, 0.110152, 0.000000;;,
      8;4; 0.000000, 0.986467, 0.163962, 0.000000;;,
      9;4; 0.000000, 0.987905, 0.155063, 0.000000;;,
      10;4; 0.000000, 0.991005, 0.133827, 0.000000;;,
      11;4; 0.000000, 0.993684, 0.112218, 0.000000;;,
      12;4; 0.000000, 0.994751, 0.102321, 0.000000;;,
      13;4; 0.000000, 0.993352, 0.115119, 0.000000;;,
      14;4; 0.000000, 0.989501, 0.144524, 0.000000;;,
      15;4; 0.000000, 0.984196, 0.177081, 0.000000;;,
      16;4; 0.000000, 0.979890, 0.199539, 0.000000;;,
      17;4;-0.000000, 0.977940, 0.208887, 0.000000;;,
      18;4; 0.000000, 0.977120, 0.212689, 0.000000;;,
      19;4; 0.000000, 0.976895, 0.213721, 0.000000;;,
      20;4;-0.000000, 0.976669, 0.214749, 0.000000;;,
      21;4; 0.000000, 0.975812, 0.218610, 0.000000;;,
      22;4; 0.000000, 0.981848, 0.189671, 0.000000;;,
      23;4; 0.000000, 0.992999, 0.118125, 0.000000;;,
      24;4; 0.000000, 0.999008, 0.044539, 0.000000;;,
      25;4; 0.000000, 0.999942, 0.010728, 0.000000;;;
    }
    AnimationKey { // Scale
      1;
      26;
      0;3; 1.000001, 1.000000, 1.000000;;,
      1;3; 1.000002, 1.000000, 1.000000;;,
      2;3; 1.000001, 1.000000, 1.000000;;,
      3;3; 1.000001, 1.000001, 1.000000;;,
      4;3; 1.000001, 1.000001, 1.000000;;,
      5;3; 1.000001, 1.000000, 1.000000;;,
      6;3; 1.000002, 1.000000, 1.000000;;,
      7;3; 1.000002, 1.000000, 1.000000;;,
      8;3; 1.000002, 1.000000, 1.000000;;,
      9;3; 1.000002, 1.000000, 1.000000;;,
      10;3; 1.000002, 1.000000, 1.000000;;,
      11;3; 1.000002, 1.000000, 1.000000;;,
      12;3; 1.000002, 1.000000, 1.000000;;,
      13;3; 1.000002, 1.000000, 1.000000;;,
      14;3; 1.000002, 1.000000, 1.000000;;,
      15;3; 1.000002, 1.000000, 1.000000;;,
      16;3; 1.000002, 1.000000, 1.000000;;,
      17;3; 1.000002, 1.000000, 1.000000;;,
      18;3; 1.000002, 1.000000, 1.000000;;,
      19;3; 1.000002, 1.000000, 1.000000;;,
      20;3; 1.000002, 1.000000, 1.000000;;,
      21;3; 1.000001, 1.000000, 1.000000;;,
      22;3; 1.000002, 1.000000, 1.000000;;,
      23;3; 1.000002, 1.000000, 1.000000;;,
      24;3; 1.000002, 1.000000, 1.000000;;,
      25;3; 1.000001, 1.000000, 1.000000;;;
    }
    AnimationKey { // Position
      2;
      26;
      0;3;14.028807, 0.619729,-0.000001;;,
      1;3;14.028803, 0.619728,-0.000001;;,
      2;3;14.028805, 0.619729,-0.000001;;,
      3;3;14.028805, 0.619729,-0.000001;;,
      4;3;14.028804, 0.619729,-0.000001;;,
      5;3;14.028809, 0.619729,-0.000000;;,
      6;3;14.028807, 0.619730,-0.000003;;,
      7;3;14.028801, 0.619731,-0.000013;;,
      8;3;14.028799, 0.619729,-0.000011;;,
      9;3;14.028809, 0.619728,-0.000019;;,
      10;3;14.028802, 0.619727,-0.000009;;,
      11;3;14.028799, 0.619726,-0.000008;;,
      12;3;14.028804, 0.619729, 0.000007;;,
      13;3;14.028801, 0.619730,-0.000015;;,
      14;3;14.028800, 0.619727,-0.000010;;,
      15;3;14.028800, 0.619725,-0.000007;;,
      16;3;14.028808, 0.619730,-0.000018;;,
      17;3;14.028790, 0.619725,-0.000013;;,
      18;3;14.028799, 0.619722,-0.000013;;,
      19;3;14.028813, 0.619734,-0.000000;;,
      20;3;14.028803, 0.619729,-0.000000;;,
      21;3;14.028804, 0.619727,-0.000000;;,
      22;3;14.028804, 0.619732,-0.000000;;,
      23;3;14.028801, 0.619729,-0.000001;;,
      24;3;14.028806, 0.619728,-0.000001;;,
      25;3;14.028807, 0.619729,-0.000001;;;
    }
  }
  Animation {
    {Armature_spine_02}
    AnimationKey { // Rotation
      0;
      26;
      0;4;-0.686678, 0.000000,-0.000000,-0.726961;;,
      1;4;-0.690858, 0.000000,-0.000000,-0.722990;;,
      2;4;-0.700442, 0.000000,-0.000000,-0.713709;;,
      3;4;-0.711059, 0.000000,-0.000000,-0.703132;;,
      4;4;-0.718540, 0.000000,-0.000000,-0.695486;;,
      5;4;-0.722370, 0.000000,-0.000000,-0.691506;;,
      6;4;-0.724689, 0.000000,-0.000000,-0.689076;;,
      7;4;-0.725454, 0.000000,-0.000000,-0.688271;;,
      8;4;-0.724611, 0.000000,-0.000000,-0.689159;;,
      9;4;-0.705366, 0.000000,-0.000000,-0.708843;;,
      10;4;-0.663526, 0.000000,-0.000000,-0.748153;;,
      11;4;-0.619974, 0.000000,-0.000000,-0.784623;;,
      12;4;-0.599595, 0.000000,-0.000000,-0.800303;;,
      13;4;-0.603344, 0.000000,-0.000000,-0.797481;;,
      14;4;-0.613325, 0.000000,-0.000000,-0.789830;;,
      15;4;-0.627604, 0.000000,-0.000000,-0.778533;;,
      16;4;-0.644262,-0.000000,-0.000000,-0.764805;;,
      17;4;-0.661464, 0.000000,-0.000000,-0.749977;;,
      18;4;-0.677498, 0.000000,-0.000000,-0.735525;;,
      19;4;-0.690777, 0.000000,-0.000000,-0.723068;;,
      20;4;-0.699815, 0.000000,-0.000000,-0.714324;;,
      21;4;-0.703160, 0.000000,-0.000000,-0.711032;;,
      22;4;-0.700609, 0.000000,-0.000000,-0.713546;;,
      23;4;-0.694965, 0.000000,-0.000000,-0.719044;;,
      24;4;-0.689278, 0.000000,-0.000000,-0.724497;;,
      25;4;-0.686678, 0.000000,-0.000000,-0.726961;;;
    }
    AnimationKey { // Scale
      1;
      26;
      0;3; 1.000000, 1.000000, 1.000000;;,
      1;3; 1.000000, 1.000000, 1.000000;;,
      2;3; 1.000000, 1.000000, 1.000000;;,
      3;3; 1.000000, 1.000000, 1.000000;;,
      4;3; 1.000000, 1.000000, 1.000000;;,
      5;3; 1.000000, 1.000000, 1.000000;;,
      6;3; 1.000000, 1.000000, 1.000000;;,
      7;3; 1.000000, 1.000000, 1.000000;;,
      8;3; 1.000000, 1.000000, 1.000000;;,
