xof 0303txt 0032

Frame Root {
  FrameTransformMatrix {
     1.000000, 0.000000, 0.000000, 0.000000,
     0.000000,-0.000000,-1.000000, 0.000000,
     0.000000, 1.000000,-0.000000, 0.000000,
     0.000000, 0.000000, 0.000000, 1.000000;;
  }
  Frame Armature {
    FrameTransformMatrix {
       0.010000, 0.000000, 0.000000, 0.000000,
       0.000000, 0.010000, 0.000000, 0.000000,
       0.000000, 0.000000, 0.010000, 0.000000,
       0.000000, 0.000000, 0.000000, 1.000000;;
    }
    Frame Armature_root {
      FrameTransformMatrix {
         0.996018,-0.089155,-0.000000, 0.000000,
         0.089155, 0.996018,-0.000000, 0.000000,
         0.000000, 0.000000, 1.000000, 0.000000,
         0.000000, 0.000000,37.746868, 1.000000;;
      }
      Frame Armature_pelvis {
        FrameTransformMatrix {
          -0.000000, 0.984825, 0.173548, 0.000000,
           0.000000, 0.173548,-0.984825, 0.000000,
          -1.000000,-0.000000, 0.000000, 0.000000,
          -0.000000,43.452366, 0.076353, 1.000000;;
        }
        Frame Armature_spine_01 {
          FrameTransformMatrix {
             0.990667, 0.136318, 0.000000, 0.000000,
             0.136318,-0.990665,-0.000000, 0.000000,
             0.000000, 0.000000,-1.000000, 0.000000,
            14.028800, 0.619726,-0.000001, 1.000000;;
          }
          Frame Armature_FrontBelly {
            FrameTransformMatrix {
              -0.000000,-0.000000, 1.000000, 0.000000,
               0.044573, 0.999006, 0.000000, 0.000000,
              -0.999006, 0.044573,-0.000000, 0.000000,
              -0.679256,29.642370, 0.000000, 1.000000;;
            }
          } // End of Armature_FrontBelly
          Frame Armature_spine_02 {
            FrameTransformMatrix {
              -0.056945,-0.998378, 0.000000, 0.000000,
               0.998377,-0.056946, 0.000000, 0.000000,
              -0.000000, 0.000000, 1.000000, 0.000000,
              15.357304, 0.000012, 0.000001, 1.000000;;
            }
            Frame Armature_spine_03 {
              FrameTransformMatrix {
                 0.948423,-0.317006,-0.000000, 0.000000,
                 0.317006, 0.948423,-0.000000, 0.000000,
                 0.000000, 0.000000, 1.000000, 0.000000,
                -0.000001,14.891380,-0.000000, 1.000000;;
              }
              Frame Armature_clavicle_l {
                FrameTransformMatrix {
                   0.949237, 0.256066, 0.182698, 0.000000,
                  -0.164414,-0.091268, 0.982160, 0.000000,
                   0.268172,-0.962341,-0.044535, 0.000000,
                   3.006549, 6.351171,20.842352, 1.000000;;
                }
                Frame Armature_upperarm_l {
                  FrameTransformMatrix {
                     0.348772,-0.844627,-0.406156, 0.000000,
                     0.932259, 0.357134, 0.057862, 0.000000,
                     0.096180,-0.398823, 0.911970, 0.000000,
                    -0.000002,15.415951,-0.000002, 1.000000;;
                  }
                  Frame Armature_lowerarm_l {
                    FrameTransformMatrix {
                       0.385735, 0.922609, 0.000000, 0.000000,
                      -0.922609, 0.385735, 0.000000, 0.000000,
                      -0.000000,-0.000000, 1.000000, 0.000000,
                       0.000003,35.891956,-0.000004, 1.000000;;
                    }
                    Frame Armature_hand_l {
                      FrameTransformMatrix {
                         0.039795,-0.168210, 0.984948, 0.000000,
                        -0.038234, 0.984750, 0.169721, 0.000000,
                        -0.998476,-0.044412, 0.032757, 0.000000,
                        -0.000000,40.930389,-0.000004, 1.000000;;
                      }
                      Frame Armature_LowerJaw_l {
                        FrameTransformMatrix {
                           0.003665, 0.003570,-0.999987, 0.000000,
                           0.002667, 0.999990, 0.003579, 0.000000,
                           0.999990,-0.002681, 0.003656, 0.000000,
                          14.700440,27.837105, 0.056984, 1.000000;;
                        }
                      } // End of Armature_LowerJaw_l
                      Frame Armature_drill_l {
                        FrameTransformMatrix {
                           0.003665, 0.003570,-0.999987, 0.000000,
                           0.002667, 0.999990, 0.003579, 0.000000,
                           0.999990,-0.002681, 0.003656, 0.000000,
                          -0.944935,11.008294,-0.060430, 1.000000;;
                        }
                      } // End of Armature_drill_l
                      Frame Armature_saw_l {
                        FrameTransformMatrix {
                           0.003665, 0.003570,-0.999987, 0.000000,
                           0.002667, 0.999990, 0.003579, 0.000000,
                           0.999990,-0.002681, 0.003656, 0.000000,
                          -0.224302,13.957767,-0.047289, 1.000000;;
                        }
                      } // End of Armature_saw_l
                      Frame Armature_upperJaw_l {
                        FrameTransformMatrix {
                           0.003665, 0.003570,-0.999987, 0.000000,
                           0.002667, 0.999990, 0.003579, 0.000000,
                           0.999990,-0.002681, 0.003656, 0.000000,
                          -13.323105,24.131815,-0.058949, 1.000000;;
                        }
                      } // End of Armature_upperJaw_l
                    } // End of Armature_hand_l
                  } // End of Armature_lowerarm_l
                } // End of Armature_upperarm_l
              } // End of Armature_clavicle_l
              Frame Armature_clavicle_r {
                FrameTransformMatrix {
                  -0.949238,-0.256066, 0.182697, 0.000000,
                  -0.164413,-0.091268,-0.982160, 0.000000,
                   0.268172,-0.962341, 0.044535, 0.000000,
                   3.006558, 6.351146,-20.842400, 1.000000;;
                }
                Frame Armature_upperarm_r {
                  FrameTransformMatrix {
                    -0.098455,-0.209764,-0.972782, 0.000000,
                    -0.490412, 0.860816,-0.135986, 0.000000,
                     0.865911, 0.463676,-0.187622, 0.000000,
                     0.000005,15.415915,-0.000006, 1.000000;;
                  }
                  Frame Armature_lowerarm_r {
                    FrameTransformMatrix {
                       0.154235,-0.988034, 0.000000, 0.000000,
                       0.988034, 0.154235,-0.000000, 0.000000,
                       0.000000, 0.000000, 1.000000, 0.000000,
                      -0.000016,35.891922,-0.000002, 1.000000;;
                    }
                    Frame Armature_hand_r {
                      FrameTransformMatrix {
                        -0.176385, 0.232260,-0.956527, 0.000000,
                         0.270387, 0.945814, 0.179799, 0.000000,
                         0.946456,-0.226918,-0.229628, 0.000000,
                         0.000000,40.930737,-0.000005, 1.000000;;
                      }
                      Frame Armature_LowerJaw_r {
                        FrameTransformMatrix {
                           0.003665,-0.003570, 0.999987, 0.000000,
                          -0.002667, 0.999990, 0.003579, 0.000000,
                          -0.999990,-0.002680, 0.003656, 0.000000,
                          -14.700432,27.836872, 0.056986, 1.000000;;
                        }
                      } // End of Armature_LowerJaw_r
                      Frame Armature_drill_r {
                        FrameTransformMatrix {
                           0.003665,-0.003570, 0.999987, 0.000000,
                          -0.002667, 0.999990, 0.003579, 0.000000,
                          -0.999990,-0.002680, 0.003656, 0.000000,
                           0.944881,11.007827,-0.060421, 1.000000;;
                        }
                      } // End of Armature_drill_r
                      Frame Armature_saw_r {
                        FrameTransformMatrix {
                           0.003665,-0.003570, 0.999987, 0.000000,
                          -0.002667, 0.999990, 0.003579, 0.000000,
                          -0.999990,-0.002680, 0.003656, 0.000000,
                           0.224215,13.957909,-0.047287, 1.000000;;
                        }
                      } // End of Armature_saw_r
                      Frame Armature_upperJaw_r {
                        FrameTransformMatrix {
                           0.003665,-0.003570, 0.999987, 0.000000,
                          -0.002667, 0.999990, 0.003579, 0.000000,
                          -0.999990,-0.002680, 0.003656, 0.000000,
                          13.323223,24.130985,-0.058943, 1.000000;;
                        }
                      } // End of Armature_upperJaw_r
                    } // End of Armature_hand_r
                  } // End of Armature_lowerarm_r
                } // End of Armature_upperarm_r
              } // End of Armature_clavicle_r
              Frame Armature_neck_01 {
                FrameTransformMatrix {
                   0.908566, 0.008369,-0.417657, 0.000000,
                   0.016740, 0.998267, 0.056417, 0.000000,
                   0.417406,-0.058250, 0.906851, 0.000000,
                   0.000001,20.905073, 0.000000, 1.000000;;
                }
                Frame Armature_head {
                  FrameTransformMatrix {
                     0.991000,-0.133865,-0.000000, 0.000000,
                     0.133865, 0.991000, 0.000000, 0.000000,
                     0.000000, 0.000000, 1.000000, 0.000000,
                     0.000000,30.618111, 0.000003, 1.000000;;
                  }
                  Frame Armature_Jaw {
                    FrameTransformMatrix {
                       1.000000, 0.000000, 0.000000, 0.000000,
                      -0.000000,-0.000000, 1.000000, 0.000000,
                       0.000000,-1.000000, 0.000000, 0.000000,
                       2.083530,-16.025864, 0.000001, 1.000000;;
                    }
                  } // End of Armature_Jaw
                  Frame Armature_face {
                    FrameTransformMatrix {
                      -0.172927, 0.984935,-0.000000, 0.000000,
                      -0.984935,-0.172927,-0.000000, 0.000000,
                       0.000000, 0.000000, 1.000000, 0.000000,
                      -11.381902,-11.468974,-0.000001, 1.000000;;
                    }
                    Frame Armature_mouth {
                      FrameTransformMatrix {
                        -0.172927,-0.984935, 0.000000, 0.000000,
                        -0.000000, 0.000000, 1.000000, 0.000000,
                        -0.984934, 0.172928, 0.000000, 0.000000,
                        -0.609458,10.399991,-0.000002, 1.000000;;
                      }
                    } // End of Armature_mouth
                  } // End of Armature_face
                  Frame Armature_hat_01 {
                    FrameTransformMatrix {
                       0.999920,-0.012625,-0.000000, 0.000000,
                       0.012625, 0.999920, 0.000000, 0.000000,
                       0.000000,-0.000000, 1.000000, 0.000000,
                       0.497997,18.918224,-0.000001, 1.000000;;
                    }
                    Frame Armature_hat_02 {
                      FrameTransformMatrix {
                         0.999920, 0.012625, 0.000000, 0.000000,
                        -0.000000,-0.000000, 1.000000, 0.000000,
                         0.012625,-0.999920,-0.000000, 0.000000,
                        -0.860975,68.190132, 0.000006, 1.000000;;
                      }
                    } // End of Armature_hat_02
                  } // End of Armature_hat_01
                  Frame Armature_hornA_01_l {
                    FrameTransformMatrix {
                       0.999912, 0.012123, 0.005449, 0.000000,
                      -0.013291, 0.912013, 0.409946, 0.000000,
                      -0.000000,-0.409982, 0.912094, 0.000000,
                       0.498000,12.041770, 8.191210, 1.000000;;
                    }
                    Frame Armature_hornA_02_l {
                      FrameTransformMatrix {
                         1.000000, 0.000000, 0.000000, 0.000000,
                        -0.000000, 0.409981, 0.912094, 0.000000,
                         0.000000,-0.912094, 0.409982, 0.000000,
                        -0.000011,67.569511,-0.000008, 1.000000;;
                      }
                    } // End of Armature_hornA_02_l
                  } // End of Armature_hornA_01_l
                  Frame Armature_hornA_01_r {
                    FrameTransformMatrix {
                      -0.999912,-0.012123, 0.005449, 0.000000,
                      -0.013291, 0.912013,-0.409946, 0.000000,
                       0.000000,-0.409982,-0.912094, 0.000000,
                       0.497999,12.041629,-8.191212, 1.000000;;
                    }
                    Frame Armature_hornA_02_r {
                      FrameTransformMatrix {
                         1.000000,-0.000000,-0.000000, 0.000000,
                         0.000000, 0.409982, 0.912094, 0.000000,
                        -0.000000,-0.912094, 0.409982, 0.000000,
                         0.000003,67.569183, 0.000114, 1.000000;;
                      }
                    } // End of Armature_hornA_02_r
                  } // End of Armature_hornA_01_r
                  Frame Armature_hornB_01_l {
                    FrameTransformMatrix {
                       0.995309, 0.096750, 0.000000, 0.000000,
                      -0.064149, 0.659924, 0.748589, 0.000000,
                       0.072426,-0.745077, 0.663035, 0.000000,
                       0.497999, 1.614527,20.797298, 1.000000;;
                    }
                    Frame Armature_hornB_02_l {
                      FrameTransformMatrix {
                         1.000000,-0.000000,-0.000000, 0.000000,
                        -0.000000, 0.622114,-0.782926, 0.000000,
                         0.000000, 0.782926, 0.622114, 0.000000,
                        -0.000002,21.829380, 0.000003, 1.000000;;
                      }
                      Frame Armature_hornB_03_l {
                        FrameTransformMatrix {
                           1.000000,-0.000000,-0.000000, 0.000000,
                           0.000000,-0.053400, 0.998573, 0.000000,
                          -0.000000,-0.998573,-0.053400, 0.000000,
                          -0.000003,29.144497, 0.000002, 1.000000;;
                        }
                      } // End of Armature_hornB_03_l
                    } // End of Armature_hornB_02_l
                  } // End of Armature_hornB_01_l
                  Frame Armature_hornB_01_r {
                    FrameTransformMatrix {
                      -0.995309,-0.096750, 0.000000, 0.000000,
                      -0.064149, 0.659924,-0.748589, 0.000000,
                       0.072426,-0.745077,-0.663035, 0.000000,
                       0.497996, 1.614654,-20.797302, 1.000000;;
                    }
                    Frame Armature_hornB_02_r {
                      FrameTransformMatrix {
                         1.000000,-0.000000, 0.000000, 0.000000,
                         0.000000, 0.622114,-0.782927, 0.000000,
                        -0.000000, 0.782927, 0.622114, 0.000000,
                        -0.000031,21.829533,-0.000192, 1.000000;;
                      }
                      Frame Armature_hornB_03_r {
                        FrameTransformMatrix {
                           1.000000, 0.000000, 0.000000, 0.000000,
                          -0.000000,-0.053400, 0.998573, 0.000000,
                           0.000000,-0.998573,-0.053400, 0.000000,
                           0.000039,29.144058,-0.000014, 1.000000;;
                        }
                      } // End of Armature_hornB_03_r
                    } // End of Armature_hornB_02_r
                  } // End of Armature_hornB_01_r
                  Frame Armature_hornC_01_l {
                    FrameTransformMatrix {
                       1.000000, 0.000000,-0.000000, 0.000000,
                      -0.000000, 0.550659, 0.834730, 0.000000,
                      -0.000000,-0.834730, 0.550659, 0.000000,
                       0.497995,-6.945149,23.598654, 1.000000;;
                    }
                    Frame Armature_hornC_02_l {
                      FrameTransformMatrix {
                         1.000000, 0.000000, 0.000000, 0.000000,
                        -0.000000, 0.834730, 0.550659, 0.000000,
                        -0.000000,-0.550659, 0.834730, 0.000000,
                         0.000003,35.610878,-0.000008, 1.000000;;
                      }
                    } // End of Armature_hornC_02_l
                  } // End of Armature_hornC_01_l
                  Frame Armature_hornC_01_r {
                    FrameTransformMatrix {
                      -1.000000, 0.000000, 0.000000, 0.000000,
                       0.000000, 0.550659,-0.834730, 0.000000,
                      -0.000000,-0.834730,-0.550659, 0.000000,
                       0.498000,-6.945343,-23.598598, 1.000000;;
                    }
                    Frame Armature_hornC_02_r {
                      FrameTransformMatrix {
                         1.000000, 0.000000, 0.000000, 0.000000,
                        -0.000000, 0.834730, 0.550659, 0.000000,
                        -0.000000,-0.550659, 0.834730, 0.000000,
                         0.000001,35.611195,-0.000425, 1.000000;;
                      }
                    } // End of Armature_hornC_02_r
                  } // End of Armature_hornC_01_r
                } // End of Armature_head
              } // End of Armature_neck_01
            } // End of Armature_spine_03
          } // End of Armature_spine_02
        } // End of Armature_spine_01
        Frame Armature_tail_01 {
          FrameTransformMatrix {
            -0.147992, 0.988989,-0.000000, 0.000000,
            -0.988989,-0.147992, 0.000000, 0.000000,
             0.000000, 0.000000, 1.000000, 0.000000,
             6.170573,24.843485,-0.000001, 1.000000;;
          }
          Frame Armature_tail_02 {
            FrameTransformMatrix {
               0.999277,-0.038000, 0.000000, 0.000000,
               0.036335, 0.955497,-0.292755, 0.000000,
               0.011125, 0.292544, 0.956187, 0.000000,
               0.000000,28.033707, 0.000000, 1.000000;;
            }
            Frame Armature_tail_03 {
              FrameTransformMatrix {
                 0.998859,-0.047760,-0.000000, 0.000000,
                 0.045668, 0.955096,-0.292755, 0.000000,
                 0.013982, 0.292421, 0.956187, 0.000000,
                 0.000002,30.899004,-0.000000, 1.000000;;
              }
              Frame Armature_tail_04 {
                FrameTransformMatrix {
                   0.999897, 0.014377, 0.000000, 0.000000,
                  -0.013747, 0.956089,-0.292755, 0.000000,
                  -0.004209, 0.292725, 0.956187, 0.000000,
                   1.136211,30.677704, 0.000000, 1.000000;;
                }
              } // End of Armature_tail_04
            } // End of Armature_tail_03
          } // End of Armature_tail_02
        } // End of Armature_tail_01
        Frame Armature_thigh_l {
          FrameTransformMatrix {
             0.212429, 0.938908, 0.270788, 0.000000,
            -0.924534, 0.282841,-0.255418, 0.000000,
            -0.316404,-0.196095, 0.928135, 0.000000,
            -2.265745,-0.180674,-17.085045, 1.000000;;
          }
          Frame Armature_calf_l {
            FrameTransformMatrix {
               0.802288,-0.590791,-0.085441, 0.000000,
               0.584873, 0.806610,-0.085456, 0.000000,
               0.119404, 0.018589, 0.992671, 0.000000,
              -1.092360,25.370680, 0.163615, 1.000000;;
            }
            Frame Armature_foot_l {
              FrameTransformMatrix {
                -0.716176,-0.697565, 0.022248, 0.000000,
                -0.651332, 0.679482, 0.337744, 0.000000,
                -0.250715, 0.227394,-0.940975, 0.000000,
                 1.794422,15.340362,-0.114340, 1.000000;;
              }
              Frame Armature_ball_l {
                FrameTransformMatrix {
                   0.000000, 1.000000,-0.000000, 0.000000,
                  -0.998608,-0.000000,-0.052741, 0.000000,
                  -0.052741, 0.000000, 0.998608, 0.000000,
                  -1.865967, 8.321957,-0.107340, 1.000000;;
                }
              } // End of Armature_ball_l
            } // End of Armature_foot_l
          } // End of Armature_calf_l
        } // End of Armature_thigh_l
        Frame Armature_thigh_r {
          FrameTransformMatrix {
            -0.191046,-0.929055, 0.316794, 0.000000,
            -0.913083, 0.286653, 0.290017, 0.000000,
            -0.360252,-0.233853,-0.903068, 0.000000,
            -2.265775,-0.180682,17.085001, 1.000000;;
          }
          Frame Armature_calf_r {
            FrameTransformMatrix {
               0.893133, 0.439526, 0.095555, 0.000000,
              -0.435327, 0.898121,-0.062194, 0.000000,
              -0.113156, 0.013949, 0.993479, 0.000000,
               1.092373,25.370682, 0.163543, 1.000000;;
            }
            Frame Armature_foot_r {
              FrameTransformMatrix {
                -0.938693, 0.286574,-0.191655, 0.000000,
                 0.208435, 0.914556, 0.346617, 0.000000,
                 0.274610, 0.285419,-0.918218, 0.000000,
                -1.794427,15.340334,-0.114320, 1.000000;;
              }
              Frame Armature_ball_r {
                FrameTransformMatrix {
                  -0.000000,-1.000000,-0.000000, 0.000000,
                   0.998608,-0.000000,-0.052741, 0.000000,
                   0.052741,-0.000000, 0.998608, 0.000000,
                   1.865963, 8.321959,-0.107361, 1.000000;;
                }
              } // End of Armature_ball_r
            } // End of Armature_foot_r
          } // End of Armature_calf_r
        } // End of Armature_thigh_r
      } // End of Armature_pelvis
    } // End of Armature_root
    Frame MainBody01 {
      FrameTransformMatrix {
         1.000000, 0.000000,-0.000000, 0.000000,
         0.000000, 1.000000, 0.000000, 0.000000,
        -0.000000, 0.000000, 1.000000, 0.000000,
         0.000000,-0.000000,-0.000000, 1.000000;;
      }
    } // End of MainBody01
  } // End of Armature
} // End of Root
AnimationSet Global {
  Animation {
    {Armature}
    AnimationKey { // Rotation
      0;
      27;
      0;4;-1.000000, 0.000000, 0.000000, 0.000000;;,
      1;4;-1.000000, 0.000000, 0.000000, 0.000000;;,
      2;4;-1.000000, 0.000000, 0.000000, 0.000000;;,
      3;4;-1.000000, 0.000000, 0.000000, 0.000000;;,
      4;4;-1.000000, 0.000000, 0.000000, 0.000000;;,
      5;4;-1.000000, 0.000000, 0.000000, 0.000000;;,
      6;4;-1.000000, 0.000000, 0.000000, 0.000000;;,
      7;4;-1.000000, 0.000000, 0.000000, 0.000000;;,
      8;4;-1.000000, 0.000000, 0.000000, 0.000000;;,
      9;4;-1.000000, 0.000000, 0.000000, 0.000000;;,
      10;4;-1.000000, 0.000000, 0.000000, 0.000000;;,
      11;4;-1.000000, 0.000000, 0.000000, 0.000000;;,
      12;4;-1.000000, 0.000000, 0.000000, 0.000000;;,
      13;4;-1.000000, 0.000000, 0.000000, 0.000000;;,
      14;4;-1.000000, 0.000000, 0.000000, 0.000000;;,
      15;4;-1.000000, 0.000000, 0.000000, 0.000000;;,
      16;4;-1.000000, 0.000000, 0.000000, 0.000000;;,
      17;4;-1.000000, 0.000000, 0.000000, 0.000000;;,
      18;4;-1.000000, 0.000000, 0.000000, 0.000000;;,
      19;4;-1.000000, 0.000000, 0.000000, 0.000000;;,
      20;4;-1.000000, 0.000000, 0.000000, 0.000000;;,
      21;4;-1.000000, 0.000000, 0.000000, 0.000000;;,
      22;4;-1.000000, 0.000000, 0.000000, 0.000000;;,
      23;4;-1.000000, 0.000000, 0.000000, 0.000000;;,
      24;4;-1.000000, 0.000000, 0.000000, 0.000000;;,
      25;4;-1.000000, 0.000000, 0.000000, 0.000000;;,
      26;4;-1.000000, 0.000000, 0.000000, 0.000000;;;
    }
    AnimationKey { // Scale
      1;
      27;
      0;3; 0.010000, 0.010000, 0.010000;;,
      1;3; 0.010000, 0.010000, 0.010000;;,
      2;3; 0.010000, 0.010000, 0.010000;;,
      3;3; 0.010000, 0.010000, 0.010000;;,
      4;3; 0.010000, 0.010000, 0.010000;;,
      5;3; 0.010000, 0.010000, 0.010000;;,
      6;3; 0.010000, 0.010000, 0.010000;;,
      7;3; 0.010000, 0.010000, 0.010000;;,
      8;3; 0.010000, 0.010000, 0.010000;;,
      9;3; 0.010000, 0.010000, 0.010000;;,
      10;3; 0.010000, 0.010000, 0.010000;;,
      11;3; 0.010000, 0.010000, 0.010000;;,
      12;3; 0.010000, 0.010000, 0.010000;;,
      13;3; 0.010000, 0.010000, 0.010000;;,
      14;3; 0.010000, 0.010000, 0.010000;;,
      15;3; 0.010000, 0.010000, 0.010000;;,
      16;3; 0.010000, 0.010000, 0.010000;;,
      17;3; 0.010000, 0.010000, 0.010000;;,
      18;3; 0.010000, 0.010000, 0.010000;;,
      19;3; 0.010000, 0.010000, 0.010000;;,
      20;3; 0.010000, 0.010000, 0.010000;;,
      21;3; 0.010000, 0.010000, 0.010000;;,
      22;3; 0.010000, 0.010000, 0.010000;;,
      23;3; 0.010000, 0.010000, 0.010000;;,
      24;3; 0.010000, 0.010000, 0.010000;;,
      25;3; 0.010000, 0.010000, 0.010000;;,
      26;3; 0.010000, 0.010000, 0.010000;;;
    }
    AnimationKey { // Position
      2;
      27;
      0;3; 0.000000, 0.000000, 0.000000;;,
      1;3; 0.000000, 0.000000, 0.000000;;,
      2;3; 0.000000, 0.000000, 0.000000;;,
      3;3; 0.000000, 0.000000, 0.000000;;,
      4;3; 0.000000, 0.000000, 0.000000;;,
      5;3; 0.000000, 0.000000, 0.000000;;,
      6;3; 0.000000, 0.000000, 0.000000;;,
      7;3; 0.000000, 0.000000, 0.000000;;,
      8;3; 0.000000, 0.000000, 0.000000;;,
      9;3; 0.000000, 0.000000, 0.000000;;,
      10;3; 0.000000, 0.000000, 0.000000;;,
      11;3; 0.000000, 0.000000, 0.000000;;,
      12;3; 0.000000, 0.000000, 0.000000;;,
      13;3; 0.000000, 0.000000, 0.000000;;,
      14;3; 0.000000, 0.000000, 0.000000;;,
      15;3; 0.000000, 0.000000, 0.000000;;,
      16;3; 0.000000, 0.000000, 0.000000;;,
      17;3; 0.000000, 0.000000, 0.000000;;,
      18;3; 0.000000, 0.000000, 0.000000;;,
      19;3; 0.000000, 0.000000, 0.000000;;,
      20;3; 0.000000, 0.000000, 0.000000;;,
      21;3; 0.000000, 0.000000, 0.000000;;,
      22;3; 0.000000, 0.000000, 0.000000;;,
      23;3; 0.000000, 0.000000, 0.000000;;,
      24;3; 0.000000, 0.000000, 0.000000;;,
      25;3; 0.000000, 0.000000, 0.000000;;,
      26;3; 0.000000, 0.000000, 0.000000;;;
    }
  }
  Animation {
    {Armature_root}
    AnimationKey { // Rotation
      0;
      27;
      0;4;-0.999004,-0.000000, 0.000000,-0.044622;;,
      1;4;-0.999004,-0.000000, 0.000000,-0.044622;;,
      2;4;-0.999004,-0.000000, 0.000000,-0.044622;;,
      3;4;-0.999004,-0.000000, 0.000000,-0.044622;;,
      4;4;-0.999004,-0.000000, 0.000000,-0.044622;;,
      5;4;-0.999004,-0.000000, 0.000000,-0.044622;;,
      6;4;-0.980651, 0.190086,-0.008909,-0.045960;;,
      7;4;-0.937707, 0.343407,-0.018121,-0.049480;;,
      8;4;-0.884749, 0.462031,-0.028330,-0.054250;;,
      9;4;-0.831815, 0.550457,-0.039337,-0.059444;;,
      10;4;-0.785172, 0.613841,-0.050430,-0.064506;;,
      11;4;-0.748229, 0.657038,-0.060667,-0.069088;;,
      12;4;-0.722362, 0.684184,-0.069058,-0.072912;;,
      13;4;-0.707565, 0.698610,-0.074671,-0.075628;;,
      14;4;-0.702935, 0.702935,-0.076695,-0.076695;;,
      15;4;-0.703159, 0.703159,-0.074618,-0.074618;;,
      16;4;-0.703713, 0.703713,-0.069198,-0.069198;;,
      17;4;-0.704414, 0.704414,-0.061647,-0.061647;;,
      18;4;-0.705104, 0.705104,-0.053183,-0.053183;;,
      19;4;-0.705846, 0.705846,-0.042207,-0.042207;;,
      20;4;-0.706539, 0.706539,-0.028340,-0.028340;;,
      21;4;-0.706955, 0.706955,-0.014639,-0.014639;;,
      22;4;-0.707094, 0.707094,-0.004170,-0.004170;;,
      23;4;-0.707107, 0.707107, 0.000000, 0.000000;;,
      24;4;-0.707107, 0.707107, 0.000000, 0.000000;;,
      25;4;-0.707107, 0.707107, 0.000000, 0.000000;;,
      26;4;-0.707107, 0.707107, 0.000000, 0.000000;;;
    }
    AnimationKey { // Scale
      1;
      27;
      0;3; 1.000000, 1.000000, 1.000000;;,
      1;3; 1.000000, 1.000000, 1.000000;;,
      2;3; 1.000000, 1.000000, 1.000000;;,
      3;3; 1.000000, 1.000000, 1.000000;;,
      4;3; 1.000000, 1.000000, 1.000000;;,
      5;3; 1.000000, 1.000000, 1.000000;;,
      6;3; 1.000000, 1.000000, 1.000000;;,
      7;3; 1.000000, 1.000000, 1.000000;;,
      8;3; 1.000000, 1.000000, 1.000000;;,
      9;3; 1.000000, 1.000000, 1.000000;;,
      10;3; 1.000000, 1.000000, 1.000000;;,
      11;3; 1.000000, 1.000000, 1.000000;;,
      12;3; 1.000000, 1.000000, 1.000000;;,
      13;3; 1.000000, 1.000000, 1.000000;;,
      14;3; 1.000000, 1.000000, 1.000000;;,
      15;3; 1.000000, 1.000000, 1.000000;;,
      16;3; 1.000000, 1.000000, 1.000000;;,
      17;3; 1.000000, 1.000000, 1.000000;;,
      18;3; 1.000000, 1.000000, 1.000000;;,
      19;3; 1.000000, 1.000000, 1.000000;;,
      20;3; 1.000000, 1.000000, 1.000000;;,
      21;3; 1.000000, 1.000000, 1.000000;;,
      22;3; 1.000000, 1.000000, 1.000000;;,
      23;3; 1.000000, 1.000000, 1.000000;;,
      24;3; 1.000000, 1.000000, 1.000000;;,
      25;3; 1.000000, 1.000000, 1.000000;;,
      26;3; 1.000000, 1.000000, 1.000000;;;
    }
    AnimationKey { // Position
      2;
      27;
      0;3; 0.000000, 0.000000,37.746868;;,
      1;3; 0.000000, 0.000000,37.746868;;,
      2;3; 0.000000, 0.000000,37.746868;;,
      3;3; 0.000000, 0.000000,37.746868;;,
      4;3; 0.000000, 0.000000,37.746868;;,
      5;3; 0.000000, 0.000000,37.746868;;,
      6;3; 0.000000, 0.393142,36.452396;;,
      7;3; 0.000000, 1.429609,32.983204;;,
      8;3; 0.000000, 2.894958,27.960642;;,
      9;3; 0.000000, 4.574748,22.006060;;,
      10;3; 0.000000, 6.254538,15.740806;;,
      11;3; 0.000000, 7.719887, 9.786224;;,
      12;3; 0.000000, 8.756353, 4.763665;;,
      13;3; 0.000000, 9.149495, 1.294474;;,
      14;3; 0.000000, 8.940798, 0.000000;;,
      15;3; 0.000000, 8.390167, 0.000000;;,
      16;3; 0.000000, 7.610798, 0.000000;;,
      17;3; 0.000000, 6.715889, 0.000000;;,
      18;3; 0.000000, 5.583033, 0.000000;;,
      19;3; 0.000000, 4.161444, 0.000000;;,
      20;3; 0.000000, 2.671731, 0.000000;;,
      21;3; 0.000000, 1.334512, 0.000000;;,
      22;3; 0.000000, 0.370396, 0.000000;;,
      23;3; 0.000000, 0.000000, 0.000000;;,
      24;3; 0.000000, 0.000000, 0.000000;;,
      25;3; 0.000000, 0.000000, 0.000000;;,
      26;3; 0.000000, 0.000000, 0.000000;;;
    }
  }
  Animation {
    {Armature_pelvis}
    AnimationKey { // Rotation
      0;
      27;
      0;4;-0.541652,-0.454547,-0.541652, 0.454547;;,
      1;4;-0.541652,-0.454547,-0.541652, 0.454547;;,
      2;4;-0.541652,-0.454547,-0.541652, 0.454547;;,
      3;4;-0.541652,-0.454547,-0.541652, 0.454547;;,
      4;4;-0.541652,-0.454547,-0.541652, 0.454547;;,
      5;4;-0.541652,-0.454547,-0.541652, 0.454547;;,
      6;4;-0.540375,-0.459944,-0.537430, 0.455649;;,
      7;4;-0.537005,-0.473750,-0.526228, 0.458553;;,
      8;4;-0.532233,-0.492329,-0.510196, 0.462644;;,
      9;4;-0.526747,-0.512205,-0.491712, 0.467336;;,
      10;4;-0.521224,-0.530267,-0.473572, 0.472092;;,
      11;4;-0.516319,-0.547408,-0.455136, 0.476036;;,
      12;4;-0.512726,-0.564048,-0.436060, 0.478345;;,
      13;4;-0.511151,-0.577092,-0.420243, 0.478629;;,
      14;4;-0.512237,-0.583868,-0.411886, 0.476509;;,
      15;4;-0.517283,-0.583366,-0.413162, 0.470531;;,
      16;4;-0.525290,-0.578217,-0.420622, 0.461316;;,
      17;4;-0.533520,-0.571303,-0.430069, 0.451675;;,
      18;4;-0.539432,-0.565690,-0.437440, 0.444583;;,
      19;4;-0.542061,-0.552725,-0.452464, 0.442653;;,
      20;4;-0.542766,-0.526293,-0.480088, 0.444899;;,
      21;4;-0.542496,-0.494229,-0.509731, 0.449011;;,
      22;4;-0.541948,-0.466444,-0.532580, 0.452859;;,
      23;4;-0.541652,-0.454547,-0.541652, 0.454547;;,
      24;4;-0.541652,-0.454547,-0.541652, 0.454547;;,
      25;4;-0.541652,-0.454547,-0.541652, 0.454547;;,
      26;4;-0.541652,-0.454547,-0.541652, 0.454547;;;
    }
    AnimationKey { // Scale
      1;
      27;
      0;3; 1.000000, 1.000000, 1.000000;;,
      1;3; 1.000000, 1.000000, 1.000000;;,
      2;3; 1.000000, 1.000000, 1.000000;;,
      3;3; 1.000000, 1.000000, 1.000000;;,
      4;3; 1.000000, 1.000000, 1.000000;;,
      5;3; 1.000000, 1.000000, 1.000000;;,
      6;3; 1.000000, 1.000000, 1.000000;;,
      7;3; 1.000000, 1.000000, 1.000000;;,
      8;3; 1.000000, 1.000000, 1.000000;;,
      9;3; 1.000000, 1.000000, 1.000000;;,
      10;3; 1.000000, 1.000000, 1.000000;;,
      11;3; 1.000000, 1.000000, 1.000000;;,
      12;3; 1.000000, 1.000000, 1.000000;;,
      13;3; 1.000000, 1.000000, 1.000000;;,
      14;3; 1.000000, 1.000000, 1.000000;;,
      15;3; 1.000000, 1.000000, 1.000000;;,
      16;3; 1.000000, 1.000000, 1.000000;;,
      17;3; 1.000000, 1.000000, 1.000000;;,
      18;3; 1.000000, 1.000000, 1.000000;;,
      19;3; 1.000000, 1.000000, 1.000000;;,
      20;3; 1.000000, 1.000000, 1.000000;;,
      21;3; 1.000000, 1.000000, 1.000000;;,
      22;3; 1.000000, 1.000000, 1.000000;;,
      23;3; 1.000000, 1.000000, 1.000000;;,
      24;3; 1.000000, 1.000000, 1.000000;;,
      25;3; 1.000000, 1.000000, 1.000000;;,
      26;3; 1.000000, 1.000000, 1.000000;;;
    }
    AnimationKey { // Position
      2;
      27;
      0;3;-0.000000,43.452366, 0.076353;;,
      1;3;-0.000000,43.452366, 0.076353;;,
      2;3;-0.000000,43.452366, 0.076353;;,
      3;3;-0.000000,43.452366, 0.076353;;,
      4;3;-0.000000,43.452366, 0.076353;;,
      5;3;-0.000000,43.452366, 0.076353;;,
      6;3; 0.133614,44.957813,-0.513067;;,
      7;3; 0.452233,48.547729,-2.004857;;,
      8;3; 0.832519,52.832451,-3.984304;;,
      9;3; 1.151138,56.422359,-6.036670;;,
      10;3; 1.284751,57.927803,-7.747257;;,
      11;3; 1.084009,56.561962,-9.283923;;,
      12;3; 0.642375,53.426739,-10.842701;;,
      13;3; 0.200742,49.965584,-12.051119;;,
      14;3; 0.000000,47.621964,-12.536697;;,
      15;3; 0.000000,46.703896,-12.518479;;,
      16;3; 0.000000,46.332623,-12.390940;;,
      17;3; 0.000000,46.171455,-12.044762;;,
      18;3; 0.000000,45.883698,-11.370626;;,
      19;3; 0.000000,45.334335,-9.620426;;,
      20;3; 0.000000,44.694305,-6.711606;;,
      21;3; 0.000000,44.085815,-3.533196;;,
      22;3; 0.000000,43.631104,-0.974199;;,
      23;3; 0.000000,43.452366, 0.076357;;,
      24;3; 0.000000,43.452366, 0.076357;;,
      25;3; 0.000000,43.452366, 0.076357;;,
      26;3; 0.000000,43.452366, 0.076357;;;
    }
  }
  Animation {
    {Armature_spine_01}
    AnimationKey { // Rotation
      0;
      27;
      0;4; 0.000000, 0.997664, 0.068319, 0.000000;;,
      1;4; 0.000000, 0.997664, 0.068319, 0.000000;;,
      2;4; 0.000000, 0.997664, 0.068319, 0.000000;;,
      3;4; 0.000000, 0.997664, 0.068319, 0.000000;;,
      4;4; 0.000000, 0.997664, 0.068319, 0.000000;;,
      5;4; 0.000517, 0.997512, 0.070463, 0.001916;;,
      6;4; 0.001860, 0.997265, 0.073540, 0.007131;;,
      7;4; 0.003626, 0.997085, 0.074753, 0.014871;;,
      8;4; 0.005396, 0.996911, 0.074474, 0.024351;;,
      9;4; 0.006832, 0.996696, 0.073089, 0.034759;;,
      10;4; 0.007738, 0.996420, 0.070997, 0.045245;;,
      11;4; 0.008093, 0.996097, 0.068613, 0.054932;;,
      12;4; 0.008034, 0.995776, 0.066368, 0.062935;;,
      13;4; 0.007811, 0.995529, 0.064700, 0.068373;;,
      14;4; 0.007690, 0.995432, 0.064048, 0.070377;;,
      15;4; 0.007375, 0.995961, 0.062071, 0.064460;;,
      16;4; 0.006118, 0.997031, 0.057412, 0.050942;;,
      17;4; 0.003944, 0.997982, 0.052060, 0.036132;;,
      18;4; 0.002426, 0.998494, 0.048230, 0.026050;;,
      19;4; 0.002098, 0.998753, 0.045471, 0.020483;;,
      20;4; 0.001722, 0.999009, 0.041713, 0.015445;;,
      21;4; 0.001311, 0.999258, 0.036877, 0.011002;;,
      22;4; 0.000897, 0.999497, 0.030883, 0.007220;;,
      23;4; 0.000524, 0.999711, 0.023651, 0.004164;;,
      24;4; 0.000236, 0.999857, 0.016799, 0.001897;;,
      25;4; 0.000059, 0.999924, 0.012328, 0.000486;;,
      26;4; 0.000000, 0.999942, 0.010728, 0.000000;;;
    }
    AnimationKey { // Scale
      1;
      27;
      0;3; 1.000002, 1.000000, 1.000000;;,
      1;3; 1.000002, 1.000000, 1.000000;;,
      2;3; 1.000002, 1.000000, 1.000000;;,
      3;3; 1.000002, 1.000000, 1.000000;;,
      4;3; 1.000002, 1.000000, 1.000000;;,
      5;3; 1.000002, 1.000000, 1.000000;;,
      6;3; 1.000002, 1.000000, 1.000000;;,
      7;3; 1.000002, 1.000000, 1.000000;;,
      8;3; 1.000001, 1.000000, 1.000000;;,
      9;3; 1.000002, 1.000000, 1.000000;;,
      10;3; 1.000002, 1.000000, 1.000000;;,
      11;3; 1.000002, 1.000000, 1.000000;;,
      12;3; 1.000001, 1.000000, 1.000000;;,
      13;3; 1.000002, 1.000000, 1.000000;;,
      14;3; 1.000002, 1.000000, 1.000000;;,
      15;3; 1.000002, 1.000000, 1.000000;;,
      16;3; 1.000002, 1.000000, 1.000000;;,
      17;3; 1.000002, 1.000000, 1.000000;;,
      18;3; 1.000002, 1.000000, 1.000000;;,
      19;3; 1.000002, 1.000000, 1.000000;;,
      20;3; 1.000002, 1.000000, 1.000000;;,
      21;3; 1.000002, 1.000000, 1.000000;;,
      22;3; 1.000002, 1.000000, 1.000000;;,
      23;3; 1.000002, 1.000000, 1.000000;;,
      24;3; 1.000002, 1.000000, 1.000000;;,
      25;3; 1.000002, 1.000000, 1.000000;;,
      26;3; 1.000001, 1.000000, 1.000000;;;
    }
    AnimationKey { // Position
      2;
      27;
      0;3;14.028800, 0.619726,-0.000001;;,
      1;3;14.028800, 0.619726,-0.000001;;,
      2;3;14.028800, 0.619726,-0.000001;;,
      3;3;14.028800, 0.619726,-0.000001;;,
      4;3;14.028800, 0.619726,-0.000001;;,
      5;3;14.028800, 0.619726,-0.000001;;,
      6;3;14.028807, 0.619732,-0.000000;;,
      7;3;14.028810, 0.619728,-0.000000;;,
      8;3;14.028805, 0.619735, 0.000000;;,
      9;3;14.028799, 0.619732, 0.000000;;,
      10;3;14.028804, 0.619732,-0.000002;;,
      11;3;14.028797, 0.619731,-0.000003;;,
      12;3;14.028806, 0.619730, 0.000000;;,
      13;3;14.028797, 0.619729,-0.000000;;,
      14;3;14.028805, 0.619731,-0.000002;;,
      15;3;14.028800, 0.619731, 0.000000;;,
      16;3;14.028808, 0.619730,-0.000001;;,
      17;3;14.028809, 0.619729,-0.000001;;,
      18;3;14.028805, 0.619728, 0.000000;;,
      19;3;14.028800, 0.619729,-0.000001;;,
      20;3;14.028803, 0.619729,-0.000001;;,
      21;3;14.028805, 0.619729,-0.000001;;,
      22;3;14.028804, 0.619730,-0.000001;;,
      23;3;14.028807, 0.619729,-0.000001;;,
      24;3;14.028807, 0.619729,-0.000001;;,
      25;3;14.028807, 0.619729,-0.000001;;,
      26;3;14.028807, 0.619729,-0.000001;;;
    }
  }
  Animation {
    {Armature_spine_02}
    AnimationKey { // Rotation
      0;
      27;
      0;4;-0.686678, 0.000000,-0.000000,-0.726961;;,
      1;4;-0.686678, 0.000000,-0.000000,-0.726961;;,
      2;4;-0.686678, 0.000000,-0.000000,-0.726961;;,
      3;4;-0.686678, 0.000000,-0.000000,-0.726961;;,
      4;4;-0.695035, 0.001036, 0.003478,-0.718967;;,
      5;4;-0.710300, 0.003799, 0.011818,-0.703790;;,
      6;4;-0.718365, 0.007355, 0.022004,-0.695279;;,
      7;4;-0.710347, 0.010948, 0.034032,-0.702943;;,
      8;4;-0.689316, 0.014139, 0.048820,-0.722676;;,
      9;4;-0.659677, 0.015993, 0.064848,-0.748575;;,
      10;4;-0.626290, 0.016142, 0.080407,-0.775264;;,
      11;4;-0.594713, 0.014931, 0.093684,-0.798321;;,
      12;4;-0.571091, 0.013320, 0.102893,-0.814304;;,
      13;4;-0.561817, 0.012539, 0.106332,-0.820304;;,
      14;4;-0.565378, 0.015742, 0.104160,-0.818077;;,
      15;4;-0.574424, 0.023369, 0.098430,-0.812283;;,
      16;4;-0.586505, 0.032433, 0.090345,-0.804238;;,
      17;4;-0.599273, 0.040043, 0.081307,-0.795398;;,
      18;4;-0.610512, 0.043491, 0.072983,-0.787437;;,
      19;4;-0.621383, 0.042209, 0.064056,-0.779743;;,
      20;4;-0.633778, 0.037830, 0.052832,-0.770781;;,
      21;4;-0.646663, 0.031168, 0.040533,-0.761061;;,
      22;4;-0.659049, 0.023156, 0.028314,-0.751210;;,
      23;4;-0.670030, 0.014847, 0.017229,-0.741986;;,
