xof 0303txt 0032

Frame Root {
  FrameTransformMatrix {
     1.000000, 0.000000, 0.000000, 0.000000,
     0.000000,-0.000000,-1.000000, 0.000000,
     0.000000, 1.000000,-0.000000, 0.000000,
     0.000000, 0.000000, 0.000000, 1.000000;;
  }
  Frame Armature {
    FrameTransformMatrix {
       0.010000, 0.000000, 0.000000, 0.000000,
       0.000000, 0.010000, 0.000000, 0.000000,
       0.000000, 0.000000, 0.010000, 0.000000,
       0.000000, 0.000000, 0.000000, 1.000000;;
    }
    Frame Armature_root {
      FrameTransformMatrix {
         1.000000, 0.000000, 0.000000, 0.000000,
         0.000000, 0.000000, 1.000000, 0.000000,
         0.000000,-1.000000, 0.000000, 0.000000,
         0.000000, 0.000000, 0.000000, 1.000000;;
      }
      Frame Armature_pelvis {
        FrameTransformMatrix {
          -0.000000, 0.984825, 0.173548, 0.000000,
           0.000000, 0.173548,-0.984825, 0.000000,
          -1.000000,-0.000000, 0.000000, 0.000000,
           0.000000,43.452366, 0.076357, 1.000000;;
        }
        Frame Armature_spine_01 {
          FrameTransformMatrix {
             0.999771, 0.021456, 0.000000, 0.000000,
             0.021455,-0.999770,-0.000000, 0.000000,
             0.000000, 0.000000,-1.000000, 0.000000,
            14.028807, 0.619729,-0.000001, 1.000000;;
          }
          Frame Armature_FrontBelly {
            FrameTransformMatrix {
              -0.000000,-0.000000, 1.000000, 0.000000,
               0.044573, 0.999006, 0.000000, 0.000000,
              -0.999006, 0.044573,-0.000000, 0.000000,
              -0.478725,29.661932,-0.000000, 1.000000;;
            }
          } // End of Armature_FrontBelly
          Frame Armature_spine_02 {
            FrameTransformMatrix {
              -0.056945,-0.998377, 0.000000, 0.000000,
               0.998377,-0.056946, 0.000000, 0.000000,
              -0.000000, 0.000000, 1.000000, 0.000000,
              15.357300, 0.000012, 0.000002, 1.000000;;
            }
            Frame Armature_spine_03 {
              FrameTransformMatrix {
                 0.984061,-0.177833,-0.000000, 0.000000,
                 0.177833, 0.984060,-0.000000, 0.000000,
                 0.000000, 0.000000, 1.000000, 0.000000,
                -0.000000,14.891389,-0.000000, 1.000000;;
              }
              Frame Armature_clavicle_l {
                FrameTransformMatrix {
                   0.949237, 0.256066, 0.182698, 0.000000,
                  -0.164414,-0.091268, 0.982160, 0.000000,
                   0.268172,-0.962341,-0.044535, 0.000000,
                   3.006552, 6.351186,20.842356, 1.000000;;
                }
                Frame Armature_upperarm_l {
                  FrameTransformMatrix {
                     0.854163, 0.087527, 0.512586, 0.000000,
                    -0.396066, 0.748240, 0.532229, 0.000000,
                    -0.336953,-0.657629, 0.673786, 0.000000,
                    -0.000001,15.415948, 0.000003, 1.000000;;
                  }
                  Frame Armature_lowerarm_l {
                    FrameTransformMatrix {
                       0.594469, 0.804118, 0.000000, 0.000000,
                      -0.804118, 0.594469, 0.000000, 0.000000,
                       0.000000,-0.000000, 1.000000, 0.000000,
                       0.000001,35.891960, 0.000005, 1.000000;;
                    }
                    Frame Armature_hand_l {
                      FrameTransformMatrix {
                         0.330318,-0.240127, 0.912814, 0.000000,
                         0.017053, 0.968458, 0.248594, 0.000000,
                        -0.943716,-0.066549, 0.323994, 0.000000,
                         0.000006,40.930389,-0.000005, 1.000000;;
                      }
                      Frame Armature_LowerJaw_l {
                        FrameTransformMatrix {
                           0.003665, 0.003570,-0.999987, 0.000000,
                           0.002668, 0.999990, 0.003579, 0.000000,
                           0.999990,-0.002681, 0.003656, 0.000000,
                          14.700439,27.837107, 0.056990, 1.000000;;
                        }
                      } // End of Armature_LowerJaw_l
                      Frame Armature_drill_l {
                        FrameTransformMatrix {
                           0.003665, 0.003570,-0.999987, 0.000000,
                           0.002668, 0.999990, 0.003579, 0.000000,
                           0.999990,-0.002681, 0.003656, 0.000000,
                          -0.944942,11.008296,-0.060421, 1.000000;;
                        }
                      } // End of Armature_drill_l
                      Frame Armature_saw_l {
                        FrameTransformMatrix {
                           0.003665, 0.003570,-0.999987, 0.000000,
                           0.002668, 0.999990, 0.003579, 0.000000,
                           0.999990,-0.002681, 0.003656, 0.000000,
                          -0.224302,13.957772,-0.047284, 1.000000;;
                        }
                      } // End of Armature_saw_l
                      Frame Armature_upperJaw_l {
                        FrameTransformMatrix {
                           0.003665, 0.003570,-0.999987, 0.000000,
                           0.002668, 0.999990, 0.003579, 0.000000,
                           0.999990,-0.002681, 0.003656, 0.000000,
                          -13.323109,24.131826,-0.058939, 1.000000;;
                        }
                      } // End of Armature_upperJaw_l
                    } // End of Armature_hand_l
                  } // End of Armature_lowerarm_l
                } // End of Armature_upperarm_l
              } // End of Armature_clavicle_l
              Frame Armature_clavicle_r {
                FrameTransformMatrix {
                  -0.949238,-0.256066, 0.182697, 0.000000,
                  -0.164413,-0.091268,-0.982160, 0.000000,
                   0.268172,-0.962341, 0.044535, 0.000000,
                   3.006559, 6.351164,-20.842400, 1.000000;;
                }
                Frame Armature_upperarm_r {
                  FrameTransformMatrix {
                     0.954516,-0.026231,-0.297004, 0.000000,
                     0.141064, 0.917314, 0.372337, 0.000000,
                     0.262679,-0.397298, 0.879292, 0.000000,
                     0.000004,15.415919,-0.000011, 1.000000;;
                  }
                  Frame Armature_lowerarm_r {
                    FrameTransformMatrix {
                       0.283166,-0.959071, 0.000000, 0.000000,
                       0.959071, 0.283166,-0.000000, 0.000000,
                       0.000000, 0.000000, 1.000000, 0.000000,
                       0.000000,35.891918,-0.000001, 1.000000;;
                    }
                    Frame Armature_hand_r {
                      FrameTransformMatrix {
                        -0.136400, 0.079600,-0.987451, 0.000000,
                        -0.144776, 0.984463, 0.099358, 0.000000,
                         0.980018, 0.156512,-0.122757, 0.000000,
                        -0.000005,40.930729, 0.000006, 1.000000;;
                      }
                      Frame Armature_LowerJaw_r {
                        FrameTransformMatrix {
                           0.003665,-0.003570, 0.999987, 0.000000,
                          -0.002667, 0.999990, 0.003580, 0.000000,
                          -0.999990,-0.002680, 0.003655, 0.000000,
                          -14.700427,27.836861, 0.056982, 1.000000;;
                        }
                      } // End of Armature_LowerJaw_r
                      Frame Armature_drill_r {
                        FrameTransformMatrix {
                           0.003665,-0.003570, 0.999987, 0.000000,
                          -0.002667, 0.999990, 0.003579, 0.000000,
                          -0.999990,-0.002680, 0.003655, 0.000000,
                           0.944890,11.007845,-0.060423, 1.000000;;
                        }
                      } // End of Armature_drill_r
                      Frame Armature_saw_r {
                        FrameTransformMatrix {
                           0.003665,-0.003570, 0.999987, 0.000000,
                          -0.002667, 0.999990, 0.003580, 0.000000,
                          -0.999990,-0.002680, 0.003656, 0.000000,
                           0.224214,13.957904,-0.047287, 1.000000;;
                        }
                      } // End of Armature_saw_r
                      Frame Armature_upperJaw_r {
                        FrameTransformMatrix {
                           0.003665,-0.003570, 0.999987, 0.000000,
                          -0.002667, 0.999990, 0.003580, 0.000000,
                          -0.999990,-0.002680, 0.003656, 0.000000,
                          13.323231,24.130985,-0.058937, 1.000000;;
                        }
                      } // End of Armature_upperJaw_r
                    } // End of Armature_hand_r
                  } // End of Armature_lowerarm_r
                } // End of Armature_upperarm_r
              } // End of Armature_clavicle_r
              Frame Armature_neck_01 {
                FrameTransformMatrix {
                   0.934318, 0.356441, 0.000000, 0.000000,
                  -0.356441, 0.934318, 0.000000, 0.000000,
                  -0.000000,-0.000000, 1.000000, 0.000000,
                  -0.000002,20.905088,-0.000000, 1.000000;;
                }
                Frame Armature_head {
                  FrameTransformMatrix {
                     0.991000,-0.133865,-0.000000, 0.000000,
                     0.133865, 0.990999,-0.000000, 0.000000,
                     0.000000, 0.000000, 1.000000, 0.000000,
                    -0.000001,30.618134, 0.000000, 1.000000;;
                  }
                  Frame Armature_Jaw {
                    FrameTransformMatrix {
                       1.000000, 0.000000, 0.000000, 0.000000,
                      -0.000000,-0.000000, 1.000000, 0.000000,
                       0.000000,-1.000000, 0.000000, 0.000000,
                       2.083532,-16.025854,-0.000000, 1.000000;;
                    }
                  } // End of Armature_Jaw
                  Frame Armature_face {
                    FrameTransformMatrix {
                      -0.172927, 0.984935,-0.000000, 0.000000,
                      -0.984935,-0.172927, 0.000000, 0.000000,
                       0.000000, 0.000000, 1.000000, 0.000000,
                      -11.381894,-11.468966, 0.000000, 1.000000;;
                    }
                    Frame Armature_mouth {
                      FrameTransformMatrix {
                        -0.172927,-0.984935, 0.000000, 0.000000,
                        -0.000000, 0.000000, 1.000000, 0.000000,
                        -0.984935, 0.172927,-0.000000, 0.000000,
                        -0.609460,10.399986,-0.000000, 1.000000;;
                      }
                    } // End of Armature_mouth
                  } // End of Armature_face
                  Frame Armature_hat_01 {
                    FrameTransformMatrix {
                       0.999920,-0.012625,-0.000000, 0.000000,
                       0.012625, 0.999920,-0.000000, 0.000000,
                       0.000000, 0.000000, 1.000000, 0.000000,
                       0.498001,18.918243,-0.000000, 1.000000;;
                    }
                    Frame Armature_hat_02 {
                      FrameTransformMatrix {
                         0.999920, 0.012625, 0.000000, 0.000000,
                        -0.000000,-0.000000, 1.000000, 0.000000,
                         0.012625,-0.999920,-0.000000, 0.000000,
                        -0.860989,68.190155, 0.000000, 1.000000;;
                      }
                    } // End of Armature_hat_02
                  } // End of Armature_hat_01
                  Frame Armature_hornA_01_l {
                    FrameTransformMatrix {
                       0.999912, 0.012123, 0.005449, 0.000000,
                      -0.013291, 0.912013, 0.409946, 0.000000,
                      -0.000000,-0.409982, 0.912094, 0.000000,
                       0.498001,12.041780, 8.191206, 1.000000;;
                    }
                    Frame Armature_hornA_02_l {
                      FrameTransformMatrix {
                         1.000000, 0.000000,-0.000000, 0.000000,
                        -0.000000, 0.409981, 0.912094, 0.000000,
                         0.000000,-0.912094, 0.409982, 0.000000,
                         0.000007,67.569504,-0.000009, 1.000000;;
                      }
                    } // End of Armature_hornA_02_l
                  } // End of Armature_hornA_01_l
                  Frame Armature_hornA_01_r {
                    FrameTransformMatrix {
                      -0.999912,-0.012123, 0.005449, 0.000000,
                      -0.013291, 0.912013,-0.409946, 0.000000,
                       0.000000,-0.409982,-0.912094, 0.000000,
                       0.498003,12.041656,-8.191210, 1.000000;;
                    }
                    Frame Armature_hornA_02_r {
                      FrameTransformMatrix {
                         1.000000,-0.000000,-0.000000, 0.000000,
                         0.000000, 0.409982, 0.912094, 0.000000,
                        -0.000000,-0.912094, 0.409982, 0.000000,
                         0.000004,67.569183, 0.000103, 1.000000;;
                      }
                    } // End of Armature_hornA_02_r
                  } // End of Armature_hornA_01_r
                  Frame Armature_hornB_01_l {
                    FrameTransformMatrix {
                       0.995309, 0.096750, 0.000000, 0.000000,
                      -0.064149, 0.659924, 0.748589, 0.000000,
                       0.072426,-0.745077, 0.663035, 0.000000,
                       0.498001, 1.614544,20.797297, 1.000000;;
                    }
                    Frame Armature_hornB_02_l {
                      FrameTransformMatrix {
                         1.000000,-0.000000,-0.000000, 0.000000,
                        -0.000000, 0.622114,-0.782926, 0.000000,
                         0.000000, 0.782926, 0.622114, 0.000000,
                         0.000004,21.829403,-0.000014, 1.000000;;
                      }
                      Frame Armature_hornB_03_l {
                        FrameTransformMatrix {
                           1.000000,-0.000000,-0.000000, 0.000000,
                           0.000000,-0.053400, 0.998573, 0.000000,
                          -0.000000,-0.998573,-0.053400, 0.000000,
                          -0.000000,29.144489, 0.000001, 1.000000;;
                        }
                      } // End of Armature_hornB_03_l
                    } // End of Armature_hornB_02_l
                  } // End of Armature_hornB_01_l
                  Frame Armature_hornB_01_r {
                    FrameTransformMatrix {
                      -0.995309,-0.096750, 0.000000, 0.000000,
                      -0.064149, 0.659924,-0.748589, 0.000000,
                       0.072426,-0.745077,-0.663035, 0.000000,
                       0.498001, 1.614654,-20.797298, 1.000000;;
                    }
                    Frame Armature_hornB_02_r {
                      FrameTransformMatrix {
                         1.000000,-0.000000, 0.000000, 0.000000,
                         0.000000, 0.622114,-0.782926, 0.000000,
                        -0.000000, 0.782927, 0.622114, 0.000000,
                        -0.000026,21.829515,-0.000195, 1.000000;;
                      }
                      Frame Armature_hornB_03_r {
                        FrameTransformMatrix {
                           1.000000, 0.000000, 0.000000, 0.000000,
                          -0.000000,-0.053400, 0.998573, 0.000000,
                           0.000000,-0.998573,-0.053400, 0.000000,
                           0.000046,29.144072,-0.000016, 1.000000;;
                        }
                      } // End of Armature_hornB_03_r
                    } // End of Armature_hornB_02_r
                  } // End of Armature_hornB_01_r
                  Frame Armature_hornC_01_l {
                    FrameTransformMatrix {
                       1.000000, 0.000000,-0.000000, 0.000000,
                      -0.000000, 0.550659, 0.834730, 0.000000,
                       0.000000,-0.834730, 0.550659, 0.000000,
                       0.497999,-6.945137,23.598650, 1.000000;;
                    }
                    Frame Armature_hornC_02_l {
                      FrameTransformMatrix {
                         1.000000,-0.000000, 0.000000, 0.000000,
                        -0.000000, 0.834730, 0.550659, 0.000000,
                        -0.000000,-0.550659, 0.834730, 0.000000,
                         0.000001,35.610889, 0.000004, 1.000000;;
                      }
                    } // End of Armature_hornC_02_l
                  } // End of Armature_hornC_01_l
                  Frame Armature_hornC_01_r {
                    FrameTransformMatrix {
                      -1.000000, 0.000000, 0.000000, 0.000000,
                       0.000000, 0.550659,-0.834730, 0.000000,
                      -0.000000,-0.834730,-0.550659, 0.000000,
                       0.498004,-6.945324,-23.598600, 1.000000;;
                    }
                    Frame Armature_hornC_02_r {
                      FrameTransformMatrix {
                         1.000000, 0.000000, 0.000000, 0.000000,
                        -0.000000, 0.834730, 0.550659, 0.000000,
                        -0.000000,-0.550659, 0.834730, 0.000000,
                         0.000002,35.611187,-0.000403, 1.000000;;
                      }
                    } // End of Armature_hornC_02_r
                  } // End of Armature_hornC_01_r
                } // End of Armature_head
              } // End of Armature_neck_01
            } // End of Armature_spine_03
          } // End of Armature_spine_02
        } // End of Armature_spine_01
        Frame Armature_tail_01 {
          FrameTransformMatrix {
             0.673576, 0.739118,-0.000000, 0.000000,
            -0.739118, 0.673576, 0.000000, 0.000000,
             0.000000, 0.000000, 1.000000, 0.000000,
             6.170578,24.843485,-0.000000, 1.000000;;
          }
          Frame Armature_tail_02 {
            FrameTransformMatrix {
               0.928497,-0.371339, 0.000000, 0.000000,
               0.371339, 0.928497, 0.000000, 0.000000,
              -0.000000, 0.000000, 1.000000, 0.000000,
              -0.000002,28.033710,-0.000000, 1.000000;;
            }
            Frame Armature_tail_03 {
              FrameTransformMatrix {
                 0.924825,-0.380392, 0.000000, 0.000000,
                 0.380392, 0.924825,-0.000000, 0.000000,
                -0.000000, 0.000000, 1.000000, 0.000000,
                 0.000002,30.899012, 0.000000, 1.000000;;
              }
              Frame Armature_tail_04 {
                FrameTransformMatrix {
                   0.946668,-0.322211, 0.000000, 0.000000,
                   0.322211, 0.946668, 0.000000, 0.000000,
                  -0.000000, 0.000000, 1.000000, 0.000000,
                   1.136209,30.677706,-0.000000, 1.000000;;
                }
              } // End of Armature_tail_04
            } // End of Armature_tail_03
          } // End of Armature_tail_02
        } // End of Armature_tail_01
        Frame Armature_thigh_l {
          FrameTransformMatrix {
            -0.381517, 0.915127, 0.130336, 0.000000,
            -0.912181,-0.349914,-0.213276, 0.000000,
            -0.149568,-0.200258, 0.968259, 0.000000,
            -2.265742,-0.180676,-17.085043, 1.000000;;
          }
          Frame Armature_calf_l {
            FrameTransformMatrix {
               0.856721,-0.507601,-0.091492, 0.000000,
               0.502647, 0.861440,-0.072572, 0.000000,
               0.115652, 0.016186, 0.993158, 0.000000,
              -1.092361,25.370684, 0.163616, 1.000000;;
            }
            Frame Armature_foot_l {
              FrameTransformMatrix {
                 0.316299,-0.933321,-0.169905, 0.000000,
                -0.948053,-0.304583,-0.091787, 0.000000,
                 0.033916, 0.190111,-0.981177, 0.000000,
                 1.794422,15.340361,-0.114339, 1.000000;;
              }
              Frame Armature_ball_l {
                FrameTransformMatrix {
                   0.000000, 1.000000,-0.000000, 0.000000,
                  -0.998608,-0.000000,-0.052741, 0.000000,
                  -0.052741, 0.000000, 0.998608, 0.000000,
                  -1.865967, 8.321958,-0.107338, 1.000000;;
                }
              } // End of Armature_ball_l
            } // End of Armature_foot_l
          } // End of Armature_calf_l
        } // End of Armature_thigh_l
        Frame Armature_thigh_r {
          FrameTransformMatrix {
             0.374143,-0.913533, 0.159610, 0.000000,
            -0.908621,-0.326674, 0.260176, 0.000000,
            -0.185539,-0.242368,-0.952278, 0.000000,
            -2.265774,-0.180682,17.085001, 1.000000;;
          }
          Frame Armature_calf_r {
            FrameTransformMatrix {
               0.886297, 0.453313, 0.094791, 0.000000,
              -0.448964, 0.891235,-0.064283, 0.000000,
              -0.113622, 0.014416, 0.993419, 0.000000,
               1.092372,25.370676, 0.163544, 1.000000;;
            }
            Frame Armature_foot_r {
              FrameTransformMatrix {
                 0.267203, 0.940552, 0.209677, 0.000000,
                 0.963630,-0.261822,-0.053548, 0.000000,
                 0.004533, 0.216359,-0.976303, 0.000000,
                -1.794426,15.340333,-0.114325, 1.000000;;
              }
              Frame Armature_ball_r {
                FrameTransformMatrix {
                  -0.000000,-1.000000,-0.000000, 0.000000,
                   0.998608, 0.000000,-0.052741, 0.000000,
                   0.052741,-0.000000, 0.998608, 0.000000,
                   1.865965, 8.321961,-0.107363, 1.000000;;
                }
              } // End of Armature_ball_r
            } // End of Armature_foot_r
          } // End of Armature_calf_r
        } // End of Armature_thigh_r
      } // End of Armature_pelvis
    } // End of Armature_root
    Frame MainBody01 {
      FrameTransformMatrix {
         1.000000,-0.000000,-0.000000, 0.000000,
        -0.000000, 1.000000, 0.000000, 0.000000,
        -0.000000, 0.000000, 1.000000, 0.000000,
         0.000000,-0.000002, 0.000008, 1.000000;;
      }
    } // End of MainBody01
  } // End of Armature
} // End of Root
AnimationSet Global {
  Animation {
    {Armature}
    AnimationKey { // Rotation
      0;
      17;
      0;4;-1.000000, 0.000000, 0.000000, 0.000000;;,
      1;4;-1.000000, 0.000000, 0.000000, 0.000000;;,
      2;4;-1.000000, 0.000000, 0.000000, 0.000000;;,
      3;4;-1.000000, 0.000000, 0.000000, 0.000000;;,
      4;4;-1.000000, 0.000000, 0.000000, 0.000000;;,
      5;4;-1.000000, 0.000000, 0.000000, 0.000000;;,
      6;4;-1.000000, 0.000000, 0.000000, 0.000000;;,
      7;4;-1.000000, 0.000000, 0.000000, 0.000000;;,
      8;4;-1.000000, 0.000000, 0.000000, 0.000000;;,
      9;4;-1.000000, 0.000000, 0.000000, 0.000000;;,
      10;4;-1.000000, 0.000000, 0.000000, 0.000000;;,
      11;4;-1.000000, 0.000000, 0.000000, 0.000000;;,
      12;4;-1.000000, 0.000000, 0.000000, 0.000000;;,
      13;4;-1.000000, 0.000000, 0.000000, 0.000000;;,
      14;4;-1.000000, 0.000000, 0.000000, 0.000000;;,
      15;4;-1.000000, 0.000000, 0.000000, 0.000000;;,
      16;4;-1.000000, 0.000000, 0.000000, 0.000000;;;
    }
    AnimationKey { // Scale
      1;
      17;
      0;3; 0.010000, 0.010000, 0.010000;;,
      1;3; 0.010000, 0.010000, 0.010000;;,
      2;3; 0.010000, 0.010000, 0.010000;;,
      3;3; 0.010000, 0.010000, 0.010000;;,
      4;3; 0.010000, 0.010000, 0.010000;;,
      5;3; 0.010000, 0.010000, 0.010000;;,
      6;3; 0.010000, 0.010000, 0.010000;;,
      7;3; 0.010000, 0.010000, 0.010000;;,
      8;3; 0.010000, 0.010000, 0.010000;;,
      9;3; 0.010000, 0.010000, 0.010000;;,
      10;3; 0.010000, 0.010000, 0.010000;;,
      11;3; 0.010000, 0.010000, 0.010000;;,
      12;3; 0.010000, 0.010000, 0.010000;;,
      13;3; 0.010000, 0.010000, 0.010000;;,
      14;3; 0.010000, 0.010000, 0.010000;;,
      15;3; 0.010000, 0.010000, 0.010000;;,
      16;3; 0.010000, 0.010000, 0.010000;;;
    }
    AnimationKey { // Position
      2;
      17;
      0;3; 0.000000, 0.000000, 0.000000;;,
      1;3; 0.000000, 0.000000, 0.000000;;,
      2;3; 0.000000, 0.000000, 0.000000;;,
      3;3; 0.000000, 0.000000, 0.000000;;,
      4;3; 0.000000, 0.000000, 0.000000;;,
      5;3; 0.000000, 0.000000, 0.000000;;,
      6;3; 0.000000, 0.000000, 0.000000;;,
      7;3; 0.000000, 0.000000, 0.000000;;,
      8;3; 0.000000, 0.000000, 0.000000;;,
      9;3; 0.000000, 0.000000, 0.000000;;,
      10;3; 0.000000, 0.000000, 0.000000;;,
      11;3; 0.000000, 0.000000, 0.000000;;,
      12;3; 0.000000, 0.000000, 0.000000;;,
      13;3; 0.000000, 0.000000, 0.000000;;,
      14;3; 0.000000, 0.000000, 0.000000;;,
      15;3; 0.000000, 0.000000, 0.000000;;,
      16;3; 0.000000, 0.000000, 0.000000;;;
    }
  }
  Animation {
    {Armature_root}
    AnimationKey { // Rotation
      0;
      17;
      0;4;-0.707107, 0.707107, 0.000000, 0.000000;;,
      1;4;-0.706459, 0.707013,-0.011536, 0.030251;;,
      2;4;-0.706906, 0.705413, 0.048910, 0.016845;;,
      3;4;-0.707093, 0.706785,-0.021320, 0.004410;;,
      4;4;-0.706523, 0.705883,-0.041582,-0.028732;;,
      5;4;-0.705104, 0.705104,-0.053183,-0.053183;;,
      6;4;-0.704272, 0.704272,-0.063250,-0.063250;;,
      7;4;-0.703571, 0.703571,-0.070621,-0.070621;;,
      8;4;-0.703102, 0.703102,-0.075151,-0.075151;;,
      9;4;-0.702935, 0.702935,-0.076695,-0.076695;;,
      10;4;-0.703384, 0.703384,-0.072462,-0.072462;;,
      11;4;-0.704424, 0.704424,-0.061533,-0.061533;;,
      12;4;-0.705572, 0.705572,-0.046567,-0.046567;;,
      13;4;-0.706460, 0.706460,-0.030236,-0.030236;;,
      14;4;-0.706943, 0.706943,-0.015234,-0.015234;;,
      15;4;-0.707094, 0.707094,-0.004257,-0.004257;;,
      16;4;-0.707107, 0.707107, 0.000000, 0.000000;;;
    }
    AnimationKey { // Scale
      1;
      17;
      0;3; 1.000000, 1.000000, 1.000000;;,
      1;3; 1.000000, 1.000000, 1.000000;;,
      2;3; 1.000000, 1.000000, 1.000000;;,
      3;3; 1.000000, 1.000000, 1.000000;;,
      4;3; 1.000000, 1.000000, 1.000000;;,
      5;3; 1.000000, 1.000000, 1.000000;;,
      6;3; 1.000000, 1.000000, 1.000000;;,
      7;3; 1.000000, 1.000000, 1.000000;;,
      8;3; 1.000000, 1.000000, 1.000000;;,
      9;3; 1.000000, 1.000000, 1.000000;;,
      10;3; 1.000000, 1.000000, 1.000000;;,
      11;3; 1.000000, 1.000000, 1.000000;;,
      12;3; 1.000000, 1.000000, 1.000000;;,
      13;3; 1.000000, 1.000000, 1.000000;;,
      14;3; 1.000000, 1.000000, 1.000000;;,
      15;3; 1.000000, 1.000000, 1.000000;;,
      16;3; 1.000000, 1.000000, 1.000000;;;
    }
    AnimationKey { // Position
      2;
      17;
      0;3; 0.000000, 0.000000, 0.000000;;,
      1;3; 0.000000,-1.226539, 0.000000;;,
      2;3; 0.000000,-4.574748, 0.000000;;,
      3;3; 0.000000,-0.878875, 0.000000;;,
      4;3; 0.000000, 2.215804, 0.000000;;,
      5;3; 0.000000, 4.737865, 0.000000;;,
      6;3; 0.000000, 6.715889, 0.000000;;,
      7;3; 0.000000, 8.061126, 0.000000;;,
      8;3; 0.000000, 8.790458, 0.000000;;,
      9;3; 0.000000, 9.090906, 0.000000;;,
      10;3; 0.000000, 9.149495, 0.000000;;,
      11;3; 0.000000, 8.959686, 0.000000;;,
      12;3; 0.000000, 8.338784, 0.000000;;,
      13;3; 0.000000, 7.209577, 0.000000;;,
      14;3; 0.000000, 5.494853, 0.000000;;,
      15;3; 0.000000, 3.117399, 0.000000;;,
      16;3; 0.000000, 0.000000, 0.000000;;;
    }
  }
  Animation {
    {Armature_pelvis}
    AnimationKey { // Rotation
      0;
      17;
      0;4;-0.541652,-0.454547,-0.541652, 0.454547;;,
      1;4;-0.593510,-0.353120,-0.614730, 0.380997;;,
      2;4;-0.652988,-0.271306,-0.652988, 0.271307;;,
      3;4;-0.635696,-0.361711,-0.610060, 0.304765;;,
      4;4;-0.583240,-0.495754,-0.512558, 0.389028;;,
      5;4;-0.539432,-0.565690,-0.437440, 0.444583;;,
      6;4;-0.525841,-0.578462,-0.420390, 0.460593;;,
      7;4;-0.518328,-0.584447,-0.411922, 0.469125;;,
      8;4;-0.514634,-0.585675,-0.409882, 0.473426;;,
      9;4;-0.512237,-0.583868,-0.411886, 0.476509;;,
      10;4;-0.511908,-0.575554,-0.422229, 0.477924;;,
      11;4;-0.515321,-0.558015,-0.443291, 0.475979;;,
      12;4;-0.521171,-0.534061,-0.469727, 0.471716;;,
      13;4;-0.528101,-0.507107,-0.496588, 0.466210;;,
      14;4;-0.534734,-0.481453,-0.519687, 0.460639;;,
      15;4;-0.539700,-0.462145,-0.535667, 0.456296;;,
      16;4;-0.541652,-0.454547,-0.541652, 0.454547;;;
    }
    AnimationKey { // Scale
      1;
      17;
      0;3; 1.000000, 1.000000, 1.000000;;,
      1;3; 1.000000, 1.000000, 1.000000;;,
      2;3; 1.000000, 1.000000, 1.000000;;,
      3;3; 1.000000, 1.000000, 1.000000;;,
      4;3; 1.000000, 1.000000, 1.000000;;,
      5;3; 1.000000, 1.000000, 1.000000;;,
      6;3; 1.000000, 1.000000, 1.000000;;,
      7;3; 1.000000, 1.000000, 1.000000;;,
      8;3; 1.000000, 1.000000, 1.000000;;,
      9;3; 1.000000, 1.000000, 1.000000;;,
      10;3; 1.000000, 1.000000, 1.000000;;,
      11;3; 1.000000, 1.000000, 1.000000;;,
      12;3; 1.000000, 1.000000, 1.000000;;,
      13;3; 1.000000, 1.000000, 1.000000;;,
      14;3; 1.000000, 1.000000, 1.000000;;,
      15;3; 1.000000, 1.000000, 1.000000;;,
      16;3; 1.000000, 1.000000, 1.000000;;;
    }
    AnimationKey { // Position
      2;
      17;
      0;3; 0.000000,43.452366, 0.076357;;,
      1;3; 0.000001,35.043003, 1.434727;;,
      2;3; 0.000001,35.337284, 4.133893;;,
      3;3; 0.000000,41.280323,-3.593174;;,
      4;3; 0.000000,44.319267,-8.913106;;,
      5;3; 0.000000,45.883698,-11.370626;;,
      6;3; 0.000000,46.888630,-12.044763;;,
      7;3; 0.000000,47.404678,-12.390941;;,
      8;3; 0.000000,47.594803,-12.518477;;,
      9;3; 0.000000,47.621964,-12.536698;;,
      10;3; 0.000000,47.390995,-11.838015;;,
      11;3; 0.000000,46.795341,-10.036149;;,
      12;3; 0.000000,45.980869,-7.572377;;,
      13;3; 0.000000,45.093460,-4.887966;;,
      14;3; 0.000000,44.278992,-2.424191;;,
      15;3; 0.000000,43.683334,-0.622327;;,
      16;3; 0.000000,43.452366, 0.076357;;;
    }
  }
  Animation {
    {Armature_spine_01}
    AnimationKey { // Rotation
      0;
      17;
      0;4; 0.000000, 0.999942, 0.010728, 0.000000;;,
      1;4; 0.000000, 0.999372, 0.035424, 0.000000;;,
      2;4; 0.057837, 0.980367, 0.166485,-0.088419;;,
      3;4; 0.050827, 0.987017, 0.140730,-0.058387;;,
      4;4; 0.024347, 0.996247, 0.082805,-0.006501;;,
      5;4; 0.002426, 0.998494, 0.048230, 0.026050;;,
      6;4; 0.002233, 0.997950, 0.047477, 0.042849;;,
      7;4; 0.003996, 0.996945, 0.053316, 0.056936;;,
      8;4; 0.006406, 0.995914, 0.060526, 0.066716;;,
      9;4; 0.007690, 0.995432, 0.064048, 0.070377;;,
      10;4; 0.008056, 0.995884, 0.061166, 0.066395;;,
      11;4; 0.008567, 0.996942, 0.053692, 0.056131;;,
      12;4; 0.008257, 0.998135, 0.043377, 0.042157;;,
      13;4; 0.006604, 0.999098, 0.032021, 0.027094;;,
      14;4; 0.003896, 0.999670, 0.021499, 0.013498;;,
      15;4; 0.001204, 0.999898, 0.013746, 0.003736;;,
      16;4; 0.000000, 0.999942, 0.010728, 0.000000;;;
    }
    AnimationKey { // Scale
      1;
      17;
      0;3; 1.000001, 1.000000, 1.000000;;,
      1;3; 1.000002, 1.000000, 1.000000;;,
      2;3; 1.000001, 1.000000, 1.000000;;,
      3;3; 1.000002, 1.000000, 1.000000;;,
      4;3; 1.000002, 1.000000, 1.000000;;,
      5;3; 1.000002, 1.000000, 1.000000;;,
      6;3; 1.000002, 1.000000, 1.000000;;,
      7;3; 1.000002, 1.000000, 1.000000;;,
      8;3; 1.000002, 1.000000, 1.000000;;,
      9;3; 1.000002, 1.000000, 1.000000;;,
      10;3; 1.000002, 1.000000, 1.000000;;,
      11;3; 1.000002, 1.000000, 1.000000;;,
      12;3; 1.000002, 1.000000, 1.000000;;,
      13;3; 1.000002, 1.000000, 1.000000;;,
      14;3; 1.000002, 1.000000, 1.000000;;,
      15;3; 1.000002, 1.000000, 1.000000;;,
      16;3; 1.000001, 1.000000, 1.000000;;;
    }
    AnimationKey { // Position
      2;
      17;
      0;3;14.028807, 0.619729,-0.000001;;,
      1;3;14.028808, 0.619729,-0.000000;;,
      2;3;14.028805, 0.619727,-0.000001;;,
      3;3;14.028800, 0.619727,-0.000001;;,
      4;3;14.028806, 0.619730,-0.000000;;,
      5;3;14.028804, 0.619729,-0.000000;;,
      6;3;14.028810, 0.619729,-0.000003;;,
      7;3;14.028807, 0.619731, 0.000000;;,
      8;3;14.028805, 0.619729,-0.000001;;,
      9;3;14.028805, 0.619729,-0.000000;;,
      10;3;14.028805, 0.619732, 0.000000;;,
      11;3;14.028811, 0.619726,-0.000001;;,
      12;3;14.028809, 0.619730,-0.000001;;,
      13;3;14.028806, 0.619729,-0.000000;;,
      14;3;14.028805, 0.619728,-0.000001;;,
      15;3;14.028801, 0.619729,-0.000001;;,
      16;3;14.028807, 0.619729,-0.000001;;;
    }
  }
  Animation {
    {Armature_spine_02}
    AnimationKey { // Rotation
      0;
      17;
      0;4;-0.686678, 0.000000,-0.000000,-0.726961;;,
      1;4;-0.758048,-0.077718,-0.075244,-0.643165;;,
      2;4;-0.720803, 0.053858, 0.065706,-0.687913;;,
      3;4;-0.681268, 0.050106, 0.068610,-0.727088;;,
      4;4;-0.640703, 0.046299, 0.071235,-0.763074;;,
      5;4;-0.610512, 0.043491, 0.072983,-0.787437;;,
      6;4;-0.592046, 0.039159, 0.077298,-0.801232;;,
      7;4;-0.578258, 0.031434, 0.085762,-0.810725;;,
      8;4;-0.568862, 0.022688, 0.095319,-0.816576;;,
      9;4;-0.563510, 0.015509, 0.103107,-0.819503;;,
      10;4;-0.561817, 0.012539, 0.106332,-0.820304;;,
      11;4;-0.571469, 0.012781, 0.098358,-0.814607;;,
      12;4;-0.595382, 0.012565, 0.078431,-0.799507;;,
      13;4;-0.625907, 0.010529, 0.052627,-0.778049;;,
      14;4;-0.655663, 0.006515, 0.027073,-0.754540;;,
      15;4;-0.677936, 0.002092, 0.007678,-0.735078;;,
      16;4;-0.686678, 0.000000,-0.000000,-0.726961;;;
    }
    AnimationKey { // Scale
      1;
      17;
      0;3; 1.000000, 1.000000, 1.000000;;,
      1;3; 1.000000, 1.000000, 1.000000;;,
      2;3; 1.000000, 1.000000, 1.000000;;,
      3;3; 1.000000, 1.000000, 1.000000;;,
      4;3; 1.000000, 1.000000, 1.000000;;,
      5;3; 1.000000, 1.000000, 1.000000;;,
      6;3; 1.000000, 1.000000, 1.000000;;,
      7;3; 1.000000, 1.000000, 1.000000;;,
      8;3; 1.000000, 1.000000, 1.000000;;,
      9;3; 1.000000, 1.000000, 1.000000;;,
      10;3; 1.000000, 1.000000, 1.000000;;,
      11;3; 1.000000, 1.000000, 1.000000;;,
      12;3; 1.000000, 1.000000, 1.000000;;,
      13;3; 1.000000, 1.000000, 1.000000;;,
      14;3; 1.000000, 1.000000, 1.000000;;,
      15;3; 1.000000, 1.000000, 1.000000;;,
      16;3; 1.000000, 1.000000, 1.000000;;;
    }
    AnimationKey { // Position
      2;
      17;
      0;3;15.357300, 0.000012, 0.000002;;,
      1;3;15.357306, 0.000010, 0.000002;;,
      2;3;15.357302, 0.000015, 0.000000;;,
      3;3;15.357304, 0.000012, 0.000002;;,
      4;3;15.357297, 0.000011, 0.000003;;,
      5;3;15.357304, 0.000011, 0.000003;;,
      6;3;15.357307, 0.000011, 0.000002;;,
      7;3;15.357302, 0.000010, 0.000002;;,
      8;3;15.357299, 0.000010, 0.000003;;,
      9;3;15.357313, 0.000015, 0.000002;;,
      10;3;15.357303, 0.000009, 0.000002;;,
      11;3;15.357298, 0.000009, 0.000002;;,
      12;3;15.357304, 0.000011, 0.000002;;,
      13;3;15.357301, 0.000010, 0.000002;;,
      14;3;15.357312, 0.000011, 0.000002;;,
      15;3;15.357300, 0.000011, 0.000002;;,
      16;3;15.357300, 0.000012, 0.000002;;;
    }
  }
  Animation {
    {Armature_spine_03}
    AnimationKey { // Rotation
      0;
      17;
      0;4;-0.996007,-0.000000, 0.000000,-0.089273;;,
      1;4;-0.998904,-0.029571,-0.024321,-0.026922;;,
      2;4;-0.995759,-0.071449,-0.047283, 0.033523;;,
      3;4;-0.994407,-0.088004,-0.051845, 0.026885;;,
      4;4;-0.993378,-0.099775,-0.055673, 0.012071;;,
      5;4;-0.992541,-0.106531,-0.058889,-0.006790;;,
      6;4;-0.991917,-0.108096,-0.061302,-0.025648;;,
      7;4;-0.991118,-0.106728,-0.063653,-0.047351;;,
      8;4;-0.989504,-0.104994,-0.066475,-0.073745;;,
      9;4;-0.987264,-0.103238,-0.069170,-0.099331;;,
      10;4;-0.985129,-0.101864,-0.071179,-0.118648;;,
      11;4;-0.984179,-0.101309,-0.071967,-0.126287;;,
      12;4;-0.986249,-0.091045,-0.064245,-0.122053;;,
      13;4;-0.990391,-0.066295,-0.046028,-0.112299;;,
      14;4;-0.993885,-0.036285,-0.024695,-0.101323;;,
      15;4;-0.995608,-0.010783,-0.007214,-0.092715;;,
      16;4;-0.996007,-0.000000, 0.000000,-0.089273;;;
    }
    AnimationKey { // Scale
      1;
      17;
      0;3; 1.000000, 1.000000, 1.000000;;,
      1;3; 1.000000, 1.000000, 1.000000;;,
      2;3; 1.000000, 1.000000, 1.000000;;,
      3;3; 1.000000, 1.000000, 1.000000;;,
      4;3; 1.000000, 1.000000, 1.000000;;,
      5;3; 1.000000, 1.000000, 1.000000;;,
      6;3; 1.000000, 1.000000, 1.000000;;,
      7;3; 1.000000, 1.000000, 1.000000;;,
      8;3; 1.000000, 1.000000, 1.000000;;,
      9;3; 1.000000, 1.000000, 1.000000;;,
      10;3; 1.000000, 1.000000, 1.000000;;,
      11;3; 1.000000, 1.000000, 1.000000;;,
      12;3; 1.000000, 1.000000, 1.000000;;,
      13;3; 1.000000, 1.000000, 1.000000;;,
      14;3; 1.000000, 1.000000, 1.000000;;,
      15;3; 1.000000, 1.000000, 1.000000;;,
      16;3; 1.000000, 1.000000, 1.000000;;;
    }
    AnimationKey { // Position
      2;
      17;
      0;3;-0.000000,14.891389,-0.000000;;,
      1;3;-0.000005,14.891381,-0.000000;;,
      2;3; 0.000005,14.891390,-0.000000;;,
      3;3;-0.000002,14.891388, 0.000000;;,
      4;3;-0.000001,14.891380, 0.000001;;,
      5;3;-0.000004,14.891378,-0.000002;;,
      6;3;-0.000003,14.891381,-0.000001;;,
      7;3;-0.000001,14.891381, 0.000000;;,
      8;3;-0.000011,14.891397,-0.000001;;,
      9;3; 0.000004,14.891380, 0.000000;;,
      10;3;-0.000006,14.891391,-0.000000;;,
      11;3; 0.000004,14.891369,-0.000000;;,
      12;3; 0.000004,14.891383,-0.000000;;,
      13;3;-0.000000,14.891397, 0.000000;;,
      14;3;-0.000000,14.891383,-0.000000;;,
      15;3;-0.000001,14.891370,-0.000000;;,
      16;3;-0.000000,14.891389,-0.000000;;;
    }
  }
  Animation {
    {Armature_neck_01}
    AnimationKey { // Rotation
      0;
      17;
      0;4;-0.983442, 0.000000,-0.000000, 0.181221;;,
      1;4;-0.965845,-0.000000,-0.000000, 0.259120;;,
      2;4;-0.942088, 0.000000,-0.000000, 0.335365;;,
      3;4;-0.967302, 0.028839,-0.013641, 0.251614;;,
      4;4;-0.991959, 0.090435,-0.025423, 0.084812;;,
      5;4;-0.990272, 0.134034,-0.022258,-0.030006;;,
      6;4;-0.986901, 0.146369,-0.020570,-0.064646;;,
      7;4;-0.984649, 0.152707,-0.019355,-0.082298;;,
      8;4;-0.983731, 0.155041,-0.018848,-0.088776;;,
      9;4;-0.983596, 0.155375,-0.018773,-0.089700;;,
      10;4;-0.986113, 0.146578,-0.020083,-0.075455;;,
      11;4;-0.991322, 0.123825,-0.022169,-0.038158;;,
      12;4;-0.995347, 0.092752,-0.022020, 0.013988;;,
      13;4;-0.995478, 0.059309,-0.017949, 0.071998;;,
      14;4;-0.991538, 0.029349,-0.010696, 0.126005;;,
      15;4;-0.986125, 0.008075,-0.003320, 0.165773;;,
      16;4;-0.983442, 0.000000,-0.000000, 0.181221;;;
    }
    AnimationKey { // Scale
      1;
      17;
      0;3; 1.000000, 1.000000, 1.000000;;,
      1;3; 1.000000, 1.000000, 1.000000;;,
      2;3; 1.000000, 1.000000, 1.000000;;,
      3;3; 1.000000, 1.000000, 1.000000;;,
      4;3; 1.000000, 1.000000, 1.000000;;,
      5;3; 1.000000, 1.000000, 1.000000;;,
      6;3; 1.000000, 1.000000, 1.000000;;,
      7;3; 1.000000, 1.000000, 1.000000;;,
      8;3; 1.000000, 1.000000, 1.000000;;,
      9;3; 1.000000, 1.000000, 1.000000;;,
      10;3; 1.000000, 1.000000, 1.000000;;,
      11;3; 1.000000, 1.000000, 1.000000;;,
      12;3; 1.000000, 1.000000, 1.000000;;,
      13;3; 1.000000, 1.000000, 1.000000;;,
      14;3; 1.000000, 1.000000, 1.000000;;,
      15;3; 1.000000, 1.000000, 1.000000;;,
      16;3; 1.000000, 1.000000, 1.000000;;;
    }
    AnimationKey { // Position
      2;
      17;
      0;3;-0.000002,20.905088,-0.000000;;,
