xof 0303txt 0032

Frame Root {
  FrameTransformMatrix {
     1.000000, 0.000000, 0.000000, 0.000000,
     0.000000,-0.000000,-1.000000, 0.000000,
     0.000000, 1.000000,-0.000000, 0.000000,
     0.000000, 0.000000, 0.000000, 1.000000;;
  }
  Frame Armature {
    FrameTransformMatrix {
       0.010000, 0.000000, 0.000000, 0.000000,
       0.000000, 0.010000, 0.000000, 0.000000,
       0.000000, 0.000000, 0.010000, 0.000000,
       0.000000, 0.000000, 0.000000, 1.000000;;
    }
    Frame Armature_root {
      FrameTransformMatrix {
         1.000000, 0.000000, 0.000000, 0.000000,
         0.000000, 0.000000, 1.000000, 0.000000,
         0.000000,-1.000000, 0.000000, 0.000000,
         0.000000, 0.000000, 0.000000, 1.000000;;
      }
      Frame Armature_pelvis {
        FrameTransformMatrix {
          -0.001722, 0.969013, 0.247004, 0.000000,
          -0.000439, 0.247003,-0.969014, 0.000000,
          -0.999998,-0.001777, 0.000000, 0.000000,
          -4.000000,43.211246, 0.076357, 1.000000;;
        }
        Frame Armature_spine_01 {
          FrameTransformMatrix {
             0.973938, 0.202262, 0.102659, 0.000000,
             0.203796,-0.979003,-0.004580, 0.000000,
             0.099577, 0.025382,-0.994706, 0.000000,
            14.028805, 0.619729,-0.000001, 1.000000;;
          }
          Frame Armature_FrontBelly {
            FrameTransformMatrix {
              -0.000000,-0.000000, 1.000000, 0.000000,
               0.044573, 0.999006, 0.000000, 0.000000,
              -0.999006, 0.044573,-0.000000, 0.000000,
              -0.345150,27.911875,-0.932905, 1.000000;;
            }
          } // End of Armature_FrontBelly
          Frame Armature_spine_02 {
            FrameTransformMatrix {
              -0.152205,-0.988304, 0.009449, 0.000000,
               0.984506,-0.152449,-0.086642, 0.000000,
               0.087069,-0.003885, 0.996195, 0.000000,
              15.357307, 0.000011, 0.000002, 1.000000;;
            }
            Frame Armature_spine_03 {
              FrameTransformMatrix {
                 0.986611,-0.161404, 0.023396, 0.000000,
                 0.162817, 0.983077,-0.083957, 0.000000,
                -0.009449, 0.086642, 0.996195, 0.000000,
                 0.000000,14.891387, 0.000000, 1.000000;;
              }
              Frame Armature_clavicle_l {
                FrameTransformMatrix {
                   0.949238, 0.256066, 0.182698, 0.000000,
                  -0.164414,-0.091268, 0.982160, 0.000000,
                   0.268172,-0.962341,-0.044535, 0.000000,
                   3.006552, 6.351176,20.842356, 1.000000;;
                }
                Frame Armature_upperarm_l {
                  FrameTransformMatrix {
                     0.967211,-0.253889,-0.006624, 0.000000,
                     0.127068, 0.461166, 0.878168, 0.000000,
                    -0.219903,-0.850215, 0.478306, 0.000000,
                    -0.000001,15.415956, 0.000004, 1.000000;;
                  }
                  Frame Armature_lowerarm_l {
                    FrameTransformMatrix {
                       0.470000, 0.882666, 0.000000, 0.000000,
                      -0.882666, 0.470000, 0.000000, 0.000000,
                       0.000000,-0.000000, 1.000000, 0.000000,
                       0.000000,35.891956, 0.000004, 1.000000;;
                    }
                    Frame Armature_hand_l {
                      FrameTransformMatrix {
                         0.401824,-0.128022, 0.906724, 0.000000,
                        -0.216162, 0.948935, 0.229776, 0.000000,
                        -0.889838,-0.288329, 0.353631, 0.000000,
                         0.000004,40.930397, 0.000000, 1.000000;;
                      }
                      Frame Armature_LowerJaw_l {
                        FrameTransformMatrix {
                           0.003665, 0.003570,-0.999987, 0.000000,
                           0.002668, 0.999990, 0.003579, 0.000000,
                           0.999990,-0.002681, 0.003656, 0.000000,
                          14.700430,27.837107, 0.056989, 1.000000;;
                        }
                      } // End of Armature_LowerJaw_l
                      Frame Armature_drill_l {
                        FrameTransformMatrix {
                           0.003665, 0.003570,-0.999987, 0.000000,
                           0.002667, 0.999990, 0.003580, 0.000000,
                           0.999990,-0.002681, 0.003656, 0.000000,
                          -0.944947,11.008295,-0.060423, 1.000000;;
                        }
                      } // End of Armature_drill_l
                      Frame Armature_saw_l {
                        FrameTransformMatrix {
                           0.003665, 0.003570,-0.999987, 0.000000,
                           0.002667, 0.999990, 0.003580, 0.000000,
                           0.999990,-0.002681, 0.003656, 0.000000,
                          -0.224310,13.957771,-0.047290, 1.000000;;
                        }
                      } // End of Armature_saw_l
                      Frame Armature_upperJaw_l {
                        FrameTransformMatrix {
                           0.003665, 0.003570,-0.999987, 0.000000,
                           0.002668, 0.999990, 0.003579, 0.000000,
                           0.999990,-0.002681, 0.003656, 0.000000,
                          -13.323120,24.131819,-0.058938, 1.000000;;
                        }
                      } // End of Armature_upperJaw_l
                    } // End of Armature_hand_l
                  } // End of Armature_lowerarm_l
                } // End of Armature_upperarm_l
              } // End of Armature_clavicle_l
              Frame Armature_clavicle_r {
                FrameTransformMatrix {
                  -0.949238,-0.256066, 0.182697, 0.000000,
                  -0.164413,-0.091268,-0.982160, 0.000000,
                   0.268172,-0.962341, 0.044535, 0.000000,
                   3.006558, 6.351157,-20.842403, 1.000000;;
                }
                Frame Armature_upperarm_r {
                  FrameTransformMatrix {
                     0.985561, 0.138034, 0.098064, 0.000000,
                    -0.161948, 0.937508, 0.307981, 0.000000,
                    -0.049424,-0.319415, 0.946325, 0.000000,
                     0.000005,15.415920,-0.000008, 1.000000;;
                  }
                  Frame Armature_lowerarm_r {
                    FrameTransformMatrix {
                       0.097834,-0.995203, 0.000000, 0.000000,
                       0.995203, 0.097834,-0.000000, 0.000000,
                       0.000000, 0.000000, 1.000000, 0.000000,
                       0.000000,35.891922,-0.000011, 1.000000;;
                    }
                    Frame Armature_hand_r {
                      FrameTransformMatrix {
                         0.081193, 0.044151,-0.995720, 0.000000,
                        -0.299536, 0.953918, 0.017872, 0.000000,
                         0.950624, 0.296803, 0.090677, 0.000000,
                         0.000001,40.930729,-0.000003, 1.000000;;
                      }
                      Frame Armature_LowerJaw_r {
                        FrameTransformMatrix {
                           0.003665,-0.003570, 0.999987, 0.000000,
                          -0.002667, 0.999990, 0.003580, 0.000000,
                          -0.999990,-0.002680, 0.003656, 0.000000,
                          -14.700426,27.836872, 0.056981, 1.000000;;
                        }
                      } // End of Armature_LowerJaw_r
                      Frame Armature_drill_r {
                        FrameTransformMatrix {
                           0.003665,-0.003570, 0.999987, 0.000000,
                          -0.002667, 0.999990, 0.003580, 0.000000,
                          -0.999990,-0.002680, 0.003656, 0.000000,
                           0.944890,11.007851,-0.060431, 1.000000;;
                        }
                      } // End of Armature_drill_r
                      Frame Armature_saw_r {
                        FrameTransformMatrix {
                           0.003665,-0.003570, 0.999987, 0.000000,
                          -0.002667, 0.999990, 0.003579, 0.000000,
                          -0.999990,-0.002680, 0.003656, 0.000000,
                           0.224221,13.957913,-0.047291, 1.000000;;
                        }
                      } // End of Armature_saw_r
                      Frame Armature_upperJaw_r {
                        FrameTransformMatrix {
                           0.003665,-0.003570, 0.999987, 0.000000,
                          -0.002667, 0.999990, 0.003579, 0.000000,
                          -0.999990,-0.002680, 0.003656, 0.000000,
                          13.323225,24.130987,-0.058943, 1.000000;;
                        }
                      } // End of Armature_upperJaw_r
                    } // End of Armature_hand_r
                  } // End of Armature_lowerarm_r
                } // End of Armature_upperarm_r
              } // End of Armature_clavicle_r
              Frame Armature_neck_01 {
                FrameTransformMatrix {
                   0.919652, 0.391531, 0.030729, 0.000000,
                  -0.387871, 0.893200, 0.227485, 0.000000,
                   0.061621,-0.221126, 0.973297, 0.000000,
                  -0.000002,20.905083,-0.000003, 1.000000;;
                }
                Frame Armature_head {
                  FrameTransformMatrix {
                     0.990999,-0.133865,-0.000000, 0.000000,
                     0.133865, 0.990999,-0.000000, 0.000000,
                     0.000000, 0.000000, 1.000000, 0.000000,
                    -0.000001,30.618114,-0.000000, 1.000000;;
                  }
                  Frame Armature_Jaw {
                    FrameTransformMatrix {
                       1.000000, 0.000000, 0.000000, 0.000000,
                      -0.000000,-0.000000, 1.000000, 0.000000,
                       0.000000,-1.000000, 0.000000, 0.000000,
                       2.083532,-16.025875,-0.000000, 1.000000;;
                    }
                  } // End of Armature_Jaw
                  Frame Armature_face {
                    FrameTransformMatrix {
                      -0.172927, 0.984935,-0.000000, 0.000000,
                      -0.984935,-0.172927, 0.000000, 0.000000,
                       0.000000, 0.000000, 1.000000, 0.000000,
                      -11.381894,-11.468987, 0.000000, 1.000000;;
                    }
                    Frame Armature_mouth {
                      FrameTransformMatrix {
                        -0.172927,-0.984935, 0.000000, 0.000000,
                        -0.000000, 0.000000, 1.000000, 0.000000,
                        -0.984935, 0.172927,-0.000000, 0.000000,
                        -0.609461,10.399983, 0.000000, 1.000000;;
                      }
                    } // End of Armature_mouth
                  } // End of Armature_face
                  Frame Armature_hat_01 {
                    FrameTransformMatrix {
                       0.999920,-0.012625,-0.000000, 0.000000,
                       0.012625, 0.999920, 0.000000, 0.000000,
                       0.000000,-0.000000, 1.000000, 0.000000,
                       0.498001,18.918228, 0.000000, 1.000000;;
                    }
                    Frame Armature_hat_02 {
                      FrameTransformMatrix {
                         0.999920, 0.012625, 0.000000, 0.000000,
                        -0.000000,-0.000000, 1.000000, 0.000000,
                         0.012625,-0.999920,-0.000000, 0.000000,
                        -0.860988,68.190155,-0.000003, 1.000000;;
                      }
                    } // End of Armature_hat_02
                  } // End of Armature_hat_01
                  Frame Armature_hornA_01_l {
                    FrameTransformMatrix {
                       0.999912, 0.012123, 0.005449, 0.000000,
                      -0.013291, 0.912013, 0.409946, 0.000000,
                      -0.000000,-0.409982, 0.912094, 0.000000,
                       0.498000,12.041776, 8.191208, 1.000000;;
                    }
                    Frame Armature_hornA_02_l {
                      FrameTransformMatrix {
                         1.000000, 0.000000,-0.000000, 0.000000,
                        -0.000000, 0.409981, 0.912094, 0.000000,
                         0.000000,-0.912094, 0.409981, 0.000000,
                        -0.000000,67.569489, 0.000009, 1.000000;;
                      }
                    } // End of Armature_hornA_02_l
                  } // End of Armature_hornA_01_l
                  Frame Armature_hornA_01_r {
                    FrameTransformMatrix {
                      -0.999912,-0.012123, 0.005449, 0.000000,
                      -0.013291, 0.912013,-0.409946, 0.000000,
                       0.000000,-0.409982,-0.912094, 0.000000,
                       0.498001,12.041632,-8.191211, 1.000000;;
                    }
                    Frame Armature_hornA_02_r {
                      FrameTransformMatrix {
                         1.000000,-0.000000,-0.000000, 0.000000,
                         0.000000, 0.409982, 0.912094, 0.000000,
                        -0.000000,-0.912094, 0.409982, 0.000000,
                         0.000005,67.569199, 0.000095, 1.000000;;
                      }
                    } // End of Armature_hornA_02_r
                  } // End of Armature_hornA_01_r
                  Frame Armature_hornB_01_l {
                    FrameTransformMatrix {
                       0.995309, 0.096750, 0.000000, 0.000000,
                      -0.064149, 0.659924, 0.748589, 0.000000,
                       0.072426,-0.745077, 0.663035, 0.000000,
                       0.497999, 1.614518,20.797297, 1.000000;;
                    }
                    Frame Armature_hornB_02_l {
                      FrameTransformMatrix {
                         1.000000,-0.000000,-0.000000, 0.000000,
                        -0.000000, 0.622114,-0.782926, 0.000000,
                         0.000000, 0.782927, 0.622114, 0.000000,
                         0.000002,21.829382,-0.000012, 1.000000;;
                      }
                      Frame Armature_hornB_03_l {
                        FrameTransformMatrix {
                           1.000000,-0.000000,-0.000000, 0.000000,
                           0.000000,-0.053400, 0.998573, 0.000000,
                          -0.000000,-0.998573,-0.053400, 0.000000,
                          -0.000003,29.144510,-0.000004, 1.000000;;
                        }
                      } // End of Armature_hornB_03_l
                    } // End of Armature_hornB_02_l
                  } // End of Armature_hornB_01_l
                  Frame Armature_hornB_01_r {
                    FrameTransformMatrix {
                      -0.995309,-0.096750, 0.000000, 0.000000,
                      -0.064149, 0.659924,-0.748589, 0.000000,
                       0.072426,-0.745077,-0.663035, 0.000000,
                       0.498001, 1.614642,-20.797304, 1.000000;;
                    }
                    Frame Armature_hornB_02_r {
                      FrameTransformMatrix {
                         1.000000,-0.000000, 0.000000, 0.000000,
                         0.000000, 0.622114,-0.782927, 0.000000,
                        -0.000000, 0.782926, 0.622114, 0.000000,
                        -0.000031,21.829527,-0.000201, 1.000000;;
                      }
                      Frame Armature_hornB_03_r {
                        FrameTransformMatrix {
                           1.000000, 0.000000, 0.000000, 0.000000,
                          -0.000000,-0.053400, 0.998573, 0.000000,
                           0.000000,-0.998573,-0.053400, 0.000000,
                           0.000045,29.144047,-0.000011, 1.000000;;
                        }
                      } // End of Armature_hornB_03_r
                    } // End of Armature_hornB_02_r
                  } // End of Armature_hornB_01_r
                  Frame Armature_hornC_01_l {
                    FrameTransformMatrix {
                       1.000000, 0.000000,-0.000000, 0.000000,
                      -0.000000, 0.550659, 0.834730, 0.000000,
                       0.000000,-0.834730, 0.550659, 0.000000,
                       0.497999,-6.945163,23.598652, 1.000000;;
                    }
                    Frame Armature_hornC_02_l {
                      FrameTransformMatrix {
                         1.000000,-0.000000, 0.000000, 0.000000,
                        -0.000000, 0.834730, 0.550659, 0.000000,
                        -0.000000,-0.550659, 0.834730, 0.000000,
                        -0.000000,35.610886,-0.000006, 1.000000;;
                      }
                    } // End of Armature_hornC_02_l
                  } // End of Armature_hornC_01_l
                  Frame Armature_hornC_01_r {
                    FrameTransformMatrix {
                      -1.000000, 0.000000, 0.000000, 0.000000,
                       0.000000, 0.550659,-0.834730, 0.000000,
                      -0.000000,-0.834730,-0.550659, 0.000000,
                       0.498001,-6.945340,-23.598600, 1.000000;;
                    }
                    Frame Armature_hornC_02_r {
                      FrameTransformMatrix {
                         1.000000, 0.000000, 0.000000, 0.000000,
                        -0.000000, 0.834731, 0.550659, 0.000000,
                        -0.000000,-0.550659, 0.834730, 0.000000,
                         0.000000,35.611187,-0.000404, 1.000000;;
                      }
                    } // End of Armature_hornC_02_r
                  } // End of Armature_hornC_01_r
                } // End of Armature_head
              } // End of Armature_neck_01
            } // End of Armature_spine_03
          } // End of Armature_spine_02
        } // End of Armature_spine_01
        Frame Armature_tail_01 {
          FrameTransformMatrix {
             0.574793, 0.816664, 0.051699, 0.000000,
            -0.815642, 0.576869,-0.044147, 0.000000,
            -0.065877,-0.016792, 0.997686, 0.000000,
             3.014573,25.412481, 0.626773, 1.000000;;
          }
          Frame Armature_tail_02 {
            FrameTransformMatrix {
               0.928497,-0.371339, 0.000000, 0.000000,
               0.360840, 0.902245,-0.236110, 0.000000,
               0.087677, 0.219227, 0.971726, 0.000000,
               0.000002,28.033709,-0.000000, 1.000000;;
            }
            Frame Armature_tail_03 {
              FrameTransformMatrix {
                 0.924825,-0.380392, 0.000000, 0.000000,
                 0.369637, 0.898677,-0.236110, 0.000000,
                 0.089814, 0.218360, 0.971727, 0.000000,
                 0.000005,30.899014, 0.000001, 1.000000;;
              }
              Frame Armature_tail_04 {
                FrameTransformMatrix {
                   0.946668,-0.322211, 0.000000, 0.000000,
                   0.313101, 0.919902,-0.236110, 0.000000,
                   0.076077, 0.223517, 0.971726, 0.000000,
                   1.136207,30.677713, 0.000000, 1.000000;;
                }
              } // End of Armature_tail_04
            } // End of Armature_tail_03
          } // End of Armature_tail_02
        } // End of Armature_tail_01
        Frame Armature_thigh_l {
          FrameTransformMatrix {
            -0.422926, 0.895411, 0.139184, 0.000000,
            -0.877227,-0.366056,-0.310606, 0.000000,
            -0.227171,-0.253459, 0.940293, 0.000000,
            -2.265742,-0.180676,-17.085041, 1.000000;;
          }
          Frame Armature_calf_l {
            FrameTransformMatrix {
               0.921191,-0.376385,-0.098702, 0.000000,
               0.372863, 0.926389,-0.052687, 0.000000,
               0.111268, 0.011733, 0.993721, 0.000000,
              -1.092363,25.370682, 0.163618, 1.000000;;
            }
            Frame Armature_foot_l {
              FrameTransformMatrix {
                 0.207521,-0.941851,-0.264294, 0.000000,
                -0.978165,-0.196669,-0.067187, 0.000000,
                 0.011301, 0.272466,-0.962099, 0.000000,
                 1.794422,15.340363,-0.114336, 1.000000;;
              }
              Frame Armature_ball_l {
                FrameTransformMatrix {
                   0.000000, 1.000000,-0.000000, 0.000000,
                  -0.998608,-0.000000,-0.052741, 0.000000,
                  -0.052741, 0.000000, 0.998608, 0.000000,
                  -1.865966, 8.321958,-0.107338, 1.000000;;
                }
              } // End of Armature_ball_l
            } // End of Armature_foot_l
          } // End of Armature_calf_l
        } // End of Armature_thigh_l
        Frame Armature_thigh_r {
          FrameTransformMatrix {
             0.477747,-0.864953, 0.153668, 0.000000,
            -0.875689,-0.454901, 0.161968, 0.000000,
            -0.070191,-0.211946,-0.974757, 0.000000,
            -2.265772,-0.180682,17.085001, 1.000000;;
          }
          Frame Armature_calf_r {
            FrameTransformMatrix {
               0.803523, 0.589091, 0.085577, 0.000000,
              -0.583194, 0.807854,-0.085180, 0.000000,
              -0.119312, 0.018536, 0.992683, 0.000000,
               1.092372,25.370680, 0.163544, 1.000000;;
            }
            Frame Armature_foot_r {
              FrameTransformMatrix {
                 0.375228, 0.919993, 0.113213, 0.000000,
                 0.926445,-0.368260,-0.078014, 0.000000,
                -0.030081, 0.134159,-0.990503, 0.000000,
                -1.794426,15.340331,-0.114326, 1.000000;;
              }
              Frame Armature_ball_r {
                FrameTransformMatrix {
                  -0.000000,-1.000000,-0.000000, 0.000000,
                   0.998608, 0.000000,-0.052741, 0.000000,
                   0.052741,-0.000000, 0.998608, 0.000000,
                   1.865965, 8.321961,-0.107363, 1.000000;;
                }
              } // End of Armature_ball_r
            } // End of Armature_foot_r
          } // End of Armature_calf_r
        } // End of Armature_thigh_r
      } // End of Armature_pelvis
    } // End of Armature_root
    Frame MainBody01 {
      FrameTransformMatrix {
         1.000000, 0.000000, 0.000000, 0.000000,
         0.000000, 1.000000,-0.000000, 0.000000,
         0.000000,-0.000000, 1.000000, 0.000000,
         0.000000, 0.000002, 0.000000, 1.000000;;
      }
    } // End of MainBody01
  } // End of Armature
} // End of Root
AnimationSet Global {
  Animation {
    {Armature}
    AnimationKey { // Rotation
      0;
      33;
      0;4;-1.000000, 0.000000, 0.000000, 0.000000;;,
      1;4;-1.000000, 0.000000, 0.000000, 0.000000;;,
      2;4;-1.000000, 0.000000, 0.000000, 0.000000;;,
      3;4;-1.000000, 0.000000, 0.000000, 0.000000;;,
      4;4;-1.000000, 0.000000, 0.000000, 0.000000;;,
      5;4;-1.000000, 0.000000, 0.000000, 0.000000;;,
      6;4;-1.000000, 0.000000, 0.000000, 0.000000;;,
      7;4;-1.000000, 0.000000, 0.000000, 0.000000;;,
      8;4;-1.000000, 0.000000, 0.000000, 0.000000;;,
      9;4;-1.000000, 0.000000, 0.000000, 0.000000;;,
      10;4;-1.000000, 0.000000, 0.000000, 0.000000;;,
      11;4;-1.000000, 0.000000, 0.000000, 0.000000;;,
      12;4;-1.000000, 0.000000, 0.000000, 0.000000;;,
      13;4;-1.000000, 0.000000, 0.000000, 0.000000;;,
      14;4;-1.000000, 0.000000, 0.000000, 0.000000;;,
      15;4;-1.000000, 0.000000, 0.000000, 0.000000;;,
      16;4;-1.000000, 0.000000, 0.000000, 0.000000;;,
      17;4;-1.000000, 0.000000, 0.000000, 0.000000;;,
      18;4;-1.000000, 0.000000, 0.000000, 0.000000;;,
      19;4;-1.000000, 0.000000, 0.000000, 0.000000;;,
      20;4;-1.000000, 0.000000, 0.000000, 0.000000;;,
      21;4;-1.000000, 0.000000, 0.000000, 0.000000;;,
      22;4;-1.000000, 0.000000, 0.000000, 0.000000;;,
      23;4;-1.000000, 0.000000, 0.000000, 0.000000;;,
      24;4;-1.000000, 0.000000, 0.000000, 0.000000;;,
      25;4;-1.000000, 0.000000, 0.000000, 0.000000;;,
      26;4;-1.000000, 0.000000, 0.000000, 0.000000;;,
      27;4;-1.000000, 0.000000, 0.000000, 0.000000;;,
      28;4;-1.000000, 0.000000, 0.000000, 0.000000;;,
      29;4;-1.000000, 0.000000, 0.000000, 0.000000;;,
      30;4;-1.000000, 0.000000, 0.000000, 0.000000;;,
      31;4;-1.000000, 0.000000, 0.000000, 0.000000;;,
      32;4;-1.000000, 0.000000, 0.000000, 0.000000;;;
    }
    AnimationKey { // Scale
      1;
      33;
      0;3; 0.010000, 0.010000, 0.010000;;,
      1;3; 0.010000, 0.010000, 0.010000;;,
      2;3; 0.010000, 0.010000, 0.010000;;,
      3;3; 0.010000, 0.010000, 0.010000;;,
      4;3; 0.010000, 0.010000, 0.010000;;,
      5;3; 0.010000, 0.010000, 0.010000;;,
      6;3; 0.010000, 0.010000, 0.010000;;,
      7;3; 0.010000, 0.010000, 0.010000;;,
      8;3; 0.010000, 0.010000, 0.010000;;,
      9;3; 0.010000, 0.010000, 0.010000;;,
      10;3; 0.010000, 0.010000, 0.010000;;,
      11;3; 0.010000, 0.010000, 0.010000;;,
      12;3; 0.010000, 0.010000, 0.010000;;,
      13;3; 0.010000, 0.010000, 0.010000;;,
      14;3; 0.010000, 0.010000, 0.010000;;,
      15;3; 0.010000, 0.010000, 0.010000;;,
      16;3; 0.010000, 0.010000, 0.010000;;,
      17;3; 0.010000, 0.010000, 0.010000;;,
      18;3; 0.010000, 0.010000, 0.010000;;,
      19;3; 0.010000, 0.010000, 0.010000;;,
      20;3; 0.010000, 0.010000, 0.010000;;,
      21;3; 0.010000, 0.010000, 0.010000;;,
      22;3; 0.010000, 0.010000, 0.010000;;,
      23;3; 0.010000, 0.010000, 0.010000;;,
      24;3; 0.010000, 0.010000, 0.010000;;,
      25;3; 0.010000, 0.010000, 0.010000;;,
      26;3; 0.010000, 0.010000, 0.010000;;,
      27;3; 0.010000, 0.010000, 0.010000;;,
      28;3; 0.010000, 0.010000, 0.010000;;,
      29;3; 0.010000, 0.010000, 0.010000;;,
      30;3; 0.010000, 0.010000, 0.010000;;,
      31;3; 0.010000, 0.010000, 0.010000;;,
      32;3; 0.010000, 0.010000, 0.010000;;;
    }
    AnimationKey { // Position
      2;
      33;
      0;3; 0.000000, 0.000000, 0.000000;;,
      1;3; 0.000000, 0.000000, 0.000000;;,
      2;3; 0.000000, 0.000000, 0.000000;;,
      3;3; 0.000000, 0.000000, 0.000000;;,
      4;3; 0.000000, 0.000000, 0.000000;;,
      5;3; 0.000000, 0.000000, 0.000000;;,
      6;3; 0.000000, 0.000000, 0.000000;;,
      7;3; 0.000000, 0.000000, 0.000000;;,
      8;3; 0.000000, 0.000000, 0.000000;;,
      9;3; 0.000000, 0.000000, 0.000000;;,
      10;3; 0.000000, 0.000000, 0.000000;;,
      11;3; 0.000000, 0.000000, 0.000000;;,
      12;3; 0.000000, 0.000000, 0.000000;;,
      13;3; 0.000000, 0.000000, 0.000000;;,
      14;3; 0.000000, 0.000000, 0.000000;;,
      15;3; 0.000000, 0.000000, 0.000000;;,
      16;3; 0.000000, 0.000000, 0.000000;;,
      17;3; 0.000000, 0.000000, 0.000000;;,
      18;3; 0.000000, 0.000000, 0.000000;;,
      19;3; 0.000000, 0.000000, 0.000000;;,
      20;3; 0.000000, 0.000000, 0.000000;;,
      21;3; 0.000000, 0.000000, 0.000000;;,
      22;3; 0.000000, 0.000000, 0.000000;;,
      23;3; 0.000000, 0.000000, 0.000000;;,
      24;3; 0.000000, 0.000000, 0.000000;;,
      25;3; 0.000000, 0.000000, 0.000000;;,
      26;3; 0.000000, 0.000000, 0.000000;;,
      27;3; 0.000000, 0.000000, 0.000000;;,
      28;3; 0.000000, 0.000000, 0.000000;;,
      29;3; 0.000000, 0.000000, 0.000000;;,
      30;3; 0.000000, 0.000000, 0.000000;;,
      31;3; 0.000000, 0.000000, 0.000000;;,
      32;3; 0.000000, 0.000000, 0.000000;;;
    }
  }
  Animation {
    {Armature_root}
    AnimationKey { // Rotation
      0;
      33;
      0;4;-0.707107, 0.707107, 0.000000, 0.000000;;,
      1;4;-0.707107, 0.707107, 0.000000, 0.000000;;,
      2;4;-0.707107, 0.707107, 0.000000, 0.000000;;,
      3;4;-0.707107, 0.707107, 0.000000, 0.000000;;,
      4;4;-0.707107, 0.707107, 0.000000, 0.000000;;,
      5;4;-0.707107, 0.707107, 0.000000, 0.000000;;,
      6;4;-0.707107, 0.707107, 0.000000, 0.000000;;,
      7;4;-0.707107, 0.707107, 0.000000, 0.000000;;,
      8;4;-0.707107, 0.707107, 0.000000, 0.000000;;,
      9;4;-0.707107, 0.707107, 0.000000, 0.000000;;,
      10;4;-0.707107, 0.707107, 0.000000, 0.000000;;,
      11;4;-0.707107, 0.707107, 0.000000, 0.000000;;,
      12;4;-0.707107, 0.707107, 0.000000, 0.000000;;,
      13;4;-0.707107, 0.707107, 0.000000, 0.000000;;,
      14;4;-0.707107, 0.707107, 0.000000, 0.000000;;,
      15;4;-0.707107, 0.707107, 0.000000, 0.000000;;,
      16;4;-0.707107, 0.707107, 0.000000, 0.000000;;,
      17;4;-0.707107, 0.707107, 0.000000, 0.000000;;,
      18;4;-0.707107, 0.707107, 0.000000, 0.000000;;,
      19;4;-0.707107, 0.707107, 0.000000, 0.000000;;,
      20;4;-0.707107, 0.707107, 0.000000, 0.000000;;,
      21;4;-0.707107, 0.707107, 0.000000, 0.000000;;,
      22;4;-0.707107, 0.707107, 0.000000, 0.000000;;,
      23;4;-0.707107, 0.707107, 0.000000, 0.000000;;,
      24;4;-0.707107, 0.707107, 0.000000, 0.000000;;,
      25;4;-0.707107, 0.707107, 0.000000, 0.000000;;,
      26;4;-0.707107, 0.707107, 0.000000, 0.000000;;,
      27;4;-0.707107, 0.707107, 0.000000, 0.000000;;,
      28;4;-0.707107, 0.707107, 0.000000, 0.000000;;,
      29;4;-0.707107, 0.707107, 0.000000, 0.000000;;,
      30;4;-0.707107, 0.707107, 0.000000, 0.000000;;,
      31;4;-0.707107, 0.707107, 0.000000, 0.000000;;,
      32;4;-0.707107, 0.707107, 0.000000, 0.000000;;;
    }
    AnimationKey { // Scale
      1;
      33;
      0;3; 1.000000, 1.000000, 1.000000;;,
      1;3; 1.000000, 1.000000, 1.000000;;,
      2;3; 1.000000, 1.000000, 1.000000;;,
      3;3; 1.000000, 1.000000, 1.000000;;,
      4;3; 1.000000, 1.000000, 1.000000;;,
      5;3; 1.000000, 1.000000, 1.000000;;,
      6;3; 1.000000, 1.000000, 1.000000;;,
      7;3; 1.000000, 1.000000, 1.000000;;,
      8;3; 1.000000, 1.000000, 1.000000;;,
      9;3; 1.000000, 1.000000, 1.000000;;,
      10;3; 1.000000, 1.000000, 1.000000;;,
      11;3; 1.000000, 1.000000, 1.000000;;,
      12;3; 1.000000, 1.000000, 1.000000;;,
      13;3; 1.000000, 1.000000, 1.000000;;,
      14;3; 1.000000, 1.000000, 1.000000;;,
      15;3; 1.000000, 1.000000, 1.000000;;,
      16;3; 1.000000, 1.000000, 1.000000;;,
      17;3; 1.000000, 1.000000, 1.000000;;,
      18;3; 1.000000, 1.000000, 1.000000;;,
      19;3; 1.000000, 1.000000, 1.000000;;,
      20;3; 1.000000, 1.000000, 1.000000;;,
      21;3; 1.000000, 1.000000, 1.000000;;,
      22;3; 1.000000, 1.000000, 1.000000;;,
      23;3; 1.000000, 1.000000, 1.000000;;,
      24;3; 1.000000, 1.000000, 1.000000;;,
      25;3; 1.000000, 1.000000, 1.000000;;,
      26;3; 1.000000, 1.000000, 1.000000;;,
      27;3; 1.000000, 1.000000, 1.000000;;,
      28;3; 1.000000, 1.000000, 1.000000;;,
      29;3; 1.000000, 1.000000, 1.000000;;,
      30;3; 1.000000, 1.000000, 1.000000;;,
      31;3; 1.000000, 1.000000, 1.000000;;,
      32;3; 1.000000, 1.000000, 1.000000;;;
    }
    AnimationKey { // Position
      2;
      33;
      0;3; 0.000000, 0.000000, 0.000000;;,
      1;3; 0.000000, 0.000000, 0.000000;;,
      2;3; 0.000000, 0.000000, 0.000000;;,
      3;3; 0.000000, 0.000000, 0.000000;;,
      4;3; 0.000000, 0.000000, 0.000000;;,
      5;3; 0.000000, 0.000000, 0.000000;;,
      6;3; 0.000000, 0.000000, 0.000000;;,
      7;3; 0.000000, 0.000000, 0.000000;;,
      8;3; 0.000000, 0.000000, 0.000000;;,
      9;3; 0.000000, 0.000000, 0.000000;;,
      10;3; 0.000000, 0.000000, 0.000000;;,
      11;3; 0.000000, 0.000000, 0.000000;;,
      12;3; 0.000000, 0.000000, 0.000000;;,
      13;3; 0.000000, 0.000000, 0.000000;;,
      14;3; 0.000000, 0.000000, 0.000000;;,
      15;3; 0.000000, 0.000000, 0.000000;;,
      16;3; 0.000000, 0.000000, 0.000000;;,
      17;3; 0.000000, 0.000000, 0.000000;;,
      18;3; 0.000000, 0.000000, 0.000000;;,
      19;3; 0.000000, 0.000000, 0.000000;;,
      20;3; 0.000000, 0.000000, 0.000000;;,
      21;3; 0.000000, 0.000000, 0.000000;;,
      22;3; 0.000000, 0.000000, 0.000000;;,
      23;3; 0.000000, 0.000000, 0.000000;;,
      24;3; 0.000000, 0.000000, 0.000000;;,
      25;3; 0.000000, 0.000000, 0.000000;;,
      26;3; 0.000000, 0.000000, 0.000000;;,
      27;3; 0.000000, 0.000000, 0.000000;;,
      28;3; 0.000000, 0.000000, 0.000000;;,
      29;3; 0.000000, 0.000000, 0.000000;;,
      30;3; 0.000000, 0.000000, 0.000000;;,
      31;3; 0.000000, 0.000000, 0.000000;;,
      32;3; 0.000000, 0.000000, 0.000000;;;
    }
  }
  Animation {
    {Armature_pelvis}
    AnimationKey { // Rotation
      0;
      33;
      0;4;-0.557961,-0.433380,-0.558732, 0.434373;;,
      1;4;-0.560743,-0.429276,-0.561516, 0.431265;;,
      2;4;-0.562936,-0.424719,-0.564693, 0.428763;;,
      3;4;-0.564477,-0.419939,-0.568150, 0.426874;;,
      4;4;-0.565316,-0.415157,-0.571761, 0.425620;;,
      5;4;-0.565422,-0.410584,-0.575380, 0.425037;;,
      6;4;-0.564784,-0.406419,-0.578847, 0.425181;;,
      7;4;-0.563408,-0.402848,-0.581984, 0.426121;;,
      8;4;-0.561318,-0.400043,-0.584600, 0.427937;;,
      9;4;-0.558582,-0.398118,-0.586525, 0.430670;;,
      10;4;-0.555375,-0.397031,-0.587706, 0.434196;;,
      11;4;-0.551888,-0.396712,-0.588129, 0.438342;;,
      12;4;-0.548294,-0.397102,-0.587795, 0.442924;;,
      13;4;-0.544750,-0.398157,-0.586724, 0.447744;;,
      14;4;-0.541396,-0.399851,-0.584951, 0.452594;;,
      15;4;-0.538355,-0.402176,-0.582532, 0.457257;;,
      16;4;-0.535733,-0.405139,-0.579537, 0.461509;;,
      17;4;-0.533602,-0.408730,-0.576065, 0.465143;;,
      18;4;-0.531947,-0.412829,-0.572297, 0.468061;;,
      19;4;-0.530743,-0.417276,-0.568425, 0.470197;;,
      20;4;-0.529985,-0.421901,-0.564630, 0.471497;;,
      21;4;-0.529690,-0.426515,-0.561078, 0.471916;;,
      22;4;-0.529895,-0.430918,-0.557922, 0.471427;;,
      23;4;-0.530656,-0.434897,-0.555298, 0.470014;;,
      24;4;-0.532046,-0.438224,-0.553325, 0.467674;;,
      25;4;-0.534118,-0.440697,-0.552081, 0.464446;;,
      26;4;-0.536804,-0.442263,-0.551510, 0.460524;;,
      27;4;-0.539983,-0.442917,-0.551529, 0.456135;;,
      28;4;-0.543520,-0.442670,-0.552067, 0.451499;;,
      29;4;-0.547262,-0.441547,-0.553076, 0.446819;;,
      30;4;-0.551040,-0.439588,-0.554525, 0.442289;;,
      31;4;-0.554672,-0.436844,-0.556407, 0.438084;;,
      32;4;-0.557961,-0.433380,-0.558732, 0.434373;;;
    }
    AnimationKey { // Scale
      1;
      33;
      0;3; 1.000000, 1.000000, 1.000000;;,
      1;3; 1.000000, 1.000000, 1.000000;;,
      2;3; 1.000000, 1.000000, 1.000000;;,
      3;3; 1.000000, 1.000000, 1.000000;;,
      4;3; 1.000000, 1.000000, 1.000000;;,
      5;3; 1.000000, 1.000000, 1.000000;;,
      6;3; 1.000000, 1.000000, 1.000000;;,
      7;3; 1.000000, 1.000000, 1.000000;;,
      8;3; 1.000000, 1.000000, 1.000000;;,
      9;3; 1.000000, 1.000000, 1.000000;;,
      10;3; 1.000000, 1.000000, 1.000000;;,
      11;3; 1.000000, 1.000000, 1.000000;;,
      12;3; 1.000000, 1.000000, 1.000000;;,
      13;3; 1.000000, 1.000000, 1.000000;;,
      14;3; 1.000000, 1.000000, 1.000000;;,
      15;3; 1.000000, 1.000000, 1.000000;;,
      16;3; 1.000000, 1.000000, 1.000000;;,
      17;3; 1.000000, 1.000000, 1.000000;;,
      18;3; 1.000000, 1.000000, 1.000000;;,
      19;3; 1.000000, 1.000000, 1.000000;;,
      20;3; 1.000000, 1.000000, 1.000000;;,
      21;3; 1.000000, 1.000000, 1.000000;;,
      22;3; 1.000000, 1.000000, 1.000000;;,
      23;3; 1.000000, 1.000000, 1.000000;;,
      24;3; 1.000000, 1.000000, 1.000000;;,
      25;3; 1.000000, 1.000000, 1.000000;;,
      26;3; 1.000000, 1.000000, 1.000000;;,
      27;3; 1.000000, 1.000000, 1.000000;;,
      28;3; 1.000000, 1.000000, 1.000000;;,
      29;3; 1.000000, 1.000000, 1.000000;;,
      30;3; 1.000000, 1.000000, 1.000000;;,
      31;3; 1.000000, 1.000000, 1.000000;;,
      32;3; 1.000000, 1.000000, 1.000000;;;
    }
    AnimationKey { // Position
      2;
      33;
      0;3;-4.000000,43.211246, 0.076357;;,
      1;3;-3.910156,43.211246, 0.816203;;,
      2;3;-3.656250,43.211246, 1.535926;;,
      3;3;-3.261719,43.211246, 2.211325;;,
      4;3;-2.750000,43.211246, 2.818196;;,
      5;3;-2.144531,43.211246, 3.332337;;,
      6;3;-1.468750,43.211246, 3.729546;;,
      7;3;-0.746094,43.211246, 3.985620;;,
      8;3; 0.000000,43.211246, 4.076355;;,
      9;3; 0.746094,43.211246, 3.986512;;,
      10;3; 1.468750,43.211246, 3.732606;;,
      11;3; 2.144531,43.211246, 3.338075;;,
      12;3; 2.750000,43.211246, 2.826356;;,
      13;3; 3.261718,43.211246, 2.220887;;,
      14;3; 3.656250,43.211246, 1.545106;;,
      15;3; 3.910156,43.211246, 0.822450;;,
      16;3; 4.000000,43.211246, 0.076356;;,
      17;3; 3.910156,43.211246,-0.669737;;,
      18;3; 3.656250,43.211246,-1.392394;;,
      19;3; 3.261719,43.211246,-2.068174;;,
      20;3; 2.750000,43.211246,-2.673643;;,
      21;3; 2.144532,43.211246,-3.185361;;,
      22;3; 1.468750,43.211246,-3.579893;;,
      23;3; 0.746095,43.211246,-3.833799;;,
      24;3; 0.000001,43.211246,-3.923643;;,
      25;3;-0.746092,43.211246,-3.832906;;,
      26;3;-1.468749,43.211246,-3.576832;;,
      27;3;-2.144529,43.211246,-3.179622;;,
      28;3;-2.749999,43.211246,-2.665479;;,
      29;3;-3.261717,43.211246,-2.058608;;,
      30;3;-3.656249,43.211246,-1.383209;;,
      31;3;-3.910155,43.211246,-0.663488;;,
      32;3;-4.000000,43.211246, 0.076357;;;
    }
  }
  Animation {
    {Armature_spine_01}
    AnimationKey { // Rotation
      0;
      33;
      0;4; 0.007540, 0.993434, 0.102185, 0.050893;;,
      1;4; 0.007446, 0.993832, 0.099100, 0.049201;;,
      2;4; 0.006863, 0.994345, 0.096199, 0.044462;;,
      3;4; 0.005831, 0.994908, 0.093528, 0.037109;;,
      4;4; 0.004401, 0.995448, 0.091130, 0.027570;;,
      5;4; 0.002634, 0.995891, 0.089051, 0.016278;;,
      6;4; 0.000599, 0.996172, 0.087338, 0.003660;;,
      7;4;-0.001625, 0.996242, 0.086038,-0.009851;;,
      8;4;-0.003950, 0.996071, 0.085203,-0.023829;;,
      9;4;-0.006284, 0.995652, 0.084882,-0.037843;;,
      10;4;-0.008525, 0.994996, 0.085219,-0.051467;;,
      11;4;-0.010571, 0.994143, 0.086245,-0.064267;;,
      12;4;-0.012339, 0.993163, 0.087883,-0.075837;;,
      13;4;-0.013757, 0.992147, 0.090026,-0.085738;;,
      14;4;-0.014756, 0.991191, 0.092580,-0.093546;;,
      15;4;-0.015291, 0.990397, 0.095452,-0.098834;;,
      16;4;-0.015329, 0.989857, 0.098552,-0.101172;;,
      17;4;-0.014853, 0.989631, 0.101784,-0.100245;;,
      18;4;-0.013919, 0.989713, 0.105048,-0.096122;;,
      19;4;-0.012624, 0.990041, 0.108241,-0.089126;;,
      20;4;-0.011049, 0.990529, 0.111250,-0.079714;;,
      21;4;-0.009291, 0.991085, 0.113977,-0.068356;;,
      22;4;-0.007417, 0.991636, 0.116285,-0.055501;;,
      23;4;-0.005490, 0.992117, 0.118073,-0.041626;;,
      24;4;-0.003557, 0.992487, 0.119232,-0.027202;;,
      25;4;-0.001656, 0.992733, 0.119656,-0.012706;;,
      26;4; 0.000181, 0.992882, 0.119093, 0.001386;;,
      27;4; 0.001935, 0.992963, 0.117508, 0.014595;;,
      28;4; 0.003569, 0.992992, 0.115126, 0.026445;;,
      29;4; 0.005031, 0.993006, 0.112175, 0.036466;;,
      30;4; 0.006244, 0.993052, 0.108883, 0.044190;;,
      31;4; 0.007116, 0.993181, 0.105478, 0.049153;;,
      32;4; 0.007540, 0.993434, 0.102185, 0.050893;;;
    }
    AnimationKey { // Scale
      1;
      33;
      0;3; 1.000002, 1.000000, 1.000000;;,
      1;3; 1.000002, 1.000000, 1.000000;;,
      2;3; 1.000002, 1.000000, 1.000000;;,
      3;3; 1.000002, 1.000000, 1.000000;;,
      4;3; 1.000002, 1.000000, 1.000000;;,
      5;3; 1.000002, 1.000000, 1.000000;;,
      6;3; 1.000002, 1.000000, 1.000000;;,
      7;3; 1.000002, 1.000000, 1.000000;;,
      8;3; 1.000002, 1.000000, 1.000000;;,
      9;3; 1.000002, 1.000000, 1.000000;;,
      10;3; 1.000002, 1.000000, 1.000000;;,
      11;3; 1.000002, 1.000000, 1.000000;;,
      12;3; 1.000002, 1.000000, 1.000000;;,
      13;3; 1.000002, 1.000000, 1.000000;;,
      14;3; 1.000002, 1.000000, 1.000000;;,
      15;3; 1.000002, 1.000000, 1.000000;;,
      16;3; 1.000002, 1.000000, 1.000000;;,
      17;3; 1.000002, 1.000000, 1.000000;;,
      18;3; 1.000002, 1.000000, 1.000000;;,
      19;3; 1.000002, 1.000000, 1.000000;;,
      20;3; 1.000002, 1.000000, 1.000000;;,
